0.000000e+00 1.385183e+05 1.385939e+05
1.000000e-09 1.385183e+05 1.385939e+05
2.000000e-09 1.382490e+05 1.383837e+05
3.000000e-09 1.378880e+05 1.380685e+05
4.000000e-09 1.374563e+05 1.376721e+05
5.000000e-09 1.369705e+05 1.372134e+05
6.000000e-09 1.364440e+05 1.367073e+05
7.000000e-09 1.358873e+05 1.361657e+05
8.000000e-09 1.353086e+05 1.355980e+05
9.000000e-09 1.347146e+05 1.350116e+05
1.000000e-08 1.341103e+05 1.344124e+05
1.100000e-08 1.334999e+05 1.338051e+05
1.200000e-08 1.328865e+05 1.331932e+05
1.300000e-08 1.322726e+05 1.325795e+05
1.400000e-08 1.316601e+05 1.319663e+05
1.500000e-08 1.310504e+05 1.313553e+05
1.600000e-08 1.304448e+05 1.307476e+05
1.700000e-08 1.298441e+05 1.301445e+05
1.800000e-08 1.292488e+05 1.295465e+05
1.900000e-08 1.286596e+05 1.289542e+05
2.000000e-08 1.280766e+05 1.283681e+05
2.100000e-08 1.275001e+05 1.277883e+05
2.200000e-08 1.269303e+05 1.272152e+05
2.300000e-08 1.263673e+05 1.266488e+05
2.400000e-08 1.258110e+05 1.260892e+05
2.500000e-08 1.252616e+05 1.255363e+05
2.600000e-08 1.247188e+05 1.249902e+05
2.700000e-08 1.241828e+05 1.244508e+05
2.800000e-08 1.236533e+05 1.239180e+05
2.900000e-08 1.231304e+05 1.233919e+05
3.000000e-08 1.226139e+05 1.228722e+05
3.100000e-08 1.221037e+05 1.223588e+05
3.200000e-08 1.215998e+05 1.218518e+05
3.300000e-08 1.211020e+05 1.213509e+05
3.400000e-08 1.206102e+05 1.208561e+05
3.500000e-08 1.201242e+05 1.203672e+05
3.600000e-08 1.196441e+05 1.198842e+05
3.700000e-08 1.191697e+05 1.194069e+05
3.800000e-08 1.187008e+05 1.189352e+05
3.900000e-08 1.182374e+05 1.184691e+05
4.000000e-08 1.177793e+05 1.180084e+05
4.100000e-08 1.173266e+05 1.175530e+05
4.200000e-08 1.168790e+05 1.171028e+05
4.300000e-08 1.164365e+05 1.166577e+05
4.400000e-08 1.159989e+05 1.162177e+05
4.500000e-08 1.155662e+05 1.157826e+05
4.600000e-08 1.151384e+05 1.153523e+05
4.700000e-08 1.147152e+05 1.149268e+05
4.800000e-08 1.142967e+05 1.145059e+05
4.900000e-08 1.138827e+05 1.140897e+05
5.000000e-08 1.134731e+05 1.136779e+05
5.100000e-08 1.130679e+05 1.132705e+05
5.200000e-08 1.126671e+05 1.128675e+05
5.300000e-08 1.122704e+05 1.124688e+05
5.400000e-08 1.118779e+05 1.120742e+05
5.500000e-08 1.114895e+05 1.116837e+05
5.600000e-08 1.111051e+05 1.112973e+05
5.700000e-08 1.107246e+05 1.109149e+05
5.800000e-08 1.103480e+05 1.105363e+05
5.900000e-08 1.099753e+05 1.101617e+05
6.000000e-08 1.096062e+05 1.097907e+05
6.100000e-08 1.092408e+05 1.094235e+05
6.200000e-08 1.088791e+05 1.090600e+05
6.300000e-08 1.085209e+05 1.087000e+05
6.400000e-08 1.081662e+05 1.083436e+05
6.500000e-08 1.078150e+05 1.079906e+05
6.600000e-08 1.074671e+05 1.076410e+05
6.700000e-08 1.071226e+05 1.072948e+05
6.800000e-08 1.067813e+05 1.069520e+05
6.900000e-08 1.064433e+05 1.066123e+05
7.000000e-08 1.061085e+05 1.062759e+05
7.100000e-08 1.057768e+05 1.059426e+05
7.200000e-08 1.054482e+05 1.056125e+05
7.300000e-08 1.051226e+05 1.052854e+05
7.400000e-08 1.048000e+05 1.049613e+05
7.500000e-08 1.044803e+05 1.046401e+05
7.600000e-08 1.041635e+05 1.043219e+05
7.700000e-08 1.038496e+05 1.040066e+05
7.800000e-08 1.035385e+05 1.036941e+05
7.900000e-08 1.032302e+05 1.033843e+05
8.000000e-08 1.029246e+05 1.030774e+05
8.100000e-08 1.026216e+05 1.027731e+05
8.200000e-08 1.023214e+05 1.024715e+05
8.300000e-08 1.020237e+05 1.021725e+05
8.400000e-08 1.017286e+05 1.018761e+05
8.500000e-08 1.014360e+05 1.015823e+05
8.600000e-08 1.011460e+05 1.012910e+05
8.700000e-08 1.008584e+05 1.010022e+05
8.800000e-08 1.005732e+05 1.007158e+05
8.900000e-08 1.002904e+05 1.004318e+05
9.000000e-08 1.000100e+05 1.001502e+05
9.100000e-08 9.973192e+04 9.987097e+04
9.200000e-08 9.945613e+04 9.959403e+04
9.300000e-08 9.918260e+04 9.931937e+04
9.400000e-08 9.891131e+04 9.904696e+04
9.500000e-08 9.864222e+04 9.877676e+04
9.600000e-08 9.837530e+04 9.850876e+04
9.700000e-08 9.811053e+04 9.824292e+04
9.800000e-08 9.784787e+04 9.797920e+04
9.900000e-08 9.758730e+04 9.771759e+04
1.000000e-07 9.732879e+04 9.745805e+04
1.010000e-07 9.707232e+04 9.720055e+04
1.020000e-07 9.681785e+04 9.694508e+04
1.030000e-07 9.656535e+04 9.669160e+04
1.040000e-07 9.631482e+04 9.644009e+04
1.050000e-07 9.606621e+04 9.619052e+04
1.060000e-07 9.581951e+04 9.594286e+04
1.070000e-07 9.557469e+04 9.569710e+04
1.080000e-07 9.533173e+04 9.545321e+04
1.090000e-07 9.509060e+04 9.521116e+04
1.100000e-07 9.485128e+04 9.497094e+04
1.110000e-07 9.461374e+04 9.473251e+04
1.120000e-07 9.437797e+04 9.449586e+04
1.130000e-07 9.414395e+04 9.426096e+04
1.140000e-07 9.391165e+04 9.402780e+04
1.150000e-07 9.368105e+04 9.379635e+04
1.160000e-07 9.345212e+04 9.356658e+04
1.170000e-07 9.322486e+04 9.333849e+04
1.180000e-07 9.299923e+04 9.311204e+04
1.190000e-07 9.277522e+04 9.288723e+04
1.200000e-07 9.255281e+04 9.266402e+04
1.210000e-07 9.233198e+04 9.244240e+04
1.220000e-07 9.211270e+04 9.222234e+04
1.230000e-07 9.189496e+04 9.200383e+04
1.240000e-07 9.167874e+04 9.178685e+04
1.250000e-07 9.146401e+04 9.157138e+04
1.260000e-07 9.125075e+04 9.135738e+04
1.270000e-07 9.103894e+04 9.114485e+04
1.280000e-07 9.082855e+04 9.093374e+04
1.290000e-07 9.061955e+04 9.072405e+04
1.300000e-07 9.041191e+04 9.051573e+04
1.310000e-07 9.020558e+04 9.030874e+04
1.320000e-07 9.000053e+04 9.010306e+04
1.330000e-07 8.979670e+04 8.989862e+04
1.340000e-07 8.959401e+04 8.969535e+04
1.350000e-07 8.939237e+04 8.949319e+04
1.360000e-07 8.919168e+04 8.929202e+04
1.370000e-07 8.899177e+04 8.909172e+04
1.380000e-07 8.879245e+04 8.889211e+04
1.390000e-07 8.859347e+04 8.869296e+04
1.400000e-07 8.839448e+04 8.849398e+04
1.410000e-07 8.819501e+04 8.829475e+04
1.420000e-07 8.799446e+04 8.809474e+04
1.430000e-07 8.779199e+04 8.789322e+04
1.440000e-07 8.758650e+04 8.768924e+04
1.450000e-07 8.737649e+04 8.748149e+04
1.460000e-07 8.715995e+04 8.726822e+04
1.470000e-07 8.693416e+04 8.704705e+04
1.480000e-07 8.669548e+04 8.681482e+04
1.490000e-07 8.643895e+04 8.656721e+04
1.500000e-07 8.615789e+04 8.629842e+04
1.510000e-07 8.584328e+04 8.600058e+04
1.520000e-07 8.548290e+04 8.566309e+04
1.530000e-07 8.506025e+04 8.527157e+04
1.540000e-07 8.455295e+04 8.480660e+04
1.550000e-07 8.393077e+04 8.424186e+04
1.560000e-07 8.315271e+04 8.354174e+04
1.570000e-07 8.216327e+04 8.265799e+04
1.580000e-07 8.088725e+04 8.152526e+04
1.590000e-07 7.922270e+04 8.005497e+04
1.600000e-07 7.703145e+04 7.812708e+04
1.610000e-07 7.412615e+04 7.557880e+04
1.620000e-07 7.025271e+04 7.218943e+04
1.630000e-07 6.506652e+04 6.765962e+04
1.640000e-07 5.810015e+04 6.158334e+04
1.650000e-07 4.871958e+04 5.340987e+04
1.660000e-07 3.606492e+04 4.239225e+04
1.670000e-07 1.897022e+04 2.751757e+04
1.680000e-07 -4.145894e+03 7.412161e+03
1.690000e-07 -3.543370e+04 -1.978979e+04
1.700000e-07 -7.781072e+04 -5.662221e+04
1.710000e-07 -1.352212e+05 -1.065160e+05
1.720000e-07 -2.129874e+05 -1.741043e+05
1.730000e-07 -3.182713e+05 -2.656294e+05
1.740000e-07 -4.606748e+05 -3.894731e+05
1.750000e-07 -6.530061e+05 -5.568405e+05
1.760000e-07 -9.122410e+05 -7.826236e+05
1.770000e-07 -1.260699e+06 -1.086470e+06
1.780000e-07 -1.727455e+06 -1.494077e+06
1.790000e-07 -2.350028e+06 -2.038741e+06
1.800000e-07 -1.748788e+06 -2.049408e+06
1.810000e-07 -1.297155e+06 -1.522971e+06
1.820000e-07 -9.570313e+05 -1.127093e+06
1.830000e-07 -7.005936e+05 -8.288124e+05
1.840000e-07 -5.072363e+05 -6.039149e+05
1.850000e-07 -3.600826e+05 -4.336595e+05
1.860000e-07 -2.490048e+05 -3.045437e+05
1.870000e-07 -1.652549e+05 -2.071299e+05
1.880000e-07 -1.022506e+05 -1.337528e+05
1.890000e-07 -5.504516e+04 -7.864786e+04
1.900000e-07 -1.993492e+04 -3.749004e+04
1.910000e-07 5.832448e+03 -7.051234e+03
1.920000e-07 2.427092e+04 1.505169e+04
1.930000e-07 3.681774e+04 3.054433e+04
1.940000e-07 4.445108e+04 4.063441e+04
1.950000e-07 1.656950e+05 1.050730e+05
1.960000e-07 1.671500e+05 1.664225e+05
1.970000e-07 1.674881e+05 1.673190e+05
1.980000e-07 1.678170e+05 1.676525e+05
1.990000e-07 1.681471e+05 1.679820e+05
2.000000e-07 1.684785e+05 1.683128e+05
2.010000e-07 1.688110e+05 1.686448e+05
2.020000e-07 1.691267e+05 1.689689e+05
2.030000e-07 1.679098e+05 1.685183e+05
2.040000e-07 3.460494e+04 1.012573e+05
2.050000e-07 2.916061e+04 3.188277e+04
2.060000e-07 1.816722e+04 2.366392e+04
2.070000e-07 7.852178e+02 9.476221e+03
2.080000e-07 -2.432044e+04 -1.176761e+04
2.090000e-07 -5.908562e+04 -4.170303e+04
2.100000e-07 -1.061924e+05 -8.263901e+04
2.110000e-07 -1.692772e+05 -1.377348e+05
2.120000e-07 -2.532148e+05 -2.112460e+05
2.130000e-07 -3.645011e+05 -3.088579e+05
2.140000e-07 -5.117707e+05 -4.381359e+05
2.150000e-07 -7.080002e+05 -6.098854e+05
2.160000e-07 -9.670832e+05 -8.375417e+05
2.170000e-07 -1.309586e+06 -1.138335e+06
2.180000e-07 -1.763238e+06 -1.536412e+06
2.190000e-07 -2.365993e+06 -2.064615e+06
2.200000e-07 -1.743343e+06 -2.054668e+06
2.210000e-07 -1.275225e+06 -1.509284e+06
2.220000e-07 -9.248554e+05 -1.100040e+06
2.230000e-07 -6.635822e+05 -7.942188e+05
2.240000e-07 -4.693099e+05 -5.664461e+05
2.250000e-07 -3.251689e+05 -3.972394e+05
2.260000e-07 -2.183881e+05 -2.717785e+05
2.270000e-07 -1.393652e+05 -1.788766e+05
2.280000e-07 -8.091828e+04 -1.101417e+05
2.290000e-07 -3.769733e+04 -5.930780e+04
2.300000e-07 -5.728133e+03 -2.171273e+04
2.310000e-07 1.793062e+04 6.101245e+03
2.320000e-07 3.545034e+04 2.669048e+04
2.330000e-07 4.843573e+04 4.194304e+04
2.340000e-07 5.807269e+04 5.325421e+04
2.350000e-07 6.523716e+04 6.165493e+04
2.360000e-07 7.057594e+04 6.790655e+04
2.370000e-07 7.456657e+04 7.257126e+04
2.380000e-07 7.756162e+04 7.606410e+04
2.390000e-07 7.982138e+04 7.869150e+04
2.400000e-07 8.153804e+04 8.067971e+04
2.410000e-07 8.285357e+04 8.219580e+04
2.420000e-07 8.387279e+04 8.336318e+04
2.430000e-07 8.467318e+04 8.427298e+04
2.440000e-07 8.531198e+04 8.499258e+04
2.450000e-07 8.583150e+04 8.557174e+04
2.460000e-07 8.626303e+04 8.604726e+04
2.470000e-07 8.662971e+04 8.644637e+04
2.480000e-07 8.694867e+04 8.678919e+04
2.490000e-07 8.723257e+04 8.709062e+04
2.500000e-07 8.749079e+04 8.736168e+04
2.510000e-07 8.773029e+04 8.761054e+04
2.520000e-07 8.795622e+04 8.784325e+04
2.530000e-07 8.817238e+04 8.806430e+04
2.540000e-07 8.838162e+04 8.827700e+04
2.550000e-07 8.858604e+04 8.848383e+04
2.560000e-07 8.878720e+04 8.868662e+04
2.570000e-07 8.898626e+04 8.888673e+04
2.580000e-07 8.918408e+04 8.908517e+04
2.590000e-07 8.938132e+04 8.928270e+04
2.600000e-07 8.957845e+04 8.947989e+04
2.610000e-07 8.977585e+04 8.967715e+04
2.620000e-07 8.997377e+04 8.987481e+04
2.630000e-07 9.017244e+04 9.007311e+04
2.640000e-07 9.037200e+04 9.027222e+04
2.650000e-07 9.057257e+04 9.047229e+04
2.660000e-07 9.077426e+04 9.067342e+04
2.670000e-07 9.097713e+04 9.087570e+04
2.680000e-07 9.118125e+04 9.107919e+04
2.690000e-07 9.138666e+04 9.128395e+04
2.700000e-07 9.159340e+04 9.149003e+04
2.710000e-07 9.180150e+04 9.169745e+04
2.720000e-07 9.201100e+04 9.190625e+04
2.730000e-07 9.222193e+04 9.211647e+04
2.740000e-07 9.243430e+04 9.232811e+04
2.750000e-07 9.264814e+04 9.254122e+04
2.760000e-07 9.286347e+04 9.275580e+04
2.770000e-07 9.308031e+04 9.297189e+04
2.780000e-07 9.329869e+04 9.318950e+04
2.790000e-07 9.351862e+04 9.340866e+04
2.800000e-07 9.374012e+04 9.362937e+04
2.810000e-07 9.396322e+04 9.385167e+04
2.820000e-07 9.418792e+04 9.407557e+04
2.830000e-07 9.441426e+04 9.430109e+04
2.840000e-07 9.464225e+04 9.452826e+04
2.850000e-07 9.487192e+04 9.475708e+04
2.860000e-07 9.510328e+04 9.498760e+04
2.870000e-07 9.533635e+04 9.521981e+04
2.880000e-07 9.557116e+04 9.545376e+04
2.890000e-07 9.580773e+04 9.568945e+04
2.900000e-07 9.604608e+04 9.592691e+04
2.910000e-07 9.628624e+04 9.616616e+04
2.920000e-07 9.652822e+04 9.640723e+04
2.930000e-07 9.677205e+04 9.665013e+04
2.940000e-07 9.701775e+04 9.689490e+04
2.950000e-07 9.726536e+04 9.714155e+04
2.960000e-07 9.751488e+04 9.739012e+04
2.970000e-07 9.776635e+04 9.764062e+04
2.980000e-07 9.801980e+04 9.789307e+04
2.990000e-07 9.827524e+04 9.814752e+04
3.000000e-07 9.853271e+04 9.840398e+04
3.010000e-07 9.879223e+04 9.866247e+04
3.020000e-07 9.905383e+04 9.892303e+04
3.030000e-07 9.931754e+04 9.918569e+04
3.040000e-07 9.958339e+04 9.945046e+04
3.050000e-07 9.985140e+04 9.971739e+04
3.060000e-07 1.001216e+05 9.998650e+04
3.070000e-07 1.003940e+05 1.002578e+05
3.080000e-07 1.006687e+05 1.005314e+05
3.090000e-07 1.009457e+05 1.008072e+05
3.100000e-07 1.012250e+05 1.010853e+05
3.110000e-07 1.015066e+05 1.013658e+05
3.120000e-07 1.017907e+05 1.016487e+05
3.130000e-07 1.020771e+05 1.019339e+05
3.140000e-07 1.023660e+05 1.022216e+05
3.150000e-07 1.026574e+05 1.025117e+05
3.160000e-07 1.029513e+05 1.028044e+05
3.170000e-07 1.032478e+05 1.030996e+05
3.180000e-07 1.035469e+05 1.033974e+05
3.190000e-07 1.038486e+05 1.036978e+05
3.200000e-07 1.041530e+05 1.040008e+05
3.210000e-07 1.044601e+05 1.043066e+05
3.220000e-07 1.047700e+05 1.046151e+05
3.230000e-07 1.050827e+05 1.049263e+05
3.240000e-07 1.053982e+05 1.052404e+05
3.250000e-07 1.057166e+05 1.055574e+05
3.260000e-07 1.060379e+05 1.058773e+05
3.270000e-07 1.063622e+05 1.062001e+05
3.280000e-07 1.066896e+05 1.065259e+05
3.290000e-07 1.070199e+05 1.068547e+05
3.300000e-07 1.073535e+05 1.071867e+05
3.310000e-07 1.076901e+05 1.075218e+05
3.320000e-07 1.080300e+05 1.078601e+05
3.330000e-07 1.083732e+05 1.082016e+05
3.340000e-07 1.087197e+05 1.085464e+05
3.350000e-07 1.090696e+05 1.088946e+05
3.360000e-07 1.094228e+05 1.092462e+05
3.370000e-07 1.097796e+05 1.096012e+05
3.380000e-07 1.101400e+05 1.099598e+05
3.390000e-07 1.105039e+05 1.103219e+05
3.400000e-07 1.108715e+05 1.106877e+05
3.410000e-07 1.112428e+05 1.110572e+05
3.420000e-07 1.116180e+05 1.114304e+05
3.430000e-07 1.119969e+05 1.118074e+05
3.440000e-07 1.123798e+05 1.121884e+05
3.450000e-07 1.127667e+05 1.125733e+05
3.460000e-07 1.131577e+05 1.129622e+05
3.470000e-07 1.135528e+05 1.133553e+05
3.480000e-07 1.139521e+05 1.137525e+05
3.490000e-07 1.143557e+05 1.141539e+05
3.500000e-07 1.147636e+05 1.145597e+05
3.510000e-07 1.151760e+05 1.149698e+05
3.520000e-07 1.155929e+05 1.153845e+05
3.530000e-07 1.160145e+05 1.158037e+05
3.540000e-07 1.164407e+05 1.162276e+05
3.550000e-07 1.168717e+05 1.166562e+05
3.560000e-07 1.173075e+05 1.170896e+05
3.570000e-07 1.177483e+05 1.175279e+05
3.580000e-07 1.181942e+05 1.179712e+05
3.590000e-07 1.186452e+05 1.184197e+05
3.600000e-07 1.191014e+05 1.188733e+05
3.610000e-07 1.195630e+05 1.193322e+05
3.620000e-07 1.200301e+05 1.197965e+05
3.630000e-07 1.205027e+05 1.202664e+05
3.640000e-07 1.209809e+05 1.207418e+05
3.650000e-07 1.214649e+05 1.212229e+05
3.660000e-07 1.219548e+05 1.217098e+05
3.670000e-07 1.224506e+05 1.222027e+05
3.680000e-07 1.229525e+05 1.227015e+05
3.690000e-07 1.234606e+05 1.232065e+05
3.700000e-07 1.239749e+05 1.237177e+05
3.710000e-07 1.244956e+05 1.242353e+05
3.720000e-07 1.250228e+05 1.247592e+05
3.730000e-07 1.255564e+05 1.252896e+05
3.740000e-07 1.260966e+05 1.258265e+05
3.750000e-07 1.266435e+05 1.263701e+05
3.760000e-07 1.271969e+05 1.269202e+05
3.770000e-07 1.277569e+05 1.274769e+05
3.780000e-07 1.283233e+05 1.280401e+05
3.790000e-07 1.288962e+05 1.286098e+05
3.800000e-07 1.294751e+05 1.291856e+05
3.810000e-07 1.300598e+05 1.297674e+05
3.820000e-07 1.306498e+05 1.303548e+05
3.830000e-07 1.312445e+05 1.309472e+05
3.840000e-07 1.318431e+05 1.315438e+05
3.850000e-07 1.324444e+05 1.321438e+05
3.860000e-07 1.330470e+05 1.327457e+05
3.870000e-07 1.336490e+05 1.333480e+05
3.880000e-07 1.342480e+05 1.339485e+05
3.890000e-07 1.348409e+05 1.345445e+05
3.900000e-07 1.354236e+05 1.351323e+05
3.910000e-07 1.359912e+05 1.357074e+05
3.920000e-07 1.365372e+05 1.362642e+05
3.930000e-07 1.370534e+05 1.367953e+05
3.940000e-07 1.375296e+05 1.372915e+05
3.950000e-07 1.379528e+05 1.377412e+05
3.960000e-07 1.383066e+05 1.381297e+05
3.970000e-07 1.385705e+05 1.384385e+05
3.980000e-07 1.387186e+05 1.386446e+05
3.990000e-07 1.387186e+05 1.386446e+05
