0.000000e+00 -1.868283e-02 -1.836593e+00
1.000000e-07 -1.868283e-02 -1.836593e+00
2.000000e-07 -1.854432e-02 -1.836454e+00
3.000000e-07 -1.840607e-02 -1.836316e+00
4.000000e-07 -1.826818e-02 -1.836178e+00
5.000000e-07 -1.813072e-02 -1.836041e+00
6.000000e-07 -1.799375e-02 -1.835904e+00
7.000000e-07 -1.785731e-02 -1.835767e+00
8.000000e-07 -1.772142e-02 -1.835631e+00
9.000000e-07 -1.758611e-02 -1.835496e+00
1.000000e-06 -1.745140e-02 -1.835361e+00
1.100000e-06 -1.731729e-02 -1.835227e+00
1.200000e-06 -1.718379e-02 -1.835094e+00
1.300000e-06 -1.705090e-02 -1.834961e+00
1.400000e-06 -1.691863e-02 -1.834829e+00
1.500000e-06 -1.678697e-02 -1.834697e+00
1.600000e-06 -1.665592e-02 -1.834566e+00
1.700000e-06 -1.652547e-02 -1.834435e+00
1.800000e-06 -1.639563e-02 -1.834306e+00
1.900000e-06 -1.626638e-02 -1.834176e+00
2.000000e-06 -1.613772e-02 -1.834048e+00
2.100000e-06 -1.600964e-02 -1.833920e+00
2.200000e-06 -1.588214e-02 -1.833792e+00
2.300000e-06 -1.575521e-02 -1.833665e+00
2.400000e-06 -1.562885e-02 -1.833539e+00
2.500000e-06 -1.550304e-02 -1.833413e+00
2.600000e-06 -1.537777e-02 -1.833288e+00
2.700000e-06 -1.525305e-02 -1.833163e+00
2.800000e-06 -1.512887e-02 -1.833039e+00
2.900000e-06 -1.500522e-02 -1.832915e+00
3.000000e-06 -1.488209e-02 -1.832792e+00
3.100000e-06 -1.475947e-02 -1.832669e+00
3.200000e-06 -1.463737e-02 -1.832547e+00
3.300000e-06 -1.451577e-02 -1.832426e+00
3.400000e-06 -1.439467e-02 -1.832305e+00
3.500000e-06 -1.427406e-02 -1.832184e+00
3.600000e-06 -1.415393e-02 -1.832064e+00
3.700000e-06 -1.403429e-02 -1.831944e+00
3.800000e-06 -1.391512e-02 -1.831825e+00
3.900000e-06 -1.379642e-02 -1.831706e+00
4.000000e-06 -1.367818e-02 -1.831588e+00
4.100000e-06 -1.356040e-02 -1.831470e+00
4.200000e-06 -1.344308e-02 -1.831353e+00
4.300000e-06 -1.332620e-02 -1.831236e+00
4.400000e-06 -1.320976e-02 -1.831120e+00
4.500000e-06 -1.309376e-02 -1.831004e+00
4.600000e-06 -1.297820e-02 -1.830888e+00
4.700000e-06 -1.286306e-02 -1.830773e+00
4.800000e-06 -1.274834e-02 -1.830658e+00
4.900000e-06 -1.263405e-02 -1.830544e+00
5.000000e-06 -1.252016e-02 -1.830430e+00
5.100000e-06 -1.240669e-02 -1.830317e+00
5.200000e-06 -1.229362e-02 -1.830204e+00
5.300000e-06 -1.218096e-02 -1.830091e+00
5.400000e-06 -1.206868e-02 -1.829979e+00
5.500000e-06 -1.195681e-02 -1.829867e+00
5.600000e-06 -1.184532e-02 -1.829755e+00
5.700000e-06 -1.173421e-02 -1.829644e+00
5.800000e-06 -1.162349e-02 -1.829533e+00
5.900000e-06 -1.151314e-02 -1.829423e+00
6.000000e-06 -1.140316e-02 -1.829313e+00
6.100000e-06 -1.129356e-02 -1.829204e+00
6.200000e-06 -1.118432e-02 -1.829094e+00
6.300000e-06 -1.107544e-02 -1.828985e+00
6.400000e-06 -1.096692e-02 -1.828877e+00
6.500000e-06 -1.085875e-02 -1.828769e+00
6.600000e-06 -1.075094e-02 -1.828661e+00
6.700000e-06 -1.064347e-02 -1.828553e+00
6.800000e-06 -1.053635e-02 -1.828446e+00
6.900000e-06 -1.042956e-02 -1.828340e+00
7.000000e-06 -1.032312e-02 -1.828233e+00
7.100000e-06 -1.021701e-02 -1.828127e+00
7.200000e-06 -1.011124e-02 -1.828021e+00
7.300000e-06 -1.000579e-02 -1.827916e+00
7.400000e-06 -9.900666e-03 -1.827811e+00
7.500000e-06 -9.795866e-03 -1.827706e+00
7.600000e-06 -9.691385e-03 -1.827601e+00
7.700000e-06 -9.587222e-03 -1.827497e+00
7.800000e-06 -9.483372e-03 -1.827393e+00
7.900000e-06 -9.379834e-03 -1.827290e+00
8.000000e-06 -9.276603e-03 -1.827187e+00
8.100000e-06 -9.173679e-03 -1.827084e+00
8.200000e-06 -9.071057e-03 -1.826981e+00
8.300000e-06 -8.968736e-03 -1.826879e+00
8.400000e-06 -8.866712e-03 -1.826777e+00
8.500000e-06 -8.764984e-03 -1.826675e+00
8.600000e-06 -8.663548e-03 -1.826574e+00
8.700000e-06 -8.562402e-03 -1.826472e+00
8.800000e-06 -8.461543e-03 -1.826372e+00
8.900000e-06 -8.360970e-03 -1.826271e+00
9.000000e-06 -8.260680e-03 -1.826171e+00
9.100000e-06 -8.160670e-03 -1.826071e+00
9.200000e-06 -8.060938e-03 -1.825971e+00
9.300000e-06 -7.961482e-03 -1.825871e+00
9.400000e-06 -7.862299e-03 -1.825772e+00
9.500000e-06 -7.763388e-03 -1.825673e+00
9.600000e-06 -7.664745e-03 -1.825575e+00
9.700000e-06 -7.566370e-03 -1.825476e+00
9.800000e-06 -7.468260e-03 -1.825378e+00
9.900000e-06 -7.370412e-03 -1.825280e+00
1.000000e-05 -7.272824e-03 -1.825183e+00
1.010000e-05 -7.175496e-03 -1.825085e+00
1.020000e-05 -7.078423e-03 -1.824988e+00
1.030000e-05 -6.981605e-03 -1.824892e+00
1.040000e-05 -6.885040e-03 -1.824795e+00
1.050000e-05 -6.788725e-03 -1.824699e+00
1.060000e-05 -6.692659e-03 -1.824603e+00
1.070000e-05 -6.596840e-03 -1.824507e+00
1.080000e-05 -6.501265e-03 -1.824411e+00
1.090000e-05 -6.405933e-03 -1.824316e+00
1.100000e-05 -6.310843e-03 -1.824221e+00
1.110000e-05 -6.215991e-03 -1.824126e+00
1.120000e-05 -6.121378e-03 -1.824031e+00
1.130000e-05 -6.027000e-03 -1.823937e+00
1.140000e-05 -5.932856e-03 -1.823843e+00
1.150000e-05 -5.838944e-03 -1.823749e+00
1.160000e-05 -5.745263e-03 -1.823655e+00
1.170000e-05 -5.651811e-03 -1.823562e+00
1.180000e-05 -5.558586e-03 -1.823469e+00
1.190000e-05 -5.465587e-03 -1.823376e+00
1.200000e-05 -5.372811e-03 -1.823283e+00
1.210000e-05 -5.280259e-03 -1.823190e+00
1.220000e-05 -5.187927e-03 -1.823098e+00
1.230000e-05 -5.095814e-03 -1.823006e+00
1.240000e-05 -5.003919e-03 -1.822914e+00
1.250000e-05 -4.912240e-03 -1.822822e+00
1.260000e-05 -4.820776e-03 -1.822731e+00
1.270000e-05 -4.729526e-03 -1.822640e+00
1.280000e-05 -4.638487e-03 -1.822548e+00
1.290000e-05 -4.547658e-03 -1.822458e+00
1.300000e-05 -4.457038e-03 -1.822367e+00
1.310000e-05 -4.366627e-03 -1.822277e+00
1.320000e-05 -4.276421e-03 -1.822186e+00
1.330000e-05 -4.186420e-03 -1.822096e+00
1.340000e-05 -4.096624e-03 -1.822007e+00
1.350000e-05 -4.007030e-03 -1.821917e+00
1.360000e-05 -3.917637e-03 -1.821828e+00
1.370000e-05 -3.828446e-03 -1.821738e+00
1.380000e-05 -3.739454e-03 -1.821649e+00
1.390000e-05 -3.650661e-03 -1.821561e+00
1.400000e-05 -3.562068e-03 -1.821472e+00
1.410000e-05 -3.473674e-03 -1.821384e+00
1.420000e-05 -3.385479e-03 -1.821295e+00
1.430000e-05 -3.297484e-03 -1.821207e+00
1.440000e-05 -3.209692e-03 -1.821120e+00
1.450000e-05 -3.122106e-03 -1.821032e+00
1.460000e-05 -3.034729e-03 -1.820945e+00
1.470000e-05 -2.947569e-03 -1.820858e+00
1.480000e-05 -2.860635e-03 -1.820771e+00
1.490000e-05 -2.773939e-03 -1.820684e+00
1.500000e-05 -2.687501e-03 -1.820598e+00
1.510000e-05 -2.601343e-03 -1.820511e+00
1.520000e-05 -2.515499e-03 -1.820425e+00
1.530000e-05 -2.430016e-03 -1.820340e+00
1.540000e-05 -2.344956e-03 -1.820255e+00
1.550000e-05 -2.260403e-03 -1.820170e+00
1.560000e-05 -2.176473e-03 -1.820086e+00
1.570000e-05 -2.093320e-03 -1.820003e+00
1.580000e-05 -2.011157e-03 -1.819921e+00
1.590000e-05 -1.930269e-03 -1.819840e+00
1.600000e-05 -1.851047e-03 -1.819761e+00
1.610000e-05 -1.774015e-03 -1.819684e+00
1.620000e-05 -1.699889e-03 -1.819610e+00
1.630000e-05 -1.629636e-03 -1.819540e+00
1.640000e-05 -1.564570e-03 -1.819475e+00
1.650000e-05 -1.506470e-03 -1.819416e+00
1.660000e-05 -1.457750e-03 -1.819368e+00
1.670000e-05 -1.421685e-03 -1.819332e+00
1.680000e-05 -1.402715e-03 -1.819313e+00
1.690000e-05 -1.406861e-03 -1.819317e+00
1.700000e-05 -1.442294e-03 -1.819352e+00
1.710000e-05 -1.520105e-03 -1.819430e+00
1.720000e-05 -1.655326e-03 -1.819565e+00
1.730000e-05 -1.868314e-03 -1.819778e+00
1.740000e-05 -2.186585e-03 -1.820097e+00
1.750000e-05 -2.647260e-03 -1.820557e+00
1.760000e-05 -3.300266e-03 -1.821210e+00
1.770000e-05 -4.212507e-03 -1.822123e+00
1.780000e-05 -5.473206e-03 -1.823383e+00
1.790000e-05 -7.200661e-03 -1.825111e+00
1.800000e-05 -9.550689e-03 -1.827461e+00
1.810000e-05 -1.129948e-02 -1.829209e+00
1.820000e-05 -1.259663e-02 -1.830507e+00
1.830000e-05 -1.355366e-02 -1.831464e+00
1.840000e-05 -1.425426e-02 -1.832164e+00
1.850000e-05 -1.476149e-02 -1.832671e+00
1.860000e-05 -1.512158e-02 -1.833032e+00
1.870000e-05 -1.537058e-02 -1.833281e+00
1.880000e-05 -1.553584e-02 -1.833446e+00
1.890000e-05 -1.563809e-02 -1.833548e+00
1.900000e-05 -1.569313e-02 -1.833603e+00
1.910000e-05 -1.571307e-02 -1.833623e+00
1.920000e-05 -1.570723e-02 -1.833617e+00
1.930000e-05 -1.568296e-02 -1.833593e+00
1.940000e-05 -1.564614e-02 -1.833556e+00
1.950000e-05 -2.159537e-01 -1.638254e+00
1.960000e-05 -2.157880e-01 -1.638088e+00
1.970000e-05 -2.156209e-01 -1.637921e+00
1.980000e-05 -2.154534e-01 -1.637753e+00
1.990000e-05 -2.152856e-01 -1.637586e+00
2.000000e-05 -2.151174e-01 -1.637417e+00
2.010000e-05 -2.149490e-01 -1.637249e+00
2.020000e-05 -2.147802e-01 -1.637080e+00
2.030000e-05 -2.146110e-01 -1.636911e+00
2.040000e-05 -2.144431e-01 -1.636743e+00
2.050000e-05 -1.405647e-02 -1.831966e+00
2.060000e-05 -1.402730e-02 -1.831937e+00
2.070000e-05 -1.400914e-02 -1.831919e+00
2.080000e-05 -1.400835e-02 -1.831918e+00
2.090000e-05 -1.403267e-02 -1.831943e+00
2.100000e-05 -1.409176e-02 -1.832002e+00
2.110000e-05 -1.419795e-02 -1.832108e+00
2.120000e-05 -1.436723e-02 -1.832277e+00
2.130000e-05 -1.462044e-02 -1.832530e+00
2.140000e-05 -1.498494e-02 -1.832895e+00
2.150000e-05 -1.549671e-02 -1.833407e+00
2.160000e-05 -1.620472e-02 -1.834115e+00
2.170000e-05 -1.717180e-02 -1.835082e+00
2.180000e-05 -1.848138e-02 -1.836391e+00
2.190000e-05 -2.024462e-02 -1.838155e+00
2.200000e-05 -2.261062e-02 -1.840521e+00
2.210000e-05 -2.435396e-02 -1.842264e+00
2.220000e-05 -2.562918e-02 -1.843539e+00
2.230000e-05 -2.655404e-02 -1.844464e+00
2.240000e-05 -2.721762e-02 -1.845128e+00
2.250000e-05 -2.768693e-02 -1.845597e+00
2.260000e-05 -2.801210e-02 -1.845922e+00
2.270000e-05 -2.823049e-02 -1.846140e+00
2.280000e-05 -2.836985e-02 -1.846280e+00
2.290000e-05 -2.845077e-02 -1.846361e+00
2.300000e-05 -2.848847e-02 -1.846398e+00
2.310000e-05 -2.849420e-02 -1.846404e+00
2.320000e-05 -2.847627e-02 -1.846386e+00
2.330000e-05 -2.844081e-02 -1.846351e+00
2.340000e-05 -2.839238e-02 -1.846302e+00
2.350000e-05 -2.833431e-02 -1.846244e+00
2.360000e-05 -2.826907e-02 -1.846179e+00
2.370000e-05 -2.819849e-02 -1.846108e+00
2.380000e-05 -2.812393e-02 -1.846034e+00
2.390000e-05 -2.804636e-02 -1.845956e+00
2.400000e-05 -2.796654e-02 -1.845877e+00
2.410000e-05 -2.788501e-02 -1.845795e+00
2.420000e-05 -2.780215e-02 -1.845712e+00
2.430000e-05 -2.771828e-02 -1.845628e+00
2.440000e-05 -2.763361e-02 -1.845544e+00
2.450000e-05 -2.754829e-02 -1.845458e+00
2.460000e-05 -2.746246e-02 -1.845372e+00
2.470000e-05 -2.737620e-02 -1.845286e+00
2.480000e-05 -2.728957e-02 -1.845200e+00
2.490000e-05 -2.720262e-02 -1.845113e+00
2.500000e-05 -2.711539e-02 -1.845025e+00
2.510000e-05 -2.702790e-02 -1.844938e+00
2.520000e-05 -2.694017e-02 -1.844850e+00
2.530000e-05 -2.685221e-02 -1.844762e+00
2.540000e-05 -2.676404e-02 -1.844674e+00
2.550000e-05 -2.667566e-02 -1.844586e+00
2.560000e-05 -2.658707e-02 -1.844497e+00
2.570000e-05 -2.649828e-02 -1.844408e+00
2.580000e-05 -2.640930e-02 -1.844319e+00
2.590000e-05 -2.632011e-02 -1.844230e+00
2.600000e-05 -2.623073e-02 -1.844141e+00
2.610000e-05 -2.614115e-02 -1.844051e+00
2.620000e-05 -2.605138e-02 -1.843961e+00
2.630000e-05 -2.596140e-02 -1.843871e+00
2.640000e-05 -2.587123e-02 -1.843781e+00
2.650000e-05 -2.578086e-02 -1.843691e+00
2.660000e-05 -2.569029e-02 -1.843600e+00
2.670000e-05 -2.559951e-02 -1.843510e+00
2.680000e-05 -2.550854e-02 -1.843419e+00
2.690000e-05 -2.541735e-02 -1.843327e+00
2.700000e-05 -2.532597e-02 -1.843236e+00
2.710000e-05 -2.523437e-02 -1.843144e+00
2.720000e-05 -2.514257e-02 -1.843053e+00
2.730000e-05 -2.505056e-02 -1.842961e+00
2.740000e-05 -2.495834e-02 -1.842868e+00
2.750000e-05 -2.486591e-02 -1.842776e+00
2.760000e-05 -2.477326e-02 -1.842683e+00
2.770000e-05 -2.468039e-02 -1.842590e+00
2.780000e-05 -2.458731e-02 -1.842497e+00
2.790000e-05 -2.449402e-02 -1.842404e+00
2.800000e-05 -2.440050e-02 -1.842310e+00
2.810000e-05 -2.430676e-02 -1.842217e+00
2.820000e-05 -2.421279e-02 -1.842123e+00
2.830000e-05 -2.411861e-02 -1.842029e+00
2.840000e-05 -2.402419e-02 -1.841934e+00
2.850000e-05 -2.392955e-02 -1.841840e+00
2.860000e-05 -2.383468e-02 -1.841745e+00
2.870000e-05 -2.373957e-02 -1.841650e+00
2.880000e-05 -2.364424e-02 -1.841554e+00
2.890000e-05 -2.354867e-02 -1.841459e+00
2.900000e-05 -2.345286e-02 -1.841363e+00
2.910000e-05 -2.335681e-02 -1.841267e+00
2.920000e-05 -2.326053e-02 -1.841171e+00
2.930000e-05 -2.316400e-02 -1.841074e+00
2.940000e-05 -2.306723e-02 -1.840977e+00
2.950000e-05 -2.297021e-02 -1.840880e+00
2.960000e-05 -2.287294e-02 -1.840783e+00
2.970000e-05 -2.277543e-02 -1.840685e+00
2.980000e-05 -2.267766e-02 -1.840588e+00
2.990000e-05 -2.257964e-02 -1.840490e+00
3.000000e-05 -2.248137e-02 -1.840391e+00
3.010000e-05 -2.238283e-02 -1.840293e+00
3.020000e-05 -2.228404e-02 -1.840194e+00
3.030000e-05 -2.218499e-02 -1.840095e+00
3.040000e-05 -2.208567e-02 -1.839996e+00
3.050000e-05 -2.198609e-02 -1.839896e+00
3.060000e-05 -2.188624e-02 -1.839796e+00
3.070000e-05 -2.178611e-02 -1.839696e+00
3.080000e-05 -2.168572e-02 -1.839596e+00
3.090000e-05 -2.158505e-02 -1.839495e+00
3.100000e-05 -2.148411e-02 -1.839394e+00
3.110000e-05 -2.138288e-02 -1.839293e+00
3.120000e-05 -2.128137e-02 -1.839191e+00
3.130000e-05 -2.117958e-02 -1.839090e+00
3.140000e-05 -2.107751e-02 -1.838988e+00
3.150000e-05 -2.097514e-02 -1.838885e+00
3.160000e-05 -2.087248e-02 -1.838782e+00
3.170000e-05 -2.076953e-02 -1.838680e+00
3.180000e-05 -2.066628e-02 -1.838576e+00
3.190000e-05 -2.056274e-02 -1.838473e+00
3.200000e-05 -2.045889e-02 -1.838369e+00
3.210000e-05 -2.035473e-02 -1.838265e+00
3.220000e-05 -2.025027e-02 -1.838160e+00
3.230000e-05 -2.014550e-02 -1.838056e+00
3.240000e-05 -2.004042e-02 -1.837950e+00
3.250000e-05 -1.993502e-02 -1.837845e+00
3.260000e-05 -1.982931e-02 -1.837739e+00
3.270000e-05 -1.972327e-02 -1.837633e+00
3.280000e-05 -1.961691e-02 -1.837527e+00
3.290000e-05 -1.951022e-02 -1.837420e+00
3.300000e-05 -1.940320e-02 -1.837313e+00
3.310000e-05 -1.929584e-02 -1.837206e+00
3.320000e-05 -1.918815e-02 -1.837098e+00
3.330000e-05 -1.908012e-02 -1.836990e+00
3.340000e-05 -1.897175e-02 -1.836882e+00
3.350000e-05 -1.886303e-02 -1.836773e+00
3.360000e-05 -1.875396e-02 -1.836664e+00
3.370000e-05 -1.864454e-02 -1.836555e+00
3.380000e-05 -1.853476e-02 -1.836445e+00
3.390000e-05 -1.842462e-02 -1.836335e+00
3.400000e-05 -1.831412e-02 -1.836224e+00
3.410000e-05 -1.820324e-02 -1.836113e+00
3.420000e-05 -1.809200e-02 -1.836002e+00
3.430000e-05 -1.798038e-02 -1.835890e+00
3.440000e-05 -1.786839e-02 -1.835778e+00
3.450000e-05 -1.775601e-02 -1.835666e+00
3.460000e-05 -1.764324e-02 -1.835553e+00
3.470000e-05 -1.753008e-02 -1.835440e+00
3.480000e-05 -1.741653e-02 -1.835327e+00
3.490000e-05 -1.730258e-02 -1.835213e+00
3.500000e-05 -1.718822e-02 -1.835098e+00
3.510000e-05 -1.707346e-02 -1.834983e+00
3.520000e-05 -1.695828e-02 -1.834868e+00
3.530000e-05 -1.684269e-02 -1.834753e+00
3.540000e-05 -1.672667e-02 -1.834637e+00
3.550000e-05 -1.661023e-02 -1.834520e+00
3.560000e-05 -1.649336e-02 -1.834403e+00
3.570000e-05 -1.637605e-02 -1.834286e+00
3.580000e-05 -1.625831e-02 -1.834168e+00
3.590000e-05 -1.614011e-02 -1.834050e+00
3.600000e-05 -1.602147e-02 -1.833931e+00
3.610000e-05 -1.590236e-02 -1.833812e+00
3.620000e-05 -1.578280e-02 -1.833693e+00
3.630000e-05 -1.566277e-02 -1.833573e+00
3.640000e-05 -1.554227e-02 -1.833452e+00
3.650000e-05 -1.542129e-02 -1.833331e+00
3.660000e-05 -1.529982e-02 -1.833210e+00
3.670000e-05 -1.517787e-02 -1.833088e+00
3.680000e-05 -1.505542e-02 -1.832965e+00
3.690000e-05 -1.493247e-02 -1.832842e+00
3.700000e-05 -1.480900e-02 -1.832719e+00
3.710000e-05 -1.468503e-02 -1.832595e+00
3.720000e-05 -1.456053e-02 -1.832471e+00
3.730000e-05 -1.443551e-02 -1.832346e+00
3.740000e-05 -1.430996e-02 -1.832220e+00
3.750000e-05 -1.418386e-02 -1.832094e+00
3.760000e-05 -1.405722e-02 -1.831967e+00
3.770000e-05 -1.393002e-02 -1.831840e+00
3.780000e-05 -1.380226e-02 -1.831712e+00
3.790000e-05 -1.367394e-02 -1.831584e+00
3.800000e-05 -1.354504e-02 -1.831455e+00
3.810000e-05 -1.341557e-02 -1.831326e+00
3.820000e-05 -1.328551e-02 -1.831196e+00
3.830000e-05 -1.315486e-02 -1.831065e+00
3.840000e-05 -1.302361e-02 -1.830934e+00
3.850000e-05 -1.289177e-02 -1.830802e+00
3.860000e-05 -1.275933e-02 -1.830669e+00
3.870000e-05 -1.262628e-02 -1.830536e+00
3.880000e-05 -1.249263e-02 -1.830403e+00
3.890000e-05 -1.235838e-02 -1.830268e+00
3.900000e-05 -1.222354e-02 -1.830134e+00
3.910000e-05 -1.208812e-02 -1.829998e+00
3.920000e-05 -1.195213e-02 -1.829862e+00
3.930000e-05 -1.181559e-02 -1.829726e+00
3.940000e-05 -1.167853e-02 -1.829589e+00
3.950000e-05 -1.154101e-02 -1.829451e+00
3.960000e-05 -1.140305e-02 -1.829313e+00
3.970000e-05 -1.126475e-02 -1.829175e+00
3.980000e-05 -1.112618e-02 -1.829036e+00
3.990000e-05 -1.112618e-02 -1.829036e+00
