0.000000e+00 -1.376259e-09
1.000000e-10 -1.376259e-09
2.000000e-10 -2.515973e-09
3.000000e-10 -3.644935e-09
4.000000e-10 -5.354507e-09
5.000000e-10 -6.773773e-09
6.000000e-10 -7.924240e-09
7.000000e-10 -9.343506e-09
8.000000e-10 -1.076277e-08
9.000000e-10 -1.218204e-08
1.000000e-09 -1.360131e-08
1.100000e-09 -1.504208e-08
1.200000e-09 -1.589149e-08
1.300000e-09 -1.703120e-08
1.400000e-09 -1.816016e-08
1.500000e-09 -1.902033e-08
1.600000e-09 -1.986974e-08
1.700000e-09 -2.100945e-08
1.800000e-09 -2.213841e-08
1.900000e-09 -2.357918e-08
2.000000e-09 -2.442859e-08
2.100000e-09 -2.527800e-08
2.200000e-09 -2.641772e-08
2.300000e-09 -2.726713e-08
2.400000e-09 -2.812729e-08
2.500000e-09 -2.868639e-08
2.600000e-09 -2.925625e-08
2.700000e-09 -2.982611e-08
2.800000e-09 -3.039596e-08
2.900000e-09 -3.154643e-08
3.000000e-09 -3.267539e-08
3.100000e-09 -3.381511e-08
3.200000e-09 -3.523437e-08
3.300000e-09 -3.666439e-08
3.400000e-09 -3.808366e-08
3.500000e-09 -3.951368e-08
3.600000e-09 -4.093294e-08
3.700000e-09 -4.264252e-08
3.800000e-09 -4.463164e-08
3.900000e-09 -4.691107e-08
4.000000e-09 -4.890019e-08
4.100000e-09 -5.088932e-08
4.200000e-09 -5.316874e-08
4.300000e-09 -5.573848e-08
4.400000e-09 -5.857701e-08
4.500000e-09 -6.113599e-08
4.600000e-09 -6.370573e-08
4.700000e-09 -6.626471e-08
4.800000e-09 -6.910324e-08
4.900000e-09 -7.195253e-08
5.000000e-09 -7.451151e-08
5.100000e-09 -7.679093e-08
5.200000e-09 -7.907036e-08
5.300000e-09 -8.105949e-08
5.400000e-09 -8.304861e-08
5.500000e-09 -8.475818e-08
5.600000e-09 -8.590865e-08
5.700000e-09 -8.760747e-08
5.800000e-09 -8.988690e-08
5.900000e-09 -9.244588e-08
6.000000e-09 -9.529516e-08
6.100000e-09 -9.785414e-08
6.200000e-09 -1.006927e-07
6.300000e-09 -1.038323e-07
6.400000e-09 -1.069611e-07
6.500000e-09 -1.101007e-07
6.600000e-09 -1.135091e-07
6.700000e-09 -1.169175e-07
6.800000e-09 -1.206269e-07
6.900000e-09 -1.240353e-07
7.000000e-09 -1.277340e-07
7.100000e-09 -1.311532e-07
7.200000e-09 -1.342820e-07
7.300000e-09 -1.379807e-07
7.400000e-09 -1.413891e-07
7.500000e-09 -1.445287e-07
7.600000e-09 -1.473672e-07
7.700000e-09 -1.505068e-07
7.800000e-09 -1.530658e-07
7.900000e-09 -1.556248e-07
8.000000e-09 -1.587643e-07
8.100000e-09 -1.618824e-07
8.200000e-09 -1.655919e-07
8.300000e-09 -1.695701e-07
8.400000e-09 -1.735591e-07
8.500000e-09 -1.775374e-07
8.600000e-09 -1.818167e-07
8.700000e-09 -1.860745e-07
8.800000e-09 -1.903538e-07
8.900000e-09 -1.946116e-07
9.000000e-09 -1.988909e-07
9.100000e-09 -2.034390e-07
9.200000e-09 -2.077075e-07
9.300000e-09 -2.119761e-07
9.400000e-09 -2.162446e-07
9.500000e-09 -2.205132e-07
9.600000e-09 -2.242226e-07
9.700000e-09 -2.279106e-07
9.800000e-09 -2.318996e-07
9.900000e-09 -2.361681e-07
1.000000e-08 -2.410066e-07
1.010000e-08 -2.458557e-07
1.020000e-08 -2.509629e-07
1.030000e-08 -2.560916e-07
1.040000e-08 -2.617902e-07
1.050000e-08 -2.674673e-07
1.060000e-08 -2.728863e-07
1.070000e-08 -2.782946e-07
1.080000e-08 -2.839931e-07
1.090000e-08 -2.896702e-07
1.100000e-08 -2.950892e-07
1.110000e-08 -3.002072e-07
1.120000e-08 -3.056154e-07
1.130000e-08 -3.113033e-07
1.140000e-08 -3.172814e-07
1.150000e-08 -3.235391e-07
1.160000e-08 -3.297967e-07
1.170000e-08 -3.363447e-07
1.180000e-08 -3.434626e-07
1.190000e-08 -3.508707e-07
1.200000e-08 -3.579778e-07
1.210000e-08 -3.650956e-07
1.220000e-08 -3.725038e-07
1.230000e-08 -3.799012e-07
1.240000e-08 -3.870190e-07
1.250000e-08 -3.946852e-07
1.260000e-08 -4.023729e-07
1.270000e-08 -4.106412e-07
1.280000e-08 -4.191783e-07
1.290000e-08 -4.274251e-07
1.300000e-08 -4.359622e-07
1.310000e-08 -4.447896e-07
1.320000e-08 -4.536063e-07
1.330000e-08 -4.621434e-07
1.340000e-08 -4.704009e-07
1.350000e-08 -4.792176e-07
1.360000e-08 -4.888944e-07
1.370000e-08 -4.982917e-07
1.380000e-08 -5.079685e-07
1.390000e-08 -5.176453e-07
1.400000e-08 -5.273221e-07
1.410000e-08 -5.369882e-07
1.420000e-08 -5.466758e-07
1.430000e-08 -5.566321e-07
1.440000e-08 -5.668788e-07
1.450000e-08 -5.774158e-07
1.460000e-08 -5.879420e-07
1.470000e-08 -5.987478e-07
1.480000e-08 -6.095751e-07
1.490000e-08 -6.206712e-07
1.500000e-08 -6.317673e-07
1.510000e-08 -6.437235e-07
1.520000e-08 -6.550991e-07
1.530000e-08 -6.667758e-07
1.540000e-08 -6.784418e-07
1.550000e-08 -6.903980e-07
1.560000e-08 -7.026338e-07
1.570000e-08 -7.148696e-07
1.580000e-08 -7.273957e-07
1.590000e-08 -7.402014e-07
1.600000e-08 -7.532974e-07
1.610000e-08 -7.669524e-07
1.620000e-08 -7.811881e-07
1.630000e-08 -7.954130e-07
1.640000e-08 -8.099282e-07
1.650000e-08 -8.244542e-07
1.660000e-08 -8.392490e-07
1.670000e-08 -8.543233e-07
1.680000e-08 -8.699783e-07
1.690000e-08 -8.853429e-07
1.700000e-08 -9.009979e-07
1.710000e-08 -9.172227e-07
1.720000e-08 -9.340281e-07
1.730000e-08 -9.511023e-07
1.740000e-08 -9.678862e-07
1.750000e-08 -9.849604e-07
1.760000e-08 -1.002325e-06
1.770000e-08 -1.020249e-06
1.780000e-08 -1.038183e-06
1.790000e-08 -1.056397e-06
1.800000e-08 -1.075181e-06
1.810000e-08 -1.094534e-06
1.820000e-08 -1.113888e-06
1.830000e-08 -1.133811e-06
1.840000e-08 -1.153724e-06
1.850000e-08 -1.174228e-06
1.860000e-08 -1.194711e-06
1.870000e-08 -1.215774e-06
1.880000e-08 -1.237128e-06
1.890000e-08 -1.258761e-06
1.900000e-08 -1.280662e-06
1.910000e-08 -1.303435e-06
1.920000e-08 -1.326197e-06
1.930000e-08 -1.349819e-06
1.940000e-08 -1.373732e-06
1.950000e-08 -1.398494e-06
1.960000e-08 -1.423245e-06
1.970000e-08 -1.448588e-06
1.980000e-08 -1.474769e-06
1.990000e-08 -1.501520e-06
2.000000e-08 -1.529131e-06
2.010000e-08 -1.556731e-06
2.020000e-08 -1.585192e-06
2.030000e-08 -1.614212e-06
2.040000e-08 -1.643823e-06
2.050000e-08 -1.673423e-06
2.060000e-08 -1.704163e-06
2.070000e-08 -1.735462e-06
2.080000e-08 -1.767052e-06
2.090000e-08 -1.799211e-06
2.100000e-08 -1.831661e-06
2.110000e-08 -1.864390e-06
2.120000e-08 -1.897968e-06
2.130000e-08 -1.931848e-06
2.140000e-08 -1.966276e-06
2.150000e-08 -2.000994e-06
2.160000e-08 -2.036863e-06
2.170000e-08 -2.073000e-06
2.180000e-08 -2.109998e-06
2.190000e-08 -2.147856e-06
2.200000e-08 -2.186284e-06
2.210000e-08 -2.225550e-06
2.220000e-08 -2.265967e-06
2.230000e-08 -2.306943e-06
2.240000e-08 -2.348779e-06
2.250000e-08 -2.391185e-06
2.260000e-08 -2.434731e-06
2.270000e-08 -2.478567e-06
2.280000e-08 -2.523532e-06
2.290000e-08 -2.569357e-06
2.300000e-08 -2.615461e-06
2.310000e-08 -2.662415e-06
2.320000e-08 -2.710230e-06
2.330000e-08 -2.758614e-06
2.340000e-08 -2.808127e-06
2.350000e-08 -2.858500e-06
2.360000e-08 -2.909164e-06
2.370000e-08 -2.960956e-06
2.380000e-08 -3.013619e-06
2.390000e-08 -3.067122e-06
2.400000e-08 -3.121204e-06
2.410000e-08 -3.176126e-06
2.420000e-08 -3.232197e-06
2.430000e-08 -3.289119e-06
2.440000e-08 -3.346889e-06
2.450000e-08 -3.405520e-06
2.460000e-08 -3.465280e-06
2.470000e-08 -3.525620e-06
2.480000e-08 -3.587089e-06
2.490000e-08 -3.649419e-06
2.500000e-08 -3.712888e-06
2.510000e-08 -3.777207e-06
2.520000e-08 -3.842385e-06
2.530000e-08 -3.908983e-06
2.540000e-08 -3.976721e-06
2.550000e-08 -4.045867e-06
2.560000e-08 -4.116164e-06
2.570000e-08 -4.187891e-06
2.580000e-08 -4.260746e-06
2.590000e-08 -4.335032e-06
2.600000e-08 -4.410447e-06
2.610000e-08 -4.487292e-06
2.620000e-08 -4.565276e-06
2.630000e-08 -4.644400e-06
2.640000e-08 -4.724933e-06
2.650000e-08 -4.807186e-06
2.660000e-08 -4.891148e-06
2.670000e-08 -4.976810e-06
2.680000e-08 -5.063901e-06
2.690000e-08 -5.152702e-06
2.700000e-08 -5.242911e-06
2.710000e-08 -5.334562e-06
2.720000e-08 -5.427341e-06
2.730000e-08 -5.521829e-06
2.740000e-08 -5.618028e-06
2.750000e-08 -5.715925e-06
2.760000e-08 -5.815263e-06
2.770000e-08 -5.915999e-06
2.780000e-08 -6.018745e-06
2.790000e-08 -6.123201e-06
2.800000e-08 -6.229355e-06
2.810000e-08 -6.338080e-06
2.820000e-08 -6.448213e-06
2.830000e-08 -6.560066e-06
2.840000e-08 -6.674188e-06
2.850000e-08 -6.789740e-06
2.860000e-08 -6.907851e-06
2.870000e-08 -7.027672e-06
2.880000e-08 -7.149761e-06
2.890000e-08 -7.273850e-06
2.900000e-08 -7.400218e-06
2.910000e-08 -7.528855e-06
2.920000e-08 -7.659482e-06
2.930000e-08 -7.792108e-06
2.940000e-08 -7.927014e-06
2.950000e-08 -8.064199e-06
2.960000e-08 -8.203082e-06
2.970000e-08 -8.344525e-06
2.980000e-08 -8.488538e-06
2.990000e-08 -8.634830e-06
3.000000e-08 -8.783670e-06
3.010000e-08 -8.935370e-06
3.020000e-08 -9.089339e-06
3.030000e-08 -9.245867e-06
3.040000e-08 -9.404675e-06
3.050000e-08 -9.565761e-06
3.060000e-08 -9.729407e-06
3.070000e-08 -9.895332e-06
3.080000e-08 -1.006439e-05
3.090000e-08 -1.023658e-05
3.100000e-08 -1.041160e-05
3.110000e-08 -1.058976e-05
3.120000e-08 -1.077048e-05
3.130000e-08 -1.095462e-05
3.140000e-08 -1.114133e-05
3.150000e-08 -1.133145e-05
3.160000e-08 -1.152497e-05
3.170000e-08 -1.172163e-05
3.180000e-08 -1.192170e-05
3.190000e-08 -1.212520e-05
3.200000e-08 -1.233239e-05
3.210000e-08 -1.254300e-05
3.220000e-08 -1.275703e-05
3.230000e-08 -1.297502e-05
3.240000e-08 -1.319616e-05
3.250000e-08 -1.342129e-05
3.260000e-08 -1.364983e-05
3.270000e-08 -1.388291e-05
3.280000e-08 -1.411970e-05
3.290000e-08 -1.436076e-05
3.300000e-08 -1.460552e-05
3.310000e-08 -1.485427e-05
3.320000e-08 -1.510785e-05
3.330000e-08 -1.536513e-05
3.340000e-08 -1.562668e-05
3.350000e-08 -1.589307e-05
3.360000e-08 -1.616401e-05
3.370000e-08 -1.643951e-05
3.380000e-08 -1.671927e-05
3.390000e-08 -1.700388e-05
3.400000e-08 -1.729332e-05
3.410000e-08 -1.758789e-05
3.420000e-08 -1.788758e-05
3.430000e-08 -1.819210e-05
3.440000e-08 -1.850174e-05
3.450000e-08 -1.881624e-05
3.460000e-08 -1.913585e-05
3.470000e-08 -1.946058e-05
3.480000e-08 -1.979100e-05
3.490000e-08 -2.012712e-05
3.500000e-08 -2.046892e-05
3.510000e-08 -2.081671e-05
3.520000e-08 -2.117019e-05
3.530000e-08 -2.152935e-05
3.540000e-08 -2.189422e-05
3.550000e-08 -2.226563e-05
3.560000e-08 -2.264330e-05
3.570000e-08 -2.302751e-05
3.580000e-08 -2.341799e-05
3.590000e-08 -2.381502e-05
3.600000e-08 -2.421858e-05
3.610000e-08 -2.462869e-05
3.620000e-08 -2.504592e-05
3.630000e-08 -2.546970e-05
3.640000e-08 -2.590087e-05
3.650000e-08 -2.633916e-05
3.660000e-08 -2.678457e-05
3.670000e-08 -2.723765e-05
3.680000e-08 -2.769871e-05
3.690000e-08 -2.816746e-05
3.700000e-08 -2.864388e-05
3.710000e-08 -2.912827e-05
3.720000e-08 -2.962093e-05
3.730000e-08 -3.012183e-05
3.740000e-08 -3.063127e-05
3.750000e-08 -3.114954e-05
3.760000e-08 -3.167634e-05
3.770000e-08 -3.221196e-05
3.780000e-08 -3.275697e-05
3.790000e-08 -3.331137e-05
3.800000e-08 -3.387490e-05
3.810000e-08 -3.444809e-05
3.820000e-08 -3.503125e-05
3.830000e-08 -3.562378e-05
3.840000e-08 -3.622629e-05
3.850000e-08 -3.683905e-05
3.860000e-08 -3.746203e-05
3.870000e-08 -3.809528e-05
3.880000e-08 -3.873878e-05
3.890000e-08 -3.939336e-05
3.900000e-08 -4.005904e-05
3.910000e-08 -4.073556e-05
3.920000e-08 -4.142343e-05
3.930000e-08 -4.212243e-05
3.940000e-08 -4.283307e-05
3.950000e-08 -4.355570e-05
3.960000e-08 -4.429081e-05
3.970000e-08 -4.503847e-05
3.980000e-08 -4.579837e-05
3.990000e-08 -4.657106e-05
4.000000e-08 -4.735714e-05
4.010000e-08 -4.815630e-05
4.020000e-08 -4.896913e-05
4.030000e-08 -4.979590e-05
4.040000e-08 -5.063634e-05
4.050000e-08 -5.149072e-05
4.060000e-08 -5.235962e-05
4.070000e-08 -5.324302e-05
4.080000e-08 -5.414124e-05
4.090000e-08 -5.505510e-05
4.100000e-08 -5.598461e-05
4.110000e-08 -5.692978e-05
4.120000e-08 -5.789060e-05
4.130000e-08 -5.886793e-05
4.140000e-08 -5.986177e-05
4.150000e-08 -6.087268e-05
4.160000e-08 -6.190067e-05
4.170000e-08 -6.294545e-05
4.180000e-08 -6.400816e-05
4.190000e-08 -6.508880e-05
4.200000e-08 -6.618794e-05
4.210000e-08 -6.730558e-05
4.220000e-08 -6.844228e-05
4.230000e-08 -6.959778e-05
4.240000e-08 -7.077262e-05
4.250000e-08 -7.196767e-05
4.260000e-08 -7.318292e-05
4.270000e-08 -7.441867e-05
4.280000e-08 -7.567520e-05
4.290000e-08 -7.695335e-05
4.300000e-08 -7.825256e-05
4.310000e-08 -7.957399e-05
4.320000e-08 -8.091788e-05
4.330000e-08 -8.228455e-05
4.340000e-08 -8.367427e-05
4.350000e-08 -8.508789e-05
4.360000e-08 -8.652600e-05
4.370000e-08 -8.798829e-05
4.380000e-08 -8.947506e-05
4.390000e-08 -9.098716e-05
4.400000e-08 -9.252459e-05
4.410000e-08 -9.408792e-05
4.420000e-08 -9.567800e-05
4.430000e-08 -9.729483e-05
4.440000e-08 -9.893870e-05
4.450000e-08 -1.006099e-04
4.460000e-08 -1.023093e-04
4.470000e-08 -1.040377e-04
4.480000e-08 -1.057954e-04
4.490000e-08 -1.075827e-04
4.500000e-08 -1.094002e-04
4.510000e-08 -1.112484e-04
4.520000e-08 -1.131276e-04
4.530000e-08 -1.150390e-04
4.540000e-08 -1.169826e-04
4.550000e-08 -1.189591e-04
4.560000e-08 -1.209687e-04
4.570000e-08 -1.230122e-04
4.580000e-08 -1.250895e-04
4.590000e-08 -1.272027e-04
4.600000e-08 -1.293512e-04
4.610000e-08 -1.315361e-04
4.620000e-08 -1.337577e-04
4.630000e-08 -1.360166e-04
4.640000e-08 -1.383133e-04
4.650000e-08 -1.406491e-04
4.660000e-08 -1.430247e-04
4.670000e-08 -1.454398e-04
4.680000e-08 -1.478959e-04
4.690000e-08 -1.503936e-04
4.700000e-08 -1.529334e-04
4.710000e-08 -1.555156e-04
4.720000e-08 -1.581414e-04
4.730000e-08 -1.608112e-04
4.740000e-08 -1.635264e-04
4.750000e-08 -1.662876e-04
4.760000e-08 -1.690952e-04
4.770000e-08 -1.719506e-04
4.780000e-08 -1.748536e-04
4.790000e-08 -1.778052e-04
4.800000e-08 -1.808072e-04
4.810000e-08 -1.838599e-04
4.820000e-08 -1.869640e-04
4.830000e-08 -1.901209e-04
4.840000e-08 -1.933315e-04
4.850000e-08 -1.965959e-04
4.860000e-08 -1.999155e-04
4.870000e-08 -2.032915e-04
4.880000e-08 -2.067246e-04
4.890000e-08 -2.102159e-04
4.900000e-08 -2.137657e-04
4.910000e-08 -2.173754e-04
4.920000e-08 -2.210462e-04
4.930000e-08 -2.247790e-04
4.940000e-08 -2.285742e-04
4.950000e-08 -2.324332e-04
4.960000e-08 -2.363573e-04
4.970000e-08 -2.403477e-04
4.980000e-08 -2.444056e-04
4.990000e-08 -2.485318e-04
5.000000e-08 -2.527280e-04
5.010000e-08 -2.569945e-04
5.020000e-08 -2.613330e-04
5.030000e-08 -2.657443e-04
5.040000e-08 -2.702297e-04
5.050000e-08 -2.747907e-04
5.060000e-08 -2.794289e-04
5.070000e-08 -2.841459e-04
5.080000e-08 -2.889421e-04
5.090000e-08 -2.938185e-04
5.100000e-08 -2.987777e-04
5.110000e-08 -3.038206e-04
5.120000e-08 -3.089489e-04
5.130000e-08 -3.141639e-04
5.140000e-08 -3.194667e-04
5.150000e-08 -3.248591e-04
5.160000e-08 -3.303428e-04
5.170000e-08 -3.359193e-04
5.180000e-08 -3.415895e-04
5.190000e-08 -3.473555e-04
5.200000e-08 -3.532187e-04
5.210000e-08 -3.591808e-04
5.220000e-08 -3.652432e-04
5.230000e-08 -3.714080e-04
5.240000e-08 -3.776769e-04
5.250000e-08 -3.840518e-04
5.260000e-08 -3.905342e-04
5.270000e-08 -3.971259e-04
5.280000e-08 -4.038289e-04
5.290000e-08 -4.106448e-04
5.300000e-08 -4.175758e-04
5.310000e-08 -4.246237e-04
5.320000e-08 -4.317906e-04
5.330000e-08 -4.390790e-04
5.340000e-08 -4.464904e-04
5.350000e-08 -4.540270e-04
5.360000e-08 -4.616905e-04
5.370000e-08 -4.694829e-04
5.380000e-08 -4.774069e-04
5.390000e-08 -4.854643e-04
5.400000e-08 -4.936575e-04
5.410000e-08 -5.019890e-04
5.420000e-08 -5.104610e-04
5.430000e-08 -5.190757e-04
5.440000e-08 -5.278358e-04
5.450000e-08 -5.367436e-04
5.460000e-08 -5.458017e-04
5.470000e-08 -5.550123e-04
5.480000e-08 -5.643783e-04
5.490000e-08 -5.739023e-04
5.500000e-08 -5.835871e-04
5.510000e-08 -5.934349e-04
5.520000e-08 -6.034493e-04
5.530000e-08 -6.136327e-04
5.540000e-08 -6.239874e-04
5.550000e-08 -6.345169e-04
5.560000e-08 -6.452246e-04
5.570000e-08 -6.561129e-04
5.580000e-08 -6.671846e-04
5.590000e-08 -6.784432e-04
5.600000e-08 -6.898917e-04
5.610000e-08 -7.015331e-04
5.620000e-08 -7.133712e-04
5.630000e-08 -7.254091e-04
5.640000e-08 -7.376502e-04
5.650000e-08 -7.500979e-04
5.660000e-08 -7.627556e-04
5.670000e-08 -7.756265e-04
5.680000e-08 -7.887146e-04
5.690000e-08 -8.020232e-04
5.700000e-08 -8.155564e-04
5.710000e-08 -8.293181e-04
5.720000e-08 -8.433121e-04
5.730000e-08 -8.575423e-04
5.740000e-08 -8.720127e-04
5.750000e-08 -8.867270e-04
5.760000e-08 -9.016897e-04
5.770000e-08 -9.169046e-04
5.780000e-08 -9.323762e-04
5.790000e-08 -9.481086e-04
5.800000e-08 -9.641067e-04
5.810000e-08 -9.803749e-04
5.820000e-08 -9.969172e-04
5.830000e-08 -1.013739e-03
5.840000e-08 -1.030844e-03
5.850000e-08 -1.048238e-03
5.860000e-08 -1.065925e-03
5.870000e-08 -1.083911e-03
5.880000e-08 -1.102200e-03
5.890000e-08 -1.120798e-03
5.900000e-08 -1.139710e-03
5.910000e-08 -1.158940e-03
5.920000e-08 -1.178495e-03
5.930000e-08 -1.198380e-03
5.940000e-08 -1.218600e-03
5.950000e-08 -1.239162e-03
5.960000e-08 -1.260071e-03
5.970000e-08 -1.281332e-03
5.980000e-08 -1.302952e-03
5.990000e-08 -1.324936e-03
6.000000e-08 -1.347292e-03
6.010000e-08 -1.370025e-03
6.020000e-08 -1.393142e-03
6.030000e-08 -1.416649e-03
6.040000e-08 -1.440553e-03
6.050000e-08 -1.464860e-03
6.060000e-08 -1.489577e-03
6.070000e-08 -1.514711e-03
6.080000e-08 -1.540270e-03
6.090000e-08 -1.566259e-03
6.100000e-08 -1.592687e-03
6.110000e-08 -1.619560e-03
6.120000e-08 -1.646888e-03
6.130000e-08 -1.674676e-03
6.140000e-08 -1.702933e-03
6.150000e-08 -1.731667e-03
6.160000e-08 -1.760886e-03
6.170000e-08 -1.790598e-03
6.180000e-08 -1.820811e-03
6.190000e-08 -1.851534e-03
6.200000e-08 -1.882775e-03
6.210000e-08 -1.914544e-03
6.220000e-08 -1.946849e-03
6.230000e-08 -1.979698e-03
6.240000e-08 -2.013103e-03
6.250000e-08 -2.047070e-03
6.260000e-08 -2.081612e-03
6.270000e-08 -2.116736e-03
6.280000e-08 -2.152453e-03
6.290000e-08 -2.188773e-03
6.300000e-08 -2.225705e-03
6.310000e-08 -2.263260e-03
6.320000e-08 -2.301449e-03
6.330000e-08 -2.340282e-03
6.340000e-08 -2.379771e-03
6.350000e-08 -2.419926e-03
6.360000e-08 -2.460758e-03
6.370000e-08 -2.502280e-03
6.380000e-08 -2.544501e-03
6.390000e-08 -2.587436e-03
6.400000e-08 -2.631094e-03
6.410000e-08 -2.675490e-03
6.420000e-08 -2.720634e-03
6.430000e-08 -2.766540e-03
6.440000e-08 -2.813220e-03
6.450000e-08 -2.860688e-03
6.460000e-08 -2.908957e-03
6.470000e-08 -2.958041e-03
6.480000e-08 -3.007952e-03
6.490000e-08 -3.058706e-03
6.500000e-08 -3.110317e-03
6.510000e-08 -3.162798e-03
6.520000e-08 -3.216165e-03
6.530000e-08 -3.270432e-03
6.540000e-08 -3.325615e-03
6.550000e-08 -3.381729e-03
6.560000e-08 -3.438790e-03
6.570000e-08 -3.496813e-03
6.580000e-08 -3.555815e-03
6.590000e-08 -3.615812e-03
6.600000e-08 -3.676823e-03
6.610000e-08 -3.738862e-03
6.620000e-08 -3.801949e-03
6.630000e-08 -3.866101e-03
6.640000e-08 -3.931334e-03
6.650000e-08 -3.997668e-03
6.660000e-08 -4.065122e-03
6.670000e-08 -4.133713e-03
6.680000e-08 -4.203461e-03
6.690000e-08 -4.274386e-03
6.700000e-08 -4.346509e-03
6.710000e-08 -4.419848e-03
6.720000e-08 -4.494424e-03
6.730000e-08 -4.570259e-03
6.740000e-08 -4.647374e-03
6.750000e-08 -4.725789e-03
6.760000e-08 -4.805528e-03
6.770000e-08 -4.886612e-03
6.780000e-08 -4.969064e-03
6.790000e-08 -5.052908e-03
6.800000e-08 -5.138166e-03
6.810000e-08 -5.224862e-03
6.820000e-08 -5.313022e-03
6.830000e-08 -5.402669e-03
6.840000e-08 -5.493829e-03
6.850000e-08 -5.586526e-03
6.860000e-08 -5.680788e-03
6.870000e-08 -5.776640e-03
6.880000e-08 -5.874109e-03
6.890000e-08 -5.973223e-03
6.900000e-08 -6.074009e-03
6.910000e-08 -6.176496e-03
6.920000e-08 -6.280712e-03
6.930000e-08 -6.386686e-03
6.940000e-08 -6.494448e-03
6.950000e-08 -6.604029e-03
6.960000e-08 -6.715458e-03
6.970000e-08 -6.828768e-03
6.980000e-08 -6.943990e-03
6.990000e-08 -7.061157e-03
7.000000e-08 -7.180300e-03
7.010000e-08 -7.301454e-03
7.020000e-08 -7.424652e-03
7.030000e-08 -7.549928e-03
7.040000e-08 -7.677318e-03
7.050000e-08 -7.806858e-03
7.060000e-08 -7.938583e-03
7.070000e-08 -8.072530e-03
7.080000e-08 -8.208739e-03
7.090000e-08 -8.347245e-03
7.100000e-08 -8.488089e-03
7.110000e-08 -8.631309e-03
7.120000e-08 -8.776946e-03
7.130000e-08 -8.925039e-03
7.140000e-08 -9.075632e-03
7.150000e-08 -9.228766e-03
7.160000e-08 -9.384484e-03
7.170000e-08 -9.542829e-03
7.180000e-08 -9.703847e-03
7.190000e-08 -9.867581e-03
7.200000e-08 -1.003408e-02
7.210000e-08 -1.020338e-02
7.220000e-08 -1.037555e-02
7.230000e-08 -1.055062e-02
7.240000e-08 -1.072864e-02
7.250000e-08 -1.090967e-02
7.260000e-08 -1.109375e-02
7.270000e-08 -1.128094e-02
7.280000e-08 -1.147128e-02
7.290000e-08 -1.166484e-02
7.300000e-08 -1.186166e-02
7.310000e-08 -1.206181e-02
7.320000e-08 -1.226533e-02
7.330000e-08 -1.247228e-02
7.340000e-08 -1.268273e-02
7.350000e-08 -1.289673e-02
7.360000e-08 -1.311433e-02
7.370000e-08 -1.333561e-02
7.380000e-08 -1.356063e-02
7.390000e-08 -1.378944e-02
7.400000e-08 -1.402211e-02
7.410000e-08 -1.425871e-02
7.420000e-08 -1.449930e-02
7.430000e-08 -1.474395e-02
7.440000e-08 -1.499273e-02
7.450000e-08 -1.524570e-02
7.460000e-08 -1.550295e-02
7.470000e-08 -1.576453e-02
7.480000e-08 -1.603053e-02
7.490000e-08 -1.630102e-02
7.500000e-08 -1.657607e-02
7.510000e-08 -1.685576e-02
7.520000e-08 -1.714017e-02
7.530000e-08 -1.742938e-02
7.540000e-08 -1.772347e-02
7.550000e-08 -1.802252e-02
7.560000e-08 -1.832661e-02
7.570000e-08 -1.863584e-02
7.580000e-08 -1.895029e-02
7.590000e-08 -1.927004e-02
7.600000e-08 -1.959519e-02
7.610000e-08 -1.992582e-02
7.620000e-08 -2.026203e-02
7.630000e-08 -2.060392e-02
7.640000e-08 -2.095157e-02
7.650000e-08 -2.130509e-02
7.660000e-08 -2.166457e-02
7.670000e-08 -2.203012e-02
7.680000e-08 -2.240184e-02
7.690000e-08 -2.277983e-02
7.700000e-08 -2.316420e-02
7.710000e-08 -2.355506e-02
7.720000e-08 -2.395251e-02
7.730000e-08 -2.435666e-02
7.740000e-08 -2.476764e-02
7.750000e-08 -2.518555e-02
7.760000e-08 -2.561051e-02
7.770000e-08 -2.604264e-02
7.780000e-08 -2.648206e-02
7.790000e-08 -2.692890e-02
7.800000e-08 -2.738328e-02
7.810000e-08 -2.784532e-02
7.820000e-08 -2.831516e-02
7.830000e-08 -2.879293e-02
7.840000e-08 -2.927876e-02
7.850000e-08 -2.977279e-02
7.860000e-08 -3.027515e-02
7.870000e-08 -3.078599e-02
7.880000e-08 -3.130545e-02
7.890000e-08 -3.183367e-02
7.900000e-08 -3.237081e-02
7.910000e-08 -3.291701e-02
7.920000e-08 -3.347243e-02
7.930000e-08 -3.403722e-02
7.940000e-08 -3.461153e-02
7.950000e-08 -3.519554e-02
7.960000e-08 -3.578940e-02
7.970000e-08 -3.639329e-02
7.980000e-08 -3.700736e-02
7.990000e-08 -3.763179e-02
8.000000e-08 -3.826676e-02
8.010000e-08 -3.891245e-02
8.020000e-08 -3.956903e-02
8.030000e-08 -4.023669e-02
8.040000e-08 -4.091561e-02
8.050000e-08 -4.160599e-02
8.060000e-08 -4.230802e-02
8.070000e-08 -4.302189e-02
8.080000e-08 -4.374781e-02
8.090000e-08 -4.448597e-02
8.100000e-08 -4.523660e-02
8.110000e-08 -4.599988e-02
8.120000e-08 -4.677605e-02
8.130000e-08 -4.756531e-02
8.140000e-08 -4.836789e-02
8.150000e-08 -4.918401e-02
8.160000e-08 -5.001390e-02
8.170000e-08 -5.085780e-02
8.180000e-08 -5.171593e-02
8.190000e-08 -5.258855e-02
8.200000e-08 -5.347588e-02
8.210000e-08 -5.437819e-02
8.220000e-08 -5.529572e-02
8.230000e-08 -5.622874e-02
8.240000e-08 -5.717750e-02
8.250000e-08 -5.814227e-02
8.260000e-08 -5.912331e-02
8.270000e-08 -6.012091e-02
8.280000e-08 -6.113534e-02
8.290000e-08 -6.216689e-02
8.300000e-08 -6.321585e-02
8.310000e-08 -6.428250e-02
8.320000e-08 -6.536715e-02
8.330000e-08 -6.647010e-02
8.340000e-08 -6.759167e-02
8.350000e-08 -6.873215e-02
8.360000e-08 -6.989188e-02
8.370000e-08 -7.107118e-02
8.380000e-08 -7.227038e-02
8.390000e-08 -7.348981e-02
8.400000e-08 -7.472982e-02
8.410000e-08 -7.599075e-02
8.420000e-08 -7.727296e-02
8.430000e-08 -7.857680e-02
8.440000e-08 -7.990264e-02
8.450000e-08 -8.125085e-02
8.460000e-08 -8.262181e-02
8.470000e-08 -8.401590e-02
8.480000e-08 -8.543352e-02
8.490000e-08 -8.687506e-02
8.500000e-08 -8.834091e-02
8.510000e-08 -8.983151e-02
8.520000e-08 -9.134725e-02
8.530000e-08 -9.288857e-02
8.540000e-08 -9.445589e-02
8.550000e-08 -9.604967e-02
8.560000e-08 -9.767033e-02
8.570000e-08 -9.931834e-02
8.580000e-08 -1.009942e-01
8.590000e-08 -1.026982e-01
8.600000e-08 -1.044311e-01
8.610000e-08 -1.061932e-01
8.620000e-08 -1.079850e-01
8.630000e-08 -1.098070e-01
8.640000e-08 -1.116598e-01
8.650000e-08 -1.135439e-01
8.660000e-08 -1.154597e-01
8.670000e-08 -1.174079e-01
8.680000e-08 -1.193889e-01
8.690000e-08 -1.214034e-01
8.700000e-08 -1.234519e-01
8.710000e-08 -1.255349e-01
8.720000e-08 -1.276531e-01
8.730000e-08 -1.298070e-01
8.740000e-08 -1.319972e-01
8.750000e-08 -1.342245e-01
8.760000e-08 -1.364892e-01
8.770000e-08 -1.387923e-01
8.780000e-08 -1.411341e-01
8.790000e-08 -1.435155e-01
8.800000e-08 -1.459371e-01
8.810000e-08 -1.483995e-01
8.820000e-08 -1.509034e-01
8.830000e-08 -1.534497e-01
8.840000e-08 -1.560388e-01
8.850000e-08 -1.586717e-01
8.860000e-08 -1.613490e-01
8.870000e-08 -1.640715e-01
8.880000e-08 -1.668399e-01
8.890000e-08 -1.696550e-01
8.900000e-08 -1.725176e-01
8.910000e-08 -1.754285e-01
8.920000e-08 -1.783886e-01
8.930000e-08 -1.813985e-01
8.940000e-08 -1.844593e-01
8.950000e-08 -1.875717e-01
8.960000e-08 -1.907366e-01
8.970000e-08 -1.939550e-01
8.980000e-08 -1.972276e-01
8.990000e-08 -2.005555e-01
9.000000e-08 -2.039395e-01
9.010000e-08 -2.073806e-01
9.020000e-08 -2.108797e-01
9.030000e-08 -2.144379e-01
9.040000e-08 -2.180562e-01
9.050000e-08 -2.217355e-01
9.060000e-08 -2.254768e-01
9.070000e-08 -2.292813e-01
9.080000e-08 -2.331500e-01
9.090000e-08 -2.370840e-01
9.100000e-08 -2.410844e-01
9.110000e-08 -2.451522e-01
9.120000e-08 -2.492887e-01
9.130000e-08 -2.534950e-01
9.140000e-08 -2.577723e-01
9.150000e-08 -2.621217e-01
9.160000e-08 -2.665445e-01
9.170000e-08 -2.710419e-01
9.180000e-08 -2.756153e-01
9.190000e-08 -2.802658e-01
9.200000e-08 -2.849947e-01
9.210000e-08 -2.898035e-01
9.220000e-08 -2.946934e-01
9.230000e-08 -2.996658e-01
9.240000e-08 -3.047221e-01
9.250000e-08 -3.098637e-01
9.260000e-08 -3.150921e-01
9.270000e-08 -3.204087e-01
9.280000e-08 -3.258149e-01
9.290000e-08 -3.313125e-01
9.300000e-08 -3.369027e-01
9.310000e-08 -3.425873e-01
9.320000e-08 -3.483679e-01
9.330000e-08 -3.542459e-01
9.340000e-08 -3.602232e-01
9.350000e-08 -3.663012e-01
9.360000e-08 -3.724819e-01
9.370000e-08 -3.787668e-01
9.380000e-08 -3.851578e-01
9.390000e-08 -3.916566e-01
9.400000e-08 -3.982651e-01
9.410000e-08 -4.049851e-01
9.420000e-08 -4.118184e-01
9.430000e-08 -4.187671e-01
9.440000e-08 -4.258330e-01
9.450000e-08 -4.330181e-01
9.460000e-08 -4.403245e-01
9.470000e-08 -4.477541e-01
9.480000e-08 -4.553091e-01
9.490000e-08 -4.629916e-01
9.500000e-08 -4.708037e-01
9.510000e-08 -4.787476e-01
9.520000e-08 -4.868256e-01
9.530000e-08 -4.950398e-01
9.540000e-08 -5.033927e-01
9.550000e-08 -5.118865e-01
9.560000e-08 -5.205236e-01
9.570000e-08 -5.293065e-01
9.580000e-08 -5.382375e-01
9.590000e-08 -5.473192e-01
9.600000e-08 -5.565542e-01
9.610000e-08 -5.659450e-01
9.620000e-08 -5.754942e-01
9.630000e-08 -5.852046e-01
9.640000e-08 -5.950788e-01
9.650000e-08 -6.051196e-01
9.660000e-08 -6.153299e-01
9.670000e-08 -6.257124e-01
9.680000e-08 -6.362701e-01
9.690000e-08 -6.470059e-01
9.700000e-08 -6.579229e-01
9.710000e-08 -6.690241e-01
9.720000e-08 -6.803126e-01
9.730000e-08 -6.917915e-01
9.740000e-08 -7.034642e-01
9.750000e-08 -7.153338e-01
9.760000e-08 -7.274037e-01
9.770000e-08 -7.396772e-01
9.780000e-08 -7.521578e-01
9.790000e-08 -7.648490e-01
9.800000e-08 -7.777544e-01
9.810000e-08 -7.908775e-01
9.820000e-08 -8.042220e-01
9.830000e-08 -8.177917e-01
9.840000e-08 -8.315903e-01
9.850000e-08 -8.456218e-01
9.860000e-08 -8.598900e-01
9.870000e-08 -8.743990e-01
9.880000e-08 -8.891528e-01
9.890000e-08 -9.041555e-01
9.900000e-08 -9.194114e-01
9.910000e-08 -9.349246e-01
9.920000e-08 -9.506996e-01
9.930000e-08 -9.667408e-01
9.940000e-08 -9.830527e-01
9.950000e-08 -9.996398e-01
9.960000e-08 -1.016507e+00
9.970000e-08 -1.033658e+00
9.980000e-08 -1.051099e+00
9.990000e-08 -1.068834e+00
1.000000e-07 -1.086869e+00
1.001000e-07 -1.105208e+00
1.002000e-07 -1.123856e+00
1.003000e-07 -1.142819e+00
1.004000e-07 -1.162101e+00
1.005000e-07 -1.181710e+00
1.006000e-07 -1.201649e+00
1.007000e-07 -1.221924e+00
1.008000e-07 -1.242542e+00
1.009000e-07 -1.263507e+00
1.010000e-07 -1.284826e+00
1.011000e-07 -1.306505e+00
1.012000e-07 -1.328550e+00
1.013000e-07 -1.350966e+00
1.014000e-07 -1.373761e+00
1.015000e-07 -1.396940e+00
1.016000e-07 -1.420511e+00
1.017000e-07 -1.444479e+00
1.018000e-07 -1.468852e+00
1.019000e-07 -1.493636e+00
1.020000e-07 -1.518838e+00
1.021000e-07 -1.544465e+00
1.022000e-07 -1.570525e+00
1.023000e-07 -1.597024e+00
1.024000e-07 -1.623971e+00
1.025000e-07 -1.651372e+00
1.026000e-07 -1.679235e+00
1.027000e-07 -1.707569e+00
1.028000e-07 -1.736381e+00
1.029000e-07 -1.765678e+00
1.030000e-07 -1.795471e+00
1.031000e-07 -1.825765e+00
1.032000e-07 -1.856571e+00
1.033000e-07 -1.887897e+00
1.034000e-07 -1.919751e+00
1.035000e-07 -1.952143e+00
1.036000e-07 -1.985082e+00
1.037000e-07 -2.018576e+00
1.038000e-07 -2.052635e+00
1.039000e-07 -2.087269e+00
1.040000e-07 -2.122487e+00
1.041000e-07 -2.158299e+00
1.042000e-07 -2.194716e+00
1.043000e-07 -2.231747e+00
1.044000e-07 -2.269403e+00
1.045000e-07 -2.307694e+00
1.046000e-07 -2.346632e+00
1.047000e-07 -2.386226e+00
1.048000e-07 -2.426489e+00
1.049000e-07 -2.467430e+00
1.050000e-07 -2.509063e+00
1.051000e-07 -2.551398e+00
1.052000e-07 -2.594447e+00
1.053000e-07 -2.638223e+00
1.054000e-07 -2.682737e+00
1.055000e-07 -2.728002e+00
1.056000e-07 -2.774031e+00
1.057000e-07 -2.820837e+00
1.058000e-07 -2.868432e+00
1.059000e-07 -2.916830e+00
1.060000e-07 -2.966045e+00
1.061000e-07 -3.016091e+00
1.062000e-07 -3.066980e+00
1.063000e-07 -3.118729e+00
1.064000e-07 -3.171350e+00
1.065000e-07 -3.224859e+00
1.066000e-07 -3.279272e+00
1.067000e-07 -3.334602e+00
1.068000e-07 -3.390866e+00
1.069000e-07 -3.448079e+00
1.070000e-07 -3.506257e+00
1.071000e-07 -3.565417e+00
1.072000e-07 -3.625575e+00
1.073000e-07 -3.686748e+00
1.074000e-07 -3.748953e+00
1.075000e-07 -3.812208e+00
1.076000e-07 -3.876530e+00
1.077000e-07 -3.941937e+00
1.078000e-07 -4.008448e+00
1.079000e-07 -4.076081e+00
1.080000e-07 -4.144855e+00
1.081000e-07 -4.214789e+00
1.082000e-07 -4.285904e+00
1.083000e-07 -4.358218e+00
1.084000e-07 -4.431752e+00
1.085000e-07 -4.506527e+00
1.086000e-07 -4.582563e+00
1.087000e-07 -4.659883e+00
1.088000e-07 -4.738507e+00
1.089000e-07 -4.818457e+00
1.090000e-07 -4.899757e+00
1.091000e-07 -4.982428e+00
1.092000e-07 -5.066493e+00
1.093000e-07 -5.151978e+00
1.094000e-07 -5.238904e+00
1.095000e-07 -5.327297e+00
1.096000e-07 -5.417181e+00
1.097000e-07 -5.508582e+00
1.098000e-07 -5.601525e+00
1.099000e-07 -5.696036e+00
1.100000e-07 -5.792142e+00
1.101000e-07 -5.889869e+00
1.102000e-07 -5.989245e+00
1.103000e-07 -6.090297e+00
1.104000e-07 -6.193054e+00
1.105000e-07 -6.297545e+00
1.106000e-07 -6.403799e+00
1.107000e-07 -6.511846e+00
1.108000e-07 -6.621715e+00
1.109000e-07 -6.733438e+00
1.110000e-07 -6.847046e+00
1.111000e-07 -6.962571e+00
1.112000e-07 -7.080045e+00
1.113000e-07 -7.199500e+00
1.114000e-07 -7.320971e+00
1.115000e-07 -7.444492e+00
1.116000e-07 -7.570096e+00
1.117000e-07 -7.697819e+00
1.118000e-07 -7.827698e+00
1.119000e-07 -7.959767e+00
1.120000e-07 -8.094064e+00
1.121000e-07 -8.230628e+00
1.122000e-07 -8.369495e+00
1.123000e-07 -8.510705e+00
1.124000e-07 -8.654297e+00
1.125000e-07 -8.800312e+00
1.126000e-07 -8.948790e+00
1.127000e-07 -9.099773e+00
1.128000e-07 -9.253303e+00
1.129000e-07 -9.409423e+00
1.130000e-07 -9.568178e+00
1.131000e-07 -9.729610e+00
1.132000e-07 -9.893766e+00
1.133000e-07 -1.006069e+01
1.134000e-07 -1.023043e+01
1.135000e-07 -1.040304e+01
1.136000e-07 -1.057855e+01
1.137000e-07 -1.075703e+01
1.138000e-07 -1.093852e+01
1.139000e-07 -1.112307e+01
1.140000e-07 -1.131074e+01
1.141000e-07 -1.150156e+01
1.142000e-07 -1.169561e+01
1.143000e-07 -1.189294e+01
1.144000e-07 -1.209359e+01
1.145000e-07 -1.229762e+01
1.146000e-07 -1.250510e+01
1.147000e-07 -1.271608e+01
1.148000e-07 -1.293062e+01
1.149000e-07 -1.314878e+01
1.150000e-07 -1.337061e+01
1.151000e-07 -1.359619e+01
1.152000e-07 -1.382558e+01
1.153000e-07 -1.405883e+01
1.154000e-07 -1.429602e+01
1.155000e-07 -1.453721e+01
1.156000e-07 -1.478247e+01
1.157000e-07 -1.503186e+01
1.158000e-07 -1.528547e+01
1.159000e-07 -1.554335e+01
1.160000e-07 -1.580558e+01
1.161000e-07 -1.607223e+01
1.162000e-07 -1.634339e+01
1.163000e-07 -1.661911e+01
1.164000e-07 -1.689949e+01
1.165000e-07 -1.718460e+01
1.166000e-07 -1.747451e+01
1.167000e-07 -1.776932e+01
1.168000e-07 -1.806910e+01
1.169000e-07 -1.837394e+01
1.170000e-07 -1.868391e+01
1.171000e-07 -1.899912e+01
1.172000e-07 -1.931965e+01
1.173000e-07 -1.964558e+01
1.174000e-07 -1.997700e+01
1.175000e-07 -2.031402e+01
1.176000e-07 -2.065673e+01
1.177000e-07 -2.100521e+01
1.178000e-07 -2.135957e+01
1.179000e-07 -2.171991e+01
1.180000e-07 -2.208633e+01
1.181000e-07 -2.245892e+01
1.182000e-07 -2.283780e+01
1.183000e-07 -2.322308e+01
1.184000e-07 -2.361485e+01
1.185000e-07 -2.401322e+01
1.186000e-07 -2.441832e+01
1.187000e-07 -2.483025e+01
1.188000e-07 -2.524913e+01
1.189000e-07 -2.567507e+01
1.190000e-07 -2.610819e+01
1.191000e-07 -2.654863e+01
1.192000e-07 -2.699648e+01
1.193000e-07 -2.745190e+01
1.194000e-07 -2.791499e+01
1.195000e-07 -2.838589e+01
1.196000e-07 -2.886474e+01
1.197000e-07 -2.935166e+01
1.198000e-07 -2.984679e+01
1.199000e-07 -3.035027e+01
1.200000e-07 -3.086225e+01
1.201000e-07 -3.138286e+01
1.202000e-07 -3.191224e+01
1.203000e-07 -3.245056e+01
1.204000e-07 -3.299795e+01
1.205000e-07 -3.355458e+01
1.206000e-07 -3.412059e+01
1.207000e-07 -3.469615e+01
1.208000e-07 -3.528141e+01
1.209000e-07 -3.587654e+01
1.210000e-07 -3.648171e+01
1.211000e-07 -3.709708e+01
1.212000e-07 -3.772283e+01
1.213000e-07 -3.835913e+01
1.214000e-07 -3.900616e+01
1.215000e-07 -3.966410e+01
1.216000e-07 -4.033313e+01
1.217000e-07 -4.101345e+01
1.218000e-07 -4.170523e+01
1.219000e-07 -4.240869e+01
1.220000e-07 -4.312400e+01
1.221000e-07 -4.385137e+01
1.222000e-07 -4.459101e+01
1.223000e-07 -4.534312e+01
1.224000e-07 -4.610791e+01
1.225000e-07 -4.688559e+01
1.226000e-07 -4.767638e+01
1.227000e-07 -4.848051e+01
1.228000e-07 -4.929819e+01
1.229000e-07 -5.012966e+01
1.230000e-07 -5.097515e+01
1.231000e-07 -5.183489e+01
1.232000e-07 -5.270913e+01
1.233000e-07 -5.359810e+01
1.234000e-07 -5.450206e+01
1.235000e-07 -5.542126e+01
1.236000e-07 -5.635596e+01
1.237000e-07 -5.730641e+01
1.238000e-07 -5.827288e+01
1.239000e-07 -5.925564e+01
1.240000e-07 -6.025497e+01
1.241000e-07 -6.127114e+01
1.242000e-07 -6.230445e+01
1.243000e-07 -6.335517e+01
1.244000e-07 -6.442360e+01
1.245000e-07 -6.551003e+01
1.246000e-07 -6.661478e+01
1.247000e-07 -6.773815e+01
1.248000e-07 -6.888045e+01
1.249000e-07 -7.004201e+01
1.250000e-07 -7.122314e+01
1.251000e-07 -7.242417e+01
1.252000e-07 -7.364545e+01
1.253000e-07 -7.488731e+01
1.254000e-07 -7.615009e+01
1.255000e-07 -7.743416e+01
1.256000e-07 -7.873986e+01
1.257000e-07 -8.006757e+01
1.258000e-07 -8.141765e+01
1.259000e-07 -8.279047e+01
1.260000e-07 -8.418643e+01
1.261000e-07 -8.560591e+01
1.262000e-07 -8.704931e+01
1.263000e-07 -8.851703e+01
1.264000e-07 -9.000947e+01
1.265000e-07 -9.152706e+01
1.266000e-07 -9.307021e+01
1.267000e-07 -9.463937e+01
1.268000e-07 -9.623495e+01
1.269000e-07 -9.785742e+01
1.270000e-07 -9.950722e+01
1.271000e-07 -1.011848e+02
1.272000e-07 -1.028907e+02
1.273000e-07 -1.046252e+02
1.274000e-07 -1.063890e+02
1.275000e-07 -1.081825e+02
1.276000e-07 -1.100062e+02
1.277000e-07 -1.118607e+02
1.278000e-07 -1.137463e+02
1.279000e-07 -1.156637e+02
1.280000e-07 -1.176134e+02
1.281000e-07 -1.195960e+02
1.282000e-07 -1.216119e+02
1.283000e-07 -1.236618e+02
1.284000e-07 -1.257462e+02
1.285000e-07 -1.278656e+02
1.286000e-07 -1.300208e+02
1.287000e-07 -1.322122e+02
1.288000e-07 -1.344406e+02
1.289000e-07 -1.367064e+02
1.290000e-07 -1.390104e+02
1.291000e-07 -1.413532e+02
1.292000e-07 -1.437355e+02
1.293000e-07 -1.461578e+02
1.294000e-07 -1.486209e+02
1.295000e-07 -1.511254e+02
1.296000e-07 -1.536721e+02
1.297000e-07 -1.562617e+02
1.298000e-07 -1.588948e+02
1.299000e-07 -1.615723e+02
1.300000e-07 -1.642948e+02
1.301000e-07 -1.670631e+02
1.302000e-07 -1.698780e+02
1.303000e-07 -1.727403e+02
1.304000e-07 -1.756507e+02
1.305000e-07 -1.786101e+02
1.306000e-07 -1.816192e+02
1.307000e-07 -1.846790e+02
1.308000e-07 -1.877902e+02
1.309000e-07 -1.909538e+02
1.310000e-07 -1.941706e+02
1.311000e-07 -1.974415e+02
1.312000e-07 -2.007674e+02
1.313000e-07 -2.041492e+02
1.314000e-07 -2.075879e+02
1.315000e-07 -2.110844e+02
1.316000e-07 -2.146397e+02
1.317000e-07 -2.182548e+02
1.318000e-07 -2.219306e+02
1.319000e-07 -2.256683e+02
1.320000e-07 -2.294687e+02
1.321000e-07 -2.333331e+02
1.322000e-07 -2.372624e+02
1.323000e-07 -2.412577e+02
1.324000e-07 -2.453202e+02
1.325000e-07 -2.494509e+02
1.326000e-07 -2.536510e+02
1.327000e-07 -2.579218e+02
1.328000e-07 -2.622642e+02
1.329000e-07 -2.666796e+02
1.330000e-07 -2.711692e+02
1.331000e-07 -2.757342e+02
1.332000e-07 -2.803758e+02
1.333000e-07 -2.850954e+02
1.334000e-07 -2.898942e+02
1.335000e-07 -2.947737e+02
1.336000e-07 -2.997350e+02
1.337000e-07 -3.047797e+02
1.338000e-07 -3.099090e+02
1.339000e-07 -3.151244e+02
1.340000e-07 -3.204274e+02
1.341000e-07 -3.258193e+02
1.342000e-07 -3.313018e+02
1.343000e-07 -3.368762e+02
1.344000e-07 -3.425441e+02
1.345000e-07 -3.483072e+02
1.346000e-07 -3.541669e+02
1.347000e-07 -3.601249e+02
1.348000e-07 -3.661828e+02
1.349000e-07 -3.723423e+02
1.350000e-07 -3.786051e+02
1.351000e-07 -3.849729e+02
1.352000e-07 -3.914474e+02
1.353000e-07 -3.980305e+02
1.354000e-07 -4.047239e+02
1.355000e-07 -4.115294e+02
1.356000e-07 -4.184490e+02
1.357000e-07 -4.254846e+02
1.358000e-07 -4.326380e+02
1.359000e-07 -4.399112e+02
1.360000e-07 -4.473062e+02
1.361000e-07 -4.548251e+02
1.362000e-07 -4.624699e+02
1.363000e-07 -4.702426e+02
1.364000e-07 -4.781455e+02
1.365000e-07 -4.861806e+02
1.366000e-07 -4.943503e+02
1.367000e-07 -5.026566e+02
1.368000e-07 -5.111019e+02
1.369000e-07 -5.196884e+02
1.370000e-07 -5.284186e+02
1.371000e-07 -5.372948e+02
1.372000e-07 -5.463194e+02
1.373000e-07 -5.554949e+02
1.374000e-07 -5.648237e+02
1.375000e-07 -5.743084e+02
1.376000e-07 -5.839517e+02
1.377000e-07 -5.937560e+02
1.378000e-07 -6.037242e+02
1.379000e-07 -6.138588e+02
1.380000e-07 -6.241627e+02
1.381000e-07 -6.346386e+02
1.382000e-07 -6.452893e+02
1.383000e-07 -6.561178e+02
1.384000e-07 -6.671271e+02
1.385000e-07 -6.783200e+02
1.386000e-07 -6.896996e+02
1.387000e-07 -7.012690e+02
1.388000e-07 -7.130312e+02
1.389000e-07 -7.249896e+02
1.390000e-07 -7.371473e+02
1.391000e-07 -7.495076e+02
1.392000e-07 -7.620738e+02
1.393000e-07 -7.748493e+02
1.394000e-07 -7.878376e+02
1.395000e-07 -8.010421e+02
1.396000e-07 -8.144664e+02
1.397000e-07 -8.281142e+02
1.398000e-07 -8.419890e+02
1.399000e-07 -8.560945e+02
1.400000e-07 -8.704347e+02
1.401000e-07 -8.850133e+02
1.402000e-07 -8.998342e+02
1.403000e-07 -9.149014e+02
1.404000e-07 -9.302189e+02
1.405000e-07 -9.457908e+02
1.406000e-07 -9.616212e+02
1.407000e-07 -9.777145e+02
1.408000e-07 -9.940748e+02
1.409000e-07 -1.010707e+03
1.410000e-07 -1.027614e+03
1.411000e-07 -1.044802e+03
1.412000e-07 -1.062275e+03
1.413000e-07 -1.080037e+03
1.414000e-07 -1.098094e+03
1.415000e-07 -1.116450e+03
1.416000e-07 -1.135109e+03
1.417000e-07 -1.154078e+03
1.418000e-07 -1.173360e+03
1.419000e-07 -1.192961e+03
1.420000e-07 -1.212886e+03
1.421000e-07 -1.233141e+03
1.422000e-07 -1.253730e+03
1.423000e-07 -1.274659e+03
1.424000e-07 -1.295934e+03
1.425000e-07 -1.317560e+03
1.426000e-07 -1.339543e+03
1.427000e-07 -1.361888e+03
1.428000e-07 -1.384602e+03
1.429000e-07 -1.407690e+03
1.430000e-07 -1.431158e+03
1.431000e-07 -1.455013e+03
1.432000e-07 -1.479260e+03
1.433000e-07 -1.503906e+03
1.434000e-07 -1.528958e+03
1.435000e-07 -1.554421e+03
1.436000e-07 -1.580303e+03
1.437000e-07 -1.606609e+03
1.438000e-07 -1.633348e+03
1.439000e-07 -1.660525e+03
1.440000e-07 -1.688148e+03
1.441000e-07 -1.716224e+03
1.442000e-07 -1.744760e+03
1.443000e-07 -1.773763e+03
1.444000e-07 -1.803240e+03
1.445000e-07 -1.833200e+03
1.446000e-07 -1.863650e+03
1.447000e-07 -1.894598e+03
1.448000e-07 -1.926051e+03
1.449000e-07 -1.958017e+03
1.450000e-07 -1.990505e+03
1.451000e-07 -2.023523e+03
1.452000e-07 -2.057078e+03
1.453000e-07 -2.091180e+03
1.454000e-07 -2.125837e+03
1.455000e-07 -2.161058e+03
1.456000e-07 -2.196852e+03
1.457000e-07 -2.233227e+03
1.458000e-07 -2.270192e+03
1.459000e-07 -2.307758e+03
1.460000e-07 -2.345932e+03
1.461000e-07 -2.384725e+03
1.462000e-07 -2.424146e+03
1.463000e-07 -2.464205e+03
1.464000e-07 -2.504911e+03
1.465000e-07 -2.546275e+03
1.466000e-07 -2.588307e+03
1.467000e-07 -2.631018e+03
1.468000e-07 -2.674416e+03
1.469000e-07 -2.718514e+03
1.470000e-07 -2.763322e+03
1.471000e-07 -2.808850e+03
1.472000e-07 -2.855109e+03
1.473000e-07 -2.902112e+03
1.474000e-07 -2.949868e+03
1.475000e-07 -2.998390e+03
1.476000e-07 -3.047689e+03
1.477000e-07 -3.097777e+03
1.478000e-07 -3.148665e+03
1.479000e-07 -3.200366e+03
1.480000e-07 -3.252893e+03
1.481000e-07 -3.306256e+03
1.482000e-07 -3.360469e+03
1.483000e-07 -3.415545e+03
1.484000e-07 -3.471496e+03
1.485000e-07 -3.528335e+03
1.486000e-07 -3.586076e+03
1.487000e-07 -3.644731e+03
1.488000e-07 -3.704315e+03
1.489000e-07 -3.764841e+03
1.490000e-07 -3.826323e+03
1.491000e-07 -3.888774e+03
1.492000e-07 -3.952210e+03
1.493000e-07 -4.016643e+03
1.494000e-07 -4.082090e+03
1.495000e-07 -4.148564e+03
1.496000e-07 -4.216080e+03
1.497000e-07 -4.284653e+03
1.498000e-07 -4.354299e+03
1.499000e-07 -4.425033e+03
1.500000e-07 -4.496870e+03
1.501000e-07 -4.569826e+03
1.502000e-07 -4.643917e+03
1.503000e-07 -4.719159e+03
1.504000e-07 -4.795568e+03
1.505000e-07 -4.873160e+03
1.506000e-07 -4.951953e+03
1.507000e-07 -5.031963e+03
1.508000e-07 -5.113206e+03
1.509000e-07 -5.195700e+03
1.510000e-07 -5.279463e+03
1.511000e-07 -5.364511e+03
1.512000e-07 -5.450861e+03
1.513000e-07 -5.538533e+03
1.514000e-07 -5.627544e+03
1.515000e-07 -5.717911e+03
1.516000e-07 -5.809654e+03
1.517000e-07 -5.902790e+03
1.518000e-07 -5.997339e+03
1.519000e-07 -6.093318e+03
1.520000e-07 -6.190747e+03
1.521000e-07 -6.289646e+03
1.522000e-07 -6.390032e+03
1.523000e-07 -6.491926e+03
1.524000e-07 -6.595348e+03
1.525000e-07 -6.700316e+03
1.526000e-07 -6.806850e+03
1.527000e-07 -6.914972e+03
1.528000e-07 -7.024700e+03
1.529000e-07 -7.136056e+03
1.530000e-07 -7.249058e+03
1.531000e-07 -7.363729e+03
1.532000e-07 -7.480089e+03
1.533000e-07 -7.598158e+03
1.534000e-07 -7.717958e+03
1.535000e-07 -7.839509e+03
1.536000e-07 -7.962833e+03
1.537000e-07 -8.087951e+03
1.538000e-07 -8.214884e+03
1.539000e-07 -8.343654e+03
1.540000e-07 -8.474282e+03
1.541000e-07 -8.606790e+03
1.542000e-07 -8.741200e+03
1.543000e-07 -8.877533e+03
1.544000e-07 -9.015812e+03
1.545000e-07 -9.156058e+03
1.546000e-07 -9.298293e+03
1.547000e-07 -9.442540e+03
1.548000e-07 -9.588821e+03
1.549000e-07 -9.737156e+03
1.550000e-07 -9.887570e+03
1.551000e-07 -1.004008e+04
1.552000e-07 -1.019472e+04
1.553000e-07 -1.035150e+04
1.554000e-07 -1.051045e+04
1.555000e-07 -1.067158e+04
1.556000e-07 -1.083493e+04
1.557000e-07 -1.100050e+04
1.558000e-07 -1.116834e+04
1.559000e-07 -1.133845e+04
1.560000e-07 -1.151086e+04
1.561000e-07 -1.168559e+04
1.562000e-07 -1.186266e+04
1.563000e-07 -1.204209e+04
1.564000e-07 -1.222391e+04
1.565000e-07 -1.240814e+04
1.566000e-07 -1.259480e+04
1.567000e-07 -1.278390e+04
1.568000e-07 -1.297547e+04
1.569000e-07 -1.316954e+04
1.570000e-07 -1.336611e+04
1.571000e-07 -1.356522e+04
1.572000e-07 -1.376688e+04
1.573000e-07 -1.397111e+04
1.574000e-07 -1.417793e+04
1.575000e-07 -1.438736e+04
1.576000e-07 -1.459942e+04
1.577000e-07 -1.481413e+04
1.578000e-07 -1.503150e+04
1.579000e-07 -1.525156e+04
1.580000e-07 -1.547431e+04
1.581000e-07 -1.569979e+04
1.582000e-07 -1.592800e+04
1.583000e-07 -1.615896e+04
1.584000e-07 -1.639269e+04
1.585000e-07 -1.662921e+04
1.586000e-07 -1.686852e+04
1.587000e-07 -1.711064e+04
1.588000e-07 -1.735559e+04
1.589000e-07 -1.760337e+04
1.590000e-07 -1.785401e+04
1.591000e-07 -1.810752e+04
1.592000e-07 -1.836390e+04
1.593000e-07 -1.862316e+04
1.594000e-07 -1.888532e+04
1.595000e-07 -1.915039e+04
1.596000e-07 -1.941837e+04
1.597000e-07 -1.968927e+04
1.598000e-07 -1.996311e+04
1.599000e-07 -2.023988e+04
1.600000e-07 -2.051959e+04
1.601000e-07 -2.080225e+04
1.602000e-07 -2.108786e+04
1.603000e-07 -2.137642e+04
1.604000e-07 -2.166794e+04
1.605000e-07 -2.196241e+04
1.606000e-07 -2.225984e+04
1.607000e-07 -2.256023e+04
1.608000e-07 -2.286357e+04
1.609000e-07 -2.316986e+04
1.610000e-07 -2.347910e+04
1.611000e-07 -2.379129e+04
1.612000e-07 -2.410640e+04
1.613000e-07 -2.442445e+04
1.614000e-07 -2.474541e+04
1.615000e-07 -2.506929e+04
1.616000e-07 -2.539607e+04
1.617000e-07 -2.572573e+04
1.618000e-07 -2.605826e+04
1.619000e-07 -2.639366e+04
1.620000e-07 -2.673190e+04
1.621000e-07 -2.707296e+04
1.622000e-07 -2.741683e+04
1.623000e-07 -2.776349e+04
1.624000e-07 -2.811291e+04
1.625000e-07 -2.846507e+04
1.626000e-07 -2.881995e+04
1.627000e-07 -2.917753e+04
1.628000e-07 -2.953776e+04
1.629000e-07 -2.990063e+04
1.630000e-07 -3.026611e+04
1.631000e-07 -3.063416e+04
1.632000e-07 -3.100475e+04
1.633000e-07 -3.137785e+04
1.634000e-07 -3.175341e+04
1.635000e-07 -3.213141e+04
1.636000e-07 -3.251179e+04
1.637000e-07 -3.289453e+04
1.638000e-07 -3.327957e+04
1.639000e-07 -3.366687e+04
1.640000e-07 -3.405639e+04
1.641000e-07 -3.444808e+04
1.642000e-07 -3.484188e+04
1.643000e-07 -3.523776e+04
1.644000e-07 -3.563565e+04
1.645000e-07 -3.603550e+04
1.646000e-07 -3.643725e+04
1.647000e-07 -3.684086e+04
1.648000e-07 -3.724625e+04
1.649000e-07 -3.765337e+04
1.650000e-07 -3.806216e+04
1.651000e-07 -3.847255e+04
1.652000e-07 -3.888448e+04
1.653000e-07 -3.929788e+04
1.654000e-07 -3.971269e+04
1.655000e-07 -4.012882e+04
1.656000e-07 -4.054622e+04
1.657000e-07 -4.096481e+04
1.658000e-07 -4.138452e+04
1.659000e-07 -4.180526e+04
1.660000e-07 -4.222697e+04
1.661000e-07 -4.264957e+04
1.662000e-07 -4.307297e+04
1.663000e-07 -4.349710e+04
1.664000e-07 -4.392187e+04
1.665000e-07 -4.434720e+04
1.666000e-07 -4.477302e+04
1.667000e-07 -4.519922e+04
1.668000e-07 -4.562573e+04
1.669000e-07 -4.605247e+04
1.670000e-07 -4.647933e+04
1.671000e-07 -4.690624e+04
1.672000e-07 -4.733310e+04
1.673000e-07 -4.775983e+04
1.674000e-07 -4.818633e+04
1.675000e-07 -4.861251e+04
1.676000e-07 -4.903828e+04
1.677000e-07 -4.946355e+04
1.678000e-07 -4.988822e+04
1.679000e-07 -5.031221e+04
1.680000e-07 -5.073541e+04
1.681000e-07 -5.115773e+04
1.682000e-07 -5.157908e+04
1.683000e-07 -5.199937e+04
1.684000e-07 -5.241850e+04
1.685000e-07 -5.283638e+04
1.686000e-07 -5.325291e+04
1.687000e-07 -5.366800e+04
1.688000e-07 -5.408156e+04
1.689000e-07 -5.449349e+04
1.690000e-07 -5.490370e+04
1.691000e-07 -5.531210e+04
1.692000e-07 -5.571860e+04
1.693000e-07 -5.612311e+04
1.694000e-07 -5.652553e+04
1.695000e-07 -5.692578e+04
1.696000e-07 -5.732378e+04
1.697000e-07 -5.771943e+04
1.698000e-07 -5.811264e+04
1.699000e-07 -5.850334e+04
1.700000e-07 -5.889144e+04
1.701000e-07 -5.927685e+04
1.702000e-07 -5.965950e+04
1.703000e-07 -6.003930e+04
1.704000e-07 -6.041619e+04
1.705000e-07 -6.079008e+04
1.706000e-07 -6.116089e+04
1.707000e-07 -6.152856e+04
1.708000e-07 -6.189301e+04
1.709000e-07 -6.225418e+04
1.710000e-07 -6.261199e+04
1.711000e-07 -6.296638e+04
1.712000e-07 -6.331729e+04
1.713000e-07 -6.366466e+04
1.714000e-07 -6.400842e+04
1.715000e-07 -6.434853e+04
1.716000e-07 -6.468492e+04
1.717000e-07 -6.501754e+04
1.718000e-07 -6.534634e+04
1.719000e-07 -6.567127e+04
1.720000e-07 -6.599230e+04
1.721000e-07 -6.630937e+04
1.722000e-07 -6.662244e+04
1.723000e-07 -6.693148e+04
1.724000e-07 -6.723645e+04
1.725000e-07 -6.753732e+04
1.726000e-07 -6.783405e+04
1.727000e-07 -6.812662e+04
1.728000e-07 -6.841500e+04
1.729000e-07 -6.869917e+04
1.730000e-07 -6.897910e+04
1.731000e-07 -6.925478e+04
1.732000e-07 -6.952620e+04
1.733000e-07 -6.979334e+04
1.734000e-07 -7.005618e+04
1.735000e-07 -7.031473e+04
1.736000e-07 -7.056897e+04
1.737000e-07 -7.081890e+04
1.738000e-07 -7.106453e+04
1.739000e-07 -7.130585e+04
1.740000e-07 -7.154286e+04
1.741000e-07 -7.177557e+04
1.742000e-07 -7.200400e+04
1.743000e-07 -7.222815e+04
1.744000e-07 -7.244803e+04
1.745000e-07 -7.266367e+04
1.746000e-07 -7.287507e+04
1.747000e-07 -7.308226e+04
1.748000e-07 -7.328525e+04
1.749000e-07 -7.348408e+04
1.750000e-07 -7.367877e+04
1.751000e-07 -7.386934e+04
1.752000e-07 -7.405583e+04
1.753000e-07 -7.423827e+04
1.754000e-07 -7.441668e+04
1.755000e-07 -7.459110e+04
1.756000e-07 -7.476158e+04
1.757000e-07 -7.492814e+04
1.758000e-07 -7.509083e+04
1.759000e-07 -7.524968e+04
1.760000e-07 -7.540474e+04
1.761000e-07 -7.555606e+04
1.762000e-07 -7.570367e+04
1.763000e-07 -7.584762e+04
1.764000e-07 -7.598796e+04
1.765000e-07 -7.612474e+04
1.766000e-07 -7.625800e+04
1.767000e-07 -7.638779e+04
1.768000e-07 -7.651417e+04
1.769000e-07 -7.663719e+04
1.770000e-07 -7.675690e+04
1.771000e-07 -7.687334e+04
1.772000e-07 -7.698658e+04
1.773000e-07 -7.709667e+04
1.774000e-07 -7.720365e+04
1.775000e-07 -7.730760e+04
1.776000e-07 -7.740855e+04
1.777000e-07 -7.750657e+04
1.778000e-07 -7.760171e+04
1.779000e-07 -7.769403e+04
1.780000e-07 -7.778358e+04
1.781000e-07 -7.787042e+04
1.782000e-07 -7.795460e+04
1.783000e-07 -7.803618e+04
1.784000e-07 -7.811521e+04
1.785000e-07 -7.819176e+04
1.786000e-07 -7.826586e+04
1.787000e-07 -7.833759e+04
1.788000e-07 -7.840700e+04
1.789000e-07 -7.847413e+04
1.790000e-07 -7.853904e+04
1.791000e-07 -7.860179e+04
1.792000e-07 -7.866243e+04
1.793000e-07 -7.872101e+04
1.794000e-07 -7.877758e+04
1.795000e-07 -7.883220e+04
1.796000e-07 -7.888492e+04
1.797000e-07 -7.893578e+04
1.798000e-07 -7.898484e+04
1.799000e-07 -7.903214e+04
1.800000e-07 -7.907774e+04
1.801000e-07 -7.912168e+04
1.802000e-07 -7.916401e+04
1.803000e-07 -7.920477e+04
1.804000e-07 -7.924401e+04
1.805000e-07 -7.928178e+04
1.806000e-07 -7.931812e+04
1.807000e-07 -7.935308e+04
1.808000e-07 -7.938668e+04
1.809000e-07 -7.941899e+04
1.810000e-07 -7.945003e+04
1.811000e-07 -7.947985e+04
1.812000e-07 -7.950849e+04
1.813000e-07 -7.953598e+04
1.814000e-07 -7.956236e+04
1.815000e-07 -7.958768e+04
1.816000e-07 -7.961196e+04
1.817000e-07 -7.963524e+04
1.818000e-07 -7.965755e+04
1.819000e-07 -7.967894e+04
1.820000e-07 -7.969942e+04
1.821000e-07 -7.971904e+04
1.822000e-07 -7.973782e+04
1.823000e-07 -7.975579e+04
1.824000e-07 -7.977299e+04
1.825000e-07 -7.978943e+04
1.826000e-07 -7.980516e+04
1.827000e-07 -7.982019e+04
1.828000e-07 -7.983456e+04
1.829000e-07 -7.984828e+04
1.830000e-07 -7.986139e+04
1.831000e-07 -7.987390e+04
1.832000e-07 -7.988584e+04
1.833000e-07 -7.989723e+04
1.834000e-07 -7.990810e+04
1.835000e-07 -7.991846e+04
1.836000e-07 -7.992834e+04
1.837000e-07 -7.993775e+04
1.838000e-07 -7.994672e+04
1.839000e-07 -7.995526e+04
1.840000e-07 -7.996339e+04
1.841000e-07 -7.997113e+04
1.842000e-07 -7.997849e+04
1.843000e-07 -7.998549e+04
1.844000e-07 -7.999215e+04
1.845000e-07 -7.999848e+04
1.846000e-07 -8.000450e+04
1.847000e-07 -8.001022e+04
1.848000e-07 -8.001565e+04
1.849000e-07 -8.002080e+04
1.850000e-07 -8.002569e+04
1.851000e-07 -8.003034e+04
1.852000e-07 -8.003474e+04
1.853000e-07 -8.003892e+04
1.854000e-07 -8.004287e+04
1.855000e-07 -8.004663e+04
1.856000e-07 -8.005018e+04
1.857000e-07 -8.005355e+04
1.858000e-07 -8.005674e+04
1.859000e-07 -8.005976e+04
1.860000e-07 -8.006261e+04
1.861000e-07 -8.006531e+04
1.862000e-07 -8.006787e+04
1.863000e-07 -8.007029e+04
1.864000e-07 -8.007257e+04
1.865000e-07 -8.007473e+04
1.866000e-07 -8.007676e+04
1.867000e-07 -8.007869e+04
1.868000e-07 -8.008051e+04
1.869000e-07 -8.008222e+04
1.870000e-07 -8.008384e+04
1.871000e-07 -8.008536e+04
1.872000e-07 -8.008680e+04
1.873000e-07 -8.008816e+04
1.874000e-07 -8.008944e+04
1.875000e-07 -8.009064e+04
1.876000e-07 -8.009178e+04
1.877000e-07 -8.009284e+04
1.878000e-07 -8.009385e+04
1.879000e-07 -8.009479e+04
1.880000e-07 -8.009568e+04
1.881000e-07 -8.009652e+04
1.882000e-07 -8.009730e+04
1.883000e-07 -8.009804e+04
1.884000e-07 -8.009874e+04
1.885000e-07 -8.009939e+04
1.886000e-07 -8.010000e+04
1.887000e-07 -8.010058e+04
1.888000e-07 -8.010112e+04
1.889000e-07 -8.010162e+04
1.890000e-07 -8.010210e+04
1.891000e-07 -8.010254e+04
1.892000e-07 -8.010296e+04
1.893000e-07 -8.010335e+04
1.894000e-07 -8.010372e+04
1.895000e-07 -8.010406e+04
1.896000e-07 -8.010438e+04
1.897000e-07 -8.010468e+04
1.898000e-07 -8.010496e+04
1.899000e-07 -8.010522e+04
1.900000e-07 -8.010547e+04
1.901000e-07 -8.010570e+04
1.902000e-07 -8.010591e+04
1.903000e-07 -8.010611e+04
1.904000e-07 -8.010630e+04
1.905000e-07 -8.010648e+04
1.906000e-07 -8.010664e+04
1.907000e-07 -8.010679e+04
1.908000e-07 -8.010693e+04
1.909000e-07 -8.010707e+04
1.910000e-07 -8.010719e+04
1.911000e-07 -8.010731e+04
1.912000e-07 -8.010741e+04
1.913000e-07 -8.010751e+04
1.914000e-07 -8.010761e+04
1.915000e-07 -8.010769e+04
1.916000e-07 -8.010777e+04
1.917000e-07 -8.010785e+04
1.918000e-07 -8.010792e+04
1.919000e-07 -8.010798e+04
1.920000e-07 -8.010804e+04
1.921000e-07 -8.010810e+04
1.922000e-07 -8.010815e+04
1.923000e-07 -8.010820e+04
1.924000e-07 -8.010825e+04
1.925000e-07 -8.010829e+04
1.926000e-07 -8.010833e+04
1.927000e-07 -8.010836e+04
1.928000e-07 -8.010840e+04
1.929000e-07 -8.010843e+04
1.930000e-07 -8.010845e+04
1.931000e-07 -8.010848e+04
1.932000e-07 -8.010851e+04
1.933000e-07 -8.010853e+04
1.934000e-07 -8.010855e+04
1.935000e-07 -8.010857e+04
1.936000e-07 -8.010859e+04
1.937000e-07 -8.010860e+04
1.938000e-07 -8.010862e+04
1.939000e-07 -8.010863e+04
1.940000e-07 -8.010865e+04
1.941000e-07 -8.010866e+04
1.942000e-07 -8.010867e+04
1.943000e-07 -8.010868e+04
1.944000e-07 -8.010869e+04
1.945000e-07 -8.010870e+04
1.946000e-07 -8.010871e+04
1.947000e-07 -8.010871e+04
1.948000e-07 -8.010872e+04
1.949000e-07 -8.010873e+04
1.950000e-07 -8.010873e+04
1.951000e-07 -8.010874e+04
1.952000e-07 -8.010874e+04
1.953000e-07 -8.010875e+04
1.954000e-07 -8.010875e+04
1.955000e-07 -8.010876e+04
1.956000e-07 -8.010876e+04
1.957000e-07 -8.010876e+04
1.958000e-07 -8.010877e+04
1.959000e-07 -8.010877e+04
1.960000e-07 -8.010877e+04
1.961000e-07 -8.010877e+04
1.962000e-07 -8.010878e+04
1.963000e-07 -8.010878e+04
1.964000e-07 -8.010878e+04
1.965000e-07 -8.010878e+04
1.966000e-07 -8.010878e+04
1.967000e-07 -8.010879e+04
1.968000e-07 -8.010879e+04
1.969000e-07 -8.010879e+04
1.970000e-07 -8.010879e+04
1.971000e-07 -8.010879e+04
1.972000e-07 -8.010879e+04
1.973000e-07 -8.010879e+04
1.974000e-07 -8.010879e+04
1.975000e-07 -8.010879e+04
1.976000e-07 -8.010879e+04
1.977000e-07 -8.010879e+04
1.978000e-07 -8.010879e+04
1.979000e-07 -8.010880e+04
1.980000e-07 -8.010880e+04
1.981000e-07 -8.010880e+04
1.982000e-07 -8.010880e+04
1.983000e-07 -8.010880e+04
1.984000e-07 -8.010880e+04
1.985000e-07 -8.010880e+04
1.986000e-07 -8.010880e+04
1.987000e-07 -8.010880e+04
1.988000e-07 -8.010880e+04
1.989000e-07 -8.010880e+04
1.990000e-07 -8.010880e+04
1.991000e-07 -8.010880e+04
1.992000e-07 -8.010880e+04
1.993000e-07 -8.010880e+04
1.994000e-07 -8.010880e+04
1.995000e-07 -8.010880e+04
1.996000e-07 -8.010880e+04
1.997000e-07 -8.010880e+04
1.998000e-07 -8.010880e+04
1.999000e-07 -8.010880e+04
2.000000e-07 -8.010789e+04
2.001000e-07 -8.010798e+04
2.002000e-07 -8.010805e+04
2.003000e-07 -8.010813e+04
2.004000e-07 -8.010819e+04
2.005000e-07 -8.010879e+04
2.006000e-07 -8.010876e+04
2.007000e-07 -8.010872e+04
2.008000e-07 -8.010867e+04
2.009000e-07 -8.010862e+04
2.010000e-07 -8.010856e+04
2.011000e-07 -8.010850e+04
2.012000e-07 -8.010845e+04
2.013000e-07 -8.010839e+04
2.014000e-07 -8.010834e+04
2.015000e-07 -8.010829e+04
2.016000e-07 -8.010825e+04
2.017000e-07 -8.010820e+04
2.018000e-07 -8.010817e+04
2.019000e-07 -8.010815e+04
2.020000e-07 6.536686e-01
2.021000e-07 6.482399e-01
2.022000e-07 6.333706e-01
2.023000e-07 6.107318e-01
2.024000e-07 5.818168e-01
2.025000e-07 5.480140e-01
2.026000e-07 5.106200e-01
2.027000e-07 4.708321e-01
2.028000e-07 4.297356e-01
2.029000e-07 3.882926e-01
2.030000e-07 3.473355e-01
2.031000e-07 3.075649e-01
2.032000e-07 2.695512e-01
2.033000e-07 2.337403e-01
2.034000e-07 2.004614e-01
2.035000e-07 1.699375e-01
2.036000e-07 1.422961e-01
2.037000e-07 1.175819e-01
2.038000e-07 9.527807e-02
2.039000e-07 7.512369e-02
2.040000e-07 5.852442e-02
2.041000e-07 4.508923e-02
2.042000e-07 3.434514e-02
2.043000e-07 2.583444e-02
2.044000e-07 1.915200e-02
2.045000e-07 1.395369e-02
2.046000e-07 9.953075e-03
2.047000e-07 6.914124e-03
2.048000e-07 4.643395e-03
2.049000e-07 2.982715e-03
2.050000e-07 1.802828e-03
2.051000e-07 9.979792e-04
2.052000e-07 4.813525e-04
2.053000e-07 1.812268e-04
2.054000e-07 3.771935e-05
2.055000e-07 1.584530e-03
2.056000e-07 1.119599e-03
2.057000e-07 6.669011e-04
2.058000e-07 2.214907e-04
2.059000e-07 -2.214996e-04
2.060000e-07 -6.669101e-04
2.061000e-07 -1.119608e-03
2.062000e-07 -1.584539e-03
2.063000e-07 -2.407997e-05
2.064000e-07 -1.289632e-04
2.065000e-07 -3.675847e-04
2.066000e-07 -8.002648e-04
2.067000e-07 -1.497593e-03
2.068000e-07 -2.543735e-03
2.069000e-07 -4.040290e-03
2.070000e-07 -6.110856e-03
2.071000e-07 -8.906485e-03
2.072000e-07 -1.261223e-02
2.073000e-07 -1.745505e-02
2.074000e-07 -2.371340e-02
2.075000e-07 -3.172881e-02
2.076000e-07 -4.211175e-02
2.077000e-07 -5.563187e-02
2.078000e-07 1.533711e-02
2.079000e-07 -3.571413e-03
2.080000e-07 -2.520520e-02
2.081000e-07 -4.950283e-02
2.082000e-07 -7.631842e-02
2.083000e-07 -1.054055e-01
2.084000e-07 -1.364033e-01
2.085000e-07 -1.688263e-01
2.086000e-07 -2.020575e-01
2.087000e-07 -2.353462e-01
2.088000e-07 -2.678114e-01
2.089000e-07 -2.984522e-01
2.090000e-07 -3.261659e-01
2.091000e-07 -3.497754e-01
2.092000e-07 -3.680658e-01
2.093000e-07 -3.798336e-01
2.094000e-07 -3.839453e-01
2.095000e-07 -3.794102e-01
2.096000e-07 -3.671922e-01
2.097000e-07 -3.480912e-01
2.098000e-07 8.010838e+04
2.099000e-07 8.010841e+04
2.100000e-07 8.010843e+04
2.101000e-07 8.010846e+04
2.102000e-07 8.010848e+04
2.103000e-07 8.010852e+04
2.104000e-07 8.010855e+04
2.105000e-07 8.010858e+04
2.106000e-07 8.010862e+04
2.107000e-07 8.010865e+04
2.108000e-07 8.010869e+04
2.109000e-07 8.010872e+04
2.110000e-07 8.010875e+04
2.111000e-07 8.010878e+04
2.112000e-07 8.010879e+04
2.113000e-07 8.010819e+04
2.114000e-07 8.010813e+04
2.115000e-07 8.010805e+04
2.116000e-07 8.010798e+04
2.117000e-07 8.010789e+04
2.118000e-07 8.010880e+04
2.119000e-07 8.010880e+04
2.120000e-07 8.010880e+04
2.121000e-07 8.010880e+04
2.122000e-07 8.010880e+04
2.123000e-07 8.010880e+04
2.124000e-07 8.010880e+04
2.125000e-07 8.010880e+04
2.126000e-07 8.010880e+04
2.127000e-07 8.010880e+04
2.128000e-07 8.010880e+04
2.129000e-07 8.010880e+04
2.130000e-07 8.010880e+04
2.131000e-07 8.010880e+04
2.132000e-07 8.010880e+04
2.133000e-07 8.010880e+04
2.134000e-07 8.010880e+04
2.135000e-07 8.010880e+04
2.136000e-07 8.010880e+04
2.137000e-07 8.010880e+04
2.138000e-07 8.010880e+04
2.139000e-07 8.010879e+04
2.140000e-07 8.010879e+04
2.141000e-07 8.010879e+04
2.142000e-07 8.010879e+04
2.143000e-07 8.010879e+04
2.144000e-07 8.010879e+04
2.145000e-07 8.010879e+04
2.146000e-07 8.010879e+04
2.147000e-07 8.010879e+04
2.148000e-07 8.010879e+04
2.149000e-07 8.010879e+04
2.150000e-07 8.010879e+04
2.151000e-07 8.010878e+04
2.152000e-07 8.010878e+04
2.153000e-07 8.010878e+04
2.154000e-07 8.010878e+04
2.155000e-07 8.010878e+04
2.156000e-07 8.010877e+04
2.157000e-07 8.010877e+04
2.158000e-07 8.010877e+04
2.159000e-07 8.010877e+04
2.160000e-07 8.010876e+04
2.161000e-07 8.010876e+04
2.162000e-07 8.010876e+04
2.163000e-07 8.010875e+04
2.164000e-07 8.010875e+04
2.165000e-07 8.010874e+04
2.166000e-07 8.010874e+04
2.167000e-07 8.010873e+04
2.168000e-07 8.010873e+04
2.169000e-07 8.010872e+04
2.170000e-07 8.010871e+04
2.171000e-07 8.010871e+04
2.172000e-07 8.010870e+04
2.173000e-07 8.010869e+04
2.174000e-07 8.010868e+04
2.175000e-07 8.010867e+04
2.176000e-07 8.010866e+04
2.177000e-07 8.010865e+04
2.178000e-07 8.010863e+04
2.179000e-07 8.010862e+04
2.180000e-07 8.010860e+04
2.181000e-07 8.010859e+04
2.182000e-07 8.010857e+04
2.183000e-07 8.010855e+04
2.184000e-07 8.010853e+04
2.185000e-07 8.010851e+04
2.186000e-07 8.010848e+04
2.187000e-07 8.010845e+04
2.188000e-07 8.010843e+04
2.189000e-07 8.010840e+04
2.190000e-07 8.010836e+04
2.191000e-07 8.010833e+04
2.192000e-07 8.010829e+04
2.193000e-07 8.010825e+04
2.194000e-07 8.010820e+04
2.195000e-07 8.010815e+04
2.196000e-07 8.010810e+04
2.197000e-07 8.010804e+04
2.198000e-07 8.010798e+04
2.199000e-07 8.010792e+04
2.200000e-07 8.010785e+04
2.201000e-07 8.010777e+04
2.202000e-07 8.010769e+04
2.203000e-07 8.010761e+04
2.204000e-07 8.010751e+04
2.205000e-07 8.010741e+04
2.206000e-07 8.010731e+04
2.207000e-07 8.010719e+04
2.208000e-07 8.010707e+04
2.209000e-07 8.010693e+04
2.210000e-07 8.010679e+04
2.211000e-07 8.010664e+04
2.212000e-07 8.010648e+04
2.213000e-07 8.010630e+04
2.214000e-07 8.010611e+04
2.215000e-07 8.010591e+04
2.216000e-07 8.010570e+04
2.217000e-07 8.010547e+04
2.218000e-07 8.010522e+04
2.219000e-07 8.010496e+04
2.220000e-07 8.010468e+04
2.221000e-07 8.010438e+04
2.222000e-07 8.010406e+04
2.223000e-07 8.010372e+04
2.224000e-07 8.010335e+04
2.225000e-07 8.010296e+04
2.226000e-07 8.010254e+04
2.227000e-07 8.010210e+04
2.228000e-07 8.010162e+04
2.229000e-07 8.010112e+04
2.230000e-07 8.010058e+04
2.231000e-07 8.010000e+04
2.232000e-07 8.009939e+04
2.233000e-07 8.009874e+04
2.234000e-07 8.009804e+04
2.235000e-07 8.009730e+04
2.236000e-07 8.009652e+04
2.237000e-07 8.009568e+04
2.238000e-07 8.009479e+04
2.239000e-07 8.009385e+04
2.240000e-07 8.009284e+04
2.241000e-07 8.009178e+04
2.242000e-07 8.009064e+04
2.243000e-07 8.008944e+04
2.244000e-07 8.008816e+04
2.245000e-07 8.008680e+04
2.246000e-07 8.008536e+04
2.247000e-07 8.008384e+04
2.248000e-07 8.008222e+04
2.249000e-07 8.008051e+04
2.250000e-07 8.007869e+04
2.251000e-07 8.007676e+04
2.252000e-07 8.007473e+04
2.253000e-07 8.007257e+04
2.254000e-07 8.007029e+04
2.255000e-07 8.006787e+04
2.256000e-07 8.006531e+04
2.257000e-07 8.006261e+04
2.258000e-07 8.005976e+04
2.259000e-07 8.005674e+04
2.260000e-07 8.005355e+04
2.261000e-07 8.005018e+04
2.262000e-07 8.004663e+04
2.263000e-07 8.004287e+04
2.264000e-07 8.003892e+04
2.265000e-07 8.003474e+04
2.266000e-07 8.003034e+04
2.267000e-07 8.002569e+04
2.268000e-07 8.002080e+04
2.269000e-07 8.001565e+04
2.270000e-07 8.001022e+04
2.271000e-07 8.000450e+04
2.272000e-07 7.999848e+04
2.273000e-07 7.999215e+04
2.274000e-07 7.998549e+04
2.275000e-07 7.997849e+04
2.276000e-07 7.997113e+04
2.277000e-07 7.996339e+04
2.278000e-07 7.995526e+04
2.279000e-07 7.994672e+04
2.280000e-07 7.993775e+04
2.281000e-07 7.992834e+04
2.282000e-07 7.991846e+04
2.283000e-07 7.990810e+04
2.284000e-07 7.989723e+04
2.285000e-07 7.988584e+04
2.286000e-07 7.987390e+04
2.287000e-07 7.986139e+04
2.288000e-07 7.984828e+04
2.289000e-07 7.983456e+04
2.290000e-07 7.982019e+04
2.291000e-07 7.980516e+04
2.292000e-07 7.978943e+04
2.293000e-07 7.977299e+04
2.294000e-07 7.975579e+04
2.295000e-07 7.973782e+04
2.296000e-07 7.971904e+04
2.297000e-07 7.969942e+04
2.298000e-07 7.967894e+04
2.299000e-07 7.965755e+04
2.300000e-07 7.963524e+04
2.301000e-07 7.961196e+04
2.302000e-07 7.958768e+04
2.303000e-07 7.956236e+04
2.304000e-07 7.953598e+04
2.305000e-07 7.950848e+04
2.306000e-07 7.947985e+04
2.307000e-07 7.945003e+04
2.308000e-07 7.941899e+04
2.309000e-07 7.938668e+04
2.310000e-07 7.935308e+04
2.311000e-07 7.931812e+04
2.312000e-07 7.928178e+04
2.313000e-07 7.924401e+04
2.314000e-07 7.920477e+04
2.315000e-07 7.916401e+04
2.316000e-07 7.912168e+04
2.317000e-07 7.907774e+04
2.318000e-07 7.903214e+04
2.319000e-07 7.898484e+04
2.320000e-07 7.893578e+04
2.321000e-07 7.888492e+04
2.322000e-07 7.883220e+04
2.323000e-07 7.877758e+04
2.324000e-07 7.872101e+04
2.325000e-07 7.866243e+04
2.326000e-07 7.860179e+04
2.327000e-07 7.853904e+04
2.328000e-07 7.847412e+04
2.329000e-07 7.840699e+04
2.330000e-07 7.833759e+04
2.331000e-07 7.826586e+04
2.332000e-07 7.819175e+04
2.333000e-07 7.811521e+04
2.334000e-07 7.803618e+04
2.335000e-07 7.795460e+04
2.336000e-07 7.787042e+04
2.337000e-07 7.778358e+04
2.338000e-07 7.769403e+04
2.339000e-07 7.760171e+04
2.340000e-07 7.750657e+04
2.341000e-07 7.740855e+04
2.342000e-07 7.730760e+04
2.343000e-07 7.720365e+04
2.344000e-07 7.709666e+04
2.345000e-07 7.698658e+04
2.346000e-07 7.687334e+04
2.347000e-07 7.675689e+04
2.348000e-07 7.663719e+04
2.349000e-07 7.651417e+04
2.350000e-07 7.638779e+04
2.351000e-07 7.625800e+04
2.352000e-07 7.612473e+04
2.353000e-07 7.598796e+04
2.354000e-07 7.584762e+04
2.355000e-07 7.570366e+04
2.356000e-07 7.555605e+04
2.357000e-07 7.540474e+04
2.358000e-07 7.524968e+04
2.359000e-07 7.509082e+04
2.360000e-07 7.492814e+04
2.361000e-07 7.476157e+04
2.362000e-07 7.459110e+04
2.363000e-07 7.441667e+04
2.364000e-07 7.423826e+04
2.365000e-07 7.405583e+04
2.366000e-07 7.386934e+04
2.367000e-07 7.367877e+04
2.368000e-07 7.348408e+04
2.369000e-07 7.328525e+04
2.370000e-07 7.308225e+04
2.371000e-07 7.287506e+04
2.372000e-07 7.266366e+04
2.373000e-07 7.244803e+04
2.374000e-07 7.222814e+04
2.375000e-07 7.200400e+04
2.376000e-07 7.177557e+04
2.377000e-07 7.154285e+04
2.378000e-07 7.130584e+04
2.379000e-07 7.106452e+04
2.380000e-07 7.081890e+04
2.381000e-07 7.056897e+04
2.382000e-07 7.031472e+04
2.383000e-07 7.005618e+04
2.384000e-07 6.979333e+04
2.385000e-07 6.952620e+04
2.386000e-07 6.925478e+04
2.387000e-07 6.897910e+04
2.388000e-07 6.869916e+04
2.389000e-07 6.841499e+04
2.390000e-07 6.812661e+04
2.391000e-07 6.783404e+04
2.392000e-07 6.753731e+04
2.393000e-07 6.723645e+04
2.394000e-07 6.693148e+04
2.395000e-07 6.662244e+04
2.396000e-07 6.630936e+04
2.397000e-07 6.599229e+04
2.398000e-07 6.567127e+04
2.399000e-07 6.534633e+04
2.400000e-07 6.501753e+04
2.401000e-07 6.468491e+04
2.402000e-07 6.434852e+04
2.403000e-07 6.400842e+04
2.404000e-07 6.366465e+04
2.405000e-07 6.331729e+04
2.406000e-07 6.296638e+04
2.407000e-07 6.261198e+04
2.408000e-07 6.225417e+04
2.409000e-07 6.189300e+04
2.410000e-07 6.152855e+04
2.411000e-07 6.116088e+04
2.412000e-07 6.079007e+04
2.413000e-07 6.041618e+04
2.414000e-07 6.003930e+04
2.415000e-07 5.965949e+04
2.416000e-07 5.927684e+04
2.417000e-07 5.889143e+04
2.418000e-07 5.850333e+04
2.419000e-07 5.811263e+04
2.420000e-07 5.771942e+04
2.421000e-07 5.732377e+04
2.422000e-07 5.692578e+04
2.423000e-07 5.652552e+04
2.424000e-07 5.612310e+04
2.425000e-07 5.571859e+04
2.426000e-07 5.531209e+04
2.427000e-07 5.490369e+04
2.428000e-07 5.449348e+04
2.429000e-07 5.408155e+04
2.430000e-07 5.366799e+04
2.431000e-07 5.325290e+04
2.432000e-07 5.283637e+04
2.433000e-07 5.241849e+04
2.434000e-07 5.199936e+04
2.435000e-07 5.157907e+04
2.436000e-07 5.115772e+04
2.437000e-07 5.073540e+04
2.438000e-07 5.031220e+04
2.439000e-07 4.988821e+04
2.440000e-07 4.946354e+04
2.441000e-07 4.903827e+04
2.442000e-07 4.861250e+04
2.443000e-07 4.818632e+04
2.444000e-07 4.775982e+04
2.445000e-07 4.733309e+04
2.446000e-07 4.690623e+04
2.447000e-07 4.647932e+04
2.448000e-07 4.605246e+04
2.449000e-07 4.562573e+04
2.450000e-07 4.519921e+04
2.451000e-07 4.477301e+04
2.452000e-07 4.434720e+04
2.453000e-07 4.392186e+04
2.454000e-07 4.349709e+04
2.455000e-07 4.307296e+04
2.456000e-07 4.264956e+04
2.457000e-07 4.222696e+04
2.458000e-07 4.180526e+04
2.459000e-07 4.138451e+04
2.460000e-07 4.096480e+04
2.461000e-07 4.054622e+04
2.462000e-07 4.012882e+04
2.463000e-07 3.971268e+04
2.464000e-07 3.929788e+04
2.465000e-07 3.888447e+04
2.466000e-07 3.847254e+04
2.467000e-07 3.806215e+04
2.468000e-07 3.765336e+04
2.469000e-07 3.724624e+04
2.470000e-07 3.684085e+04
2.471000e-07 3.643724e+04
2.472000e-07 3.603549e+04
2.473000e-07 3.563564e+04
2.474000e-07 3.523775e+04
2.475000e-07 3.484188e+04
2.476000e-07 3.444807e+04
2.477000e-07 3.405638e+04
2.478000e-07 3.366686e+04
2.479000e-07 3.327956e+04
2.480000e-07 3.289452e+04
2.481000e-07 3.251179e+04
2.482000e-07 3.213140e+04
2.483000e-07 3.175341e+04
2.484000e-07 3.137784e+04
2.485000e-07 3.100475e+04
2.486000e-07 3.063416e+04
2.487000e-07 3.026611e+04
2.488000e-07 2.990063e+04
2.489000e-07 2.953776e+04
2.490000e-07 2.917752e+04
2.491000e-07 2.881995e+04
2.492000e-07 2.846506e+04
2.493000e-07 2.811290e+04
2.494000e-07 2.776348e+04
2.495000e-07 2.741682e+04
2.496000e-07 2.707295e+04
2.497000e-07 2.673189e+04
2.498000e-07 2.639365e+04
2.499000e-07 2.605826e+04
2.500000e-07 2.572572e+04
2.501000e-07 2.539606e+04
2.502000e-07 2.506928e+04
2.503000e-07 2.474541e+04
2.504000e-07 2.442444e+04
2.505000e-07 2.410640e+04
2.506000e-07 2.379128e+04
2.507000e-07 2.347910e+04
2.508000e-07 2.316986e+04
2.509000e-07 2.286357e+04
2.510000e-07 2.256023e+04
2.511000e-07 2.225984e+04
2.512000e-07 2.196241e+04
2.513000e-07 2.166793e+04
2.514000e-07 2.137641e+04
2.515000e-07 2.108785e+04
2.516000e-07 2.080224e+04
2.517000e-07 2.051959e+04
2.518000e-07 2.023987e+04
2.519000e-07 1.996310e+04
2.520000e-07 1.968927e+04
2.521000e-07 1.941837e+04
2.522000e-07 1.915038e+04
2.523000e-07 1.888532e+04
2.524000e-07 1.862316e+04
2.525000e-07 1.836389e+04
2.526000e-07 1.810751e+04
2.527000e-07 1.785401e+04
2.528000e-07 1.760337e+04
2.529000e-07 1.735558e+04
2.530000e-07 1.711063e+04
2.531000e-07 1.686851e+04
2.532000e-07 1.662920e+04
2.533000e-07 1.639269e+04
2.534000e-07 1.615896e+04
2.535000e-07 1.592800e+04
2.536000e-07 1.569979e+04
2.537000e-07 1.547431e+04
2.538000e-07 1.525155e+04
2.539000e-07 1.503150e+04
2.540000e-07 1.481412e+04
2.541000e-07 1.459942e+04
2.542000e-07 1.438736e+04
2.543000e-07 1.417793e+04
2.544000e-07 1.397111e+04
2.545000e-07 1.376688e+04
2.546000e-07 1.356522e+04
2.547000e-07 1.336611e+04
2.548000e-07 1.316953e+04
2.549000e-07 1.297547e+04
2.550000e-07 1.278390e+04
2.551000e-07 1.259479e+04
2.552000e-07 1.240814e+04
2.553000e-07 1.222391e+04
2.554000e-07 1.204209e+04
2.555000e-07 1.186265e+04
2.556000e-07 1.168558e+04
2.557000e-07 1.151085e+04
2.558000e-07 1.133844e+04
2.559000e-07 1.116833e+04
2.560000e-07 1.100050e+04
2.561000e-07 1.083492e+04
2.562000e-07 1.067158e+04
2.563000e-07 1.051044e+04
2.564000e-07 1.035150e+04
2.565000e-07 1.019472e+04
2.566000e-07 1.004008e+04
2.567000e-07 9.887567e+03
2.568000e-07 9.737153e+03
2.569000e-07 9.588818e+03
2.570000e-07 9.442537e+03
2.571000e-07 9.298291e+03
2.572000e-07 9.156055e+03
2.573000e-07 9.015809e+03
2.574000e-07 8.877530e+03
2.575000e-07 8.741197e+03
2.576000e-07 8.606787e+03
2.577000e-07 8.474279e+03
2.578000e-07 8.343651e+03
2.579000e-07 8.214881e+03
2.580000e-07 8.087948e+03
2.581000e-07 7.962830e+03
2.582000e-07 7.839507e+03
2.583000e-07 7.717956e+03
2.584000e-07 7.598156e+03
2.585000e-07 7.480087e+03
2.586000e-07 7.363727e+03
2.587000e-07 7.249056e+03
2.588000e-07 7.136053e+03
2.589000e-07 7.024698e+03
2.590000e-07 6.914970e+03
2.591000e-07 6.806848e+03
2.592000e-07 6.700313e+03
2.593000e-07 6.595345e+03
2.594000e-07 6.491924e+03
2.595000e-07 6.390030e+03
2.596000e-07 6.289644e+03
2.597000e-07 6.190745e+03
2.598000e-07 6.093316e+03
2.599000e-07 5.997337e+03
2.600000e-07 5.902788e+03
2.601000e-07 5.809652e+03
2.602000e-07 5.717909e+03
2.603000e-07 5.627542e+03
2.604000e-07 5.538531e+03
2.605000e-07 5.450860e+03
2.606000e-07 5.364509e+03
2.607000e-07 5.279461e+03
2.608000e-07 5.195699e+03
2.609000e-07 5.113204e+03
2.610000e-07 5.031961e+03
2.611000e-07 4.951951e+03
2.612000e-07 4.873159e+03
2.613000e-07 4.795566e+03
2.614000e-07 4.719157e+03
2.615000e-07 4.643915e+03
2.616000e-07 4.569824e+03
2.617000e-07 4.496868e+03
2.618000e-07 4.425031e+03
2.619000e-07 4.354297e+03
2.620000e-07 4.284652e+03
2.621000e-07 4.216078e+03
2.622000e-07 4.148562e+03
2.623000e-07 4.082088e+03
2.624000e-07 4.016642e+03
2.625000e-07 3.952208e+03
2.626000e-07 3.888773e+03
2.627000e-07 3.826321e+03
2.628000e-07 3.764840e+03
2.629000e-07 3.704314e+03
2.630000e-07 3.644730e+03
2.631000e-07 3.586074e+03
2.632000e-07 3.528333e+03
2.633000e-07 3.471494e+03
2.634000e-07 3.415543e+03
2.635000e-07 3.360468e+03
2.636000e-07 3.306254e+03
2.637000e-07 3.252891e+03
2.638000e-07 3.200365e+03
2.639000e-07 3.148664e+03
2.640000e-07 3.097776e+03
2.641000e-07 3.047688e+03
2.642000e-07 2.998389e+03
2.643000e-07 2.949867e+03
2.644000e-07 2.902110e+03
2.645000e-07 2.855108e+03
2.646000e-07 2.808848e+03
2.647000e-07 2.763320e+03
2.648000e-07 2.718513e+03
2.649000e-07 2.674415e+03
2.650000e-07 2.631016e+03
2.651000e-07 2.588306e+03
2.652000e-07 2.546274e+03
2.653000e-07 2.504910e+03
2.654000e-07 2.464203e+03
2.655000e-07 2.424144e+03
2.656000e-07 2.384723e+03
2.657000e-07 2.345931e+03
2.658000e-07 2.307756e+03
2.659000e-07 2.270191e+03
2.660000e-07 2.233226e+03
2.661000e-07 2.196851e+03
2.662000e-07 2.161057e+03
2.663000e-07 2.125836e+03
2.664000e-07 2.091179e+03
2.665000e-07 2.057077e+03
2.666000e-07 2.023521e+03
2.667000e-07 1.990504e+03
2.668000e-07 1.958016e+03
2.669000e-07 1.926050e+03
2.670000e-07 1.894597e+03
2.671000e-07 1.863649e+03
2.672000e-07 1.833199e+03
2.673000e-07 1.803239e+03
2.674000e-07 1.773761e+03
2.675000e-07 1.744758e+03
2.676000e-07 1.716223e+03
2.677000e-07 1.688147e+03
2.678000e-07 1.660524e+03
2.679000e-07 1.633347e+03
2.680000e-07 1.606608e+03
2.681000e-07 1.580301e+03
2.682000e-07 1.554420e+03
2.683000e-07 1.528956e+03
2.684000e-07 1.503905e+03
2.685000e-07 1.479259e+03
2.686000e-07 1.455011e+03
2.687000e-07 1.431157e+03
2.688000e-07 1.407688e+03
2.689000e-07 1.384600e+03
2.690000e-07 1.361887e+03
2.691000e-07 1.339541e+03
2.692000e-07 1.317559e+03
2.693000e-07 1.295933e+03
2.694000e-07 1.274658e+03
2.695000e-07 1.253729e+03
2.696000e-07 1.233139e+03
2.697000e-07 1.212885e+03
2.698000e-07 1.192960e+03
2.699000e-07 1.173359e+03
2.700000e-07 1.154076e+03
2.701000e-07 1.135108e+03
2.702000e-07 1.116448e+03
2.703000e-07 1.098093e+03
2.704000e-07 1.080036e+03
2.705000e-07 1.062274e+03
2.706000e-07 1.044801e+03
2.707000e-07 1.027613e+03
2.708000e-07 1.010705e+03
2.709000e-07 9.940733e+02
2.710000e-07 9.777130e+02
2.711000e-07 9.616197e+02
2.712000e-07 9.457892e+02
2.713000e-07 9.302173e+02
2.714000e-07 9.148998e+02
2.715000e-07 8.998326e+02
2.716000e-07 8.850117e+02
2.717000e-07 8.704331e+02
2.718000e-07 8.560929e+02
2.719000e-07 8.419873e+02
2.720000e-07 8.281125e+02
2.721000e-07 8.144647e+02
2.722000e-07 8.010404e+02
2.723000e-07 7.878359e+02
2.724000e-07 7.748476e+02
2.725000e-07 7.620720e+02
2.726000e-07 7.495058e+02
2.727000e-07 7.371455e+02
2.728000e-07 7.249878e+02
2.729000e-07 7.130294e+02
2.730000e-07 7.012671e+02
2.731000e-07 6.896976e+02
2.732000e-07 6.783180e+02
2.733000e-07 6.671251e+02
2.734000e-07 6.561158e+02
2.735000e-07 6.452873e+02
2.736000e-07 6.346365e+02
2.737000e-07 6.241606e+02
2.738000e-07 6.138567e+02
2.739000e-07 6.037220e+02
2.740000e-07 5.937539e+02
2.741000e-07 5.839495e+02
2.742000e-07 5.743062e+02
2.743000e-07 5.648214e+02
2.744000e-07 5.554926e+02
2.745000e-07 5.463171e+02
2.746000e-07 5.372924e+02
2.747000e-07 5.284162e+02
2.748000e-07 5.196860e+02
2.749000e-07 5.110994e+02
2.750000e-07 5.026541e+02
2.751000e-07 4.943477e+02
2.752000e-07 4.861781e+02
2.753000e-07 4.781429e+02
2.754000e-07 4.702400e+02
2.755000e-07 4.624672e+02
2.756000e-07 4.548224e+02
2.757000e-07 4.473034e+02
2.758000e-07 4.399084e+02
2.759000e-07 4.326351e+02
2.760000e-07 4.254817e+02
2.761000e-07 4.184461e+02
2.762000e-07 4.115264e+02
2.763000e-07 4.047208e+02
2.764000e-07 3.980274e+02
2.765000e-07 3.914443e+02
2.766000e-07 3.849697e+02
2.767000e-07 3.786019e+02
2.768000e-07 3.723390e+02
2.769000e-07 3.661795e+02
2.770000e-07 3.601215e+02
2.771000e-07 3.541635e+02
2.772000e-07 3.483037e+02
2.773000e-07 3.425406e+02
2.774000e-07 3.368726e+02
2.775000e-07 3.312981e+02
2.776000e-07 3.258156e+02
2.777000e-07 3.204236e+02
2.778000e-07 3.151206e+02
2.779000e-07 3.099051e+02
2.780000e-07 3.047757e+02
2.781000e-07 2.997310e+02
2.782000e-07 2.947696e+02
2.783000e-07 2.898901e+02
2.784000e-07 2.850912e+02
2.785000e-07 2.803715e+02
2.786000e-07 2.757298e+02
2.787000e-07 2.711647e+02
2.788000e-07 2.666751e+02
2.789000e-07 2.622596e+02
2.790000e-07 2.579171e+02
2.791000e-07 2.536463e+02
2.792000e-07 2.494461e+02
2.793000e-07 2.453153e+02
2.794000e-07 2.412527e+02
2.795000e-07 2.372573e+02
2.796000e-07 2.333280e+02
2.797000e-07 2.294635e+02
2.798000e-07 2.256630e+02
2.799000e-07 2.219253e+02
2.800000e-07 2.182493e+02
2.801000e-07 2.146342e+02
2.802000e-07 2.110788e+02
2.803000e-07 2.075822e+02
2.804000e-07 2.041434e+02
2.805000e-07 2.007615e+02
2.806000e-07 1.974355e+02
2.807000e-07 1.941645e+02
2.808000e-07 1.909476e+02
2.809000e-07 1.877839e+02
2.810000e-07 1.846726e+02
2.811000e-07 1.816127e+02
2.812000e-07 1.786034e+02
2.813000e-07 1.756439e+02
2.814000e-07 1.727334e+02
2.815000e-07 1.698710e+02
2.816000e-07 1.670560e+02
2.817000e-07 1.642876e+02
2.818000e-07 1.615649e+02
2.819000e-07 1.588874e+02
2.820000e-07 1.562541e+02
2.821000e-07 1.536644e+02
2.822000e-07 1.511176e+02
2.823000e-07 1.486129e+02
2.824000e-07 1.461497e+02
2.825000e-07 1.437272e+02
2.826000e-07 1.413448e+02
2.827000e-07 1.390019e+02
2.828000e-07 1.366978e+02
2.829000e-07 1.344318e+02
2.830000e-07 1.322033e+02
2.831000e-07 1.300117e+02
2.832000e-07 1.278564e+02
2.833000e-07 1.257367e+02
2.834000e-07 1.236522e+02
2.835000e-07 1.216022e+02
2.836000e-07 1.195861e+02
2.837000e-07 1.176034e+02
2.838000e-07 1.156535e+02
2.839000e-07 1.137359e+02
2.840000e-07 1.118501e+02
2.841000e-07 1.099955e+02
2.842000e-07 1.081716e+02
2.843000e-07 1.063779e+02
2.844000e-07 1.046139e+02
2.845000e-07 1.028791e+02
2.846000e-07 1.011731e+02
2.847000e-07 9.949532e+01
2.848000e-07 9.784533e+01
2.849000e-07 9.622266e+01
2.850000e-07 9.462686e+01
2.851000e-07 9.305750e+01
2.852000e-07 9.151413e+01
2.853000e-07 8.999633e+01
2.854000e-07 8.850366e+01
2.855000e-07 8.703572e+01
2.856000e-07 8.559210e+01
2.857000e-07 8.417238e+01
2.858000e-07 8.277619e+01
2.859000e-07 8.140312e+01
2.860000e-07 8.005280e+01
2.861000e-07 7.872485e+01
2.862000e-07 7.741889e+01
2.863000e-07 7.613457e+01
2.864000e-07 7.487152e+01
2.865000e-07 7.362940e+01
2.866000e-07 7.240785e+01
2.867000e-07 7.120654e+01
2.868000e-07 7.002513e+01
2.869000e-07 6.886329e+01
2.870000e-07 6.772070e+01
2.871000e-07 6.659704e+01
2.872000e-07 6.549199e+01
2.873000e-07 6.440525e+01
2.874000e-07 6.333651e+01
2.875000e-07 6.228548e+01
2.876000e-07 6.125185e+01
2.877000e-07 6.023536e+01
2.878000e-07 5.923570e+01
2.879000e-07 5.825260e+01
2.880000e-07 5.728578e+01
2.881000e-07 5.633499e+01
2.882000e-07 5.539994e+01
2.883000e-07 5.448038e+01
2.884000e-07 5.357606e+01
2.885000e-07 5.268671e+01
2.886000e-07 5.181210e+01
2.887000e-07 5.095197e+01
2.888000e-07 5.010609e+01
2.889000e-07 4.927423e+01
2.890000e-07 4.845614e+01
2.891000e-07 4.765160e+01
2.892000e-07 4.686039e+01
2.893000e-07 4.608228e+01
2.894000e-07 4.531706e+01
2.895000e-07 4.456451e+01
2.896000e-07 4.382443e+01
2.897000e-07 4.309660e+01
2.898000e-07 4.238083e+01
2.899000e-07 4.167691e+01
2.900000e-07 4.098464e+01
2.901000e-07 4.030384e+01
2.902000e-07 3.963431e+01
2.903000e-07 3.897587e+01
2.904000e-07 3.832833e+01
2.905000e-07 3.769151e+01
2.906000e-07 3.706523e+01
2.907000e-07 3.644932e+01
2.908000e-07 3.584361e+01
2.909000e-07 3.524792e+01
2.910000e-07 3.466210e+01
2.911000e-07 3.408597e+01
2.912000e-07 3.351937e+01
2.913000e-07 3.296215e+01
2.914000e-07 3.241416e+01
2.915000e-07 3.187523e+01
2.916000e-07 3.134521e+01
2.917000e-07 3.082397e+01
2.918000e-07 3.031135e+01
2.919000e-07 2.980721e+01
2.920000e-07 2.931141e+01
2.921000e-07 2.882381e+01
2.922000e-07 2.834428e+01
2.923000e-07 2.787267e+01
2.924000e-07 2.740887e+01
2.925000e-07 2.695273e+01
2.926000e-07 2.650413e+01
2.927000e-07 2.606295e+01
2.928000e-07 2.562906e+01
2.929000e-07 2.520234e+01
2.930000e-07 2.478268e+01
2.931000e-07 2.436995e+01
2.932000e-07 2.396403e+01
2.933000e-07 2.356483e+01
2.934000e-07 2.317221e+01
2.935000e-07 2.278608e+01
2.936000e-07 2.240633e+01
2.937000e-07 2.203284e+01
2.938000e-07 2.166553e+01
2.939000e-07 2.130427e+01
2.940000e-07 2.094897e+01
2.941000e-07 2.059954e+01
2.942000e-07 2.025587e+01
2.943000e-07 1.991788e+01
2.944000e-07 1.958545e+01
2.945000e-07 1.925851e+01
2.946000e-07 1.893695e+01
2.947000e-07 1.862069e+01
2.948000e-07 1.830965e+01
2.949000e-07 1.800373e+01
2.950000e-07 1.770285e+01
2.951000e-07 1.740692e+01
2.952000e-07 1.711586e+01
2.953000e-07 1.682959e+01
2.954000e-07 1.654804e+01
2.955000e-07 1.627111e+01
2.956000e-07 1.599874e+01
2.957000e-07 1.573084e+01
2.958000e-07 1.546735e+01
2.959000e-07 1.520819e+01
2.960000e-07 1.495328e+01
2.961000e-07 1.470256e+01
2.962000e-07 1.445595e+01
2.963000e-07 1.421339e+01
2.964000e-07 1.397481e+01
2.965000e-07 1.374014e+01
2.966000e-07 1.350931e+01
2.967000e-07 1.328227e+01
2.968000e-07 1.305894e+01
2.969000e-07 1.283927e+01
2.970000e-07 1.262319e+01
2.971000e-07 1.241064e+01
2.972000e-07 1.220157e+01
2.973000e-07 1.199592e+01
2.974000e-07 1.179362e+01
2.975000e-07 1.159462e+01
2.976000e-07 1.139886e+01
2.977000e-07 1.120630e+01
2.978000e-07 1.101688e+01
2.979000e-07 1.083053e+01
2.980000e-07 1.064722e+01
2.981000e-07 1.046689e+01
2.982000e-07 1.028949e+01
2.983000e-07 1.011497e+01
2.984000e-07 9.943282e+00
2.985000e-07 9.774376e+00
2.986000e-07 9.608205e+00
2.987000e-07 9.444725e+00
2.988000e-07 9.283887e+00
2.989000e-07 9.125649e+00
2.990000e-07 8.969965e+00
2.991000e-07 8.816792e+00
2.992000e-07 8.666087e+00
2.993000e-07 8.517807e+00
2.994000e-07 8.371912e+00
2.995000e-07 8.228360e+00
2.996000e-07 8.087112e+00
2.997000e-07 7.948127e+00
2.998000e-07 7.811367e+00
2.999000e-07 7.676794e+00
3.000000e-07 7.544370e+00
3.001000e-07 7.414057e+00
3.002000e-07 7.285820e+00
3.003000e-07 7.159623e+00
3.004000e-07 7.035429e+00
3.005000e-07 6.913205e+00
3.006000e-07 6.792916e+00
3.007000e-07 6.674529e+00
3.008000e-07 6.558010e+00
3.009000e-07 6.443327e+00
3.010000e-07 6.330448e+00
3.011000e-07 6.219341e+00
3.012000e-07 6.109974e+00
3.013000e-07 6.002319e+00
3.014000e-07 5.896343e+00
3.015000e-07 5.792018e+00
3.016000e-07 5.689314e+00
3.017000e-07 5.588203e+00
3.018000e-07 5.488657e+00
3.019000e-07 5.390647e+00
3.020000e-07 5.294146e+00
3.021000e-07 5.199127e+00
3.022000e-07 5.105563e+00
3.023000e-07 5.013429e+00
3.024000e-07 4.922698e+00
3.025000e-07 4.833345e+00
3.026000e-07 4.745345e+00
3.027000e-07 4.658674e+00
3.028000e-07 4.573307e+00
3.029000e-07 4.489220e+00
3.030000e-07 4.406390e+00
3.031000e-07 4.324793e+00
3.032000e-07 4.244407e+00
3.033000e-07 4.165210e+00
3.034000e-07 4.087178e+00
3.035000e-07 4.010291e+00
3.036000e-07 3.934526e+00
3.037000e-07 3.859863e+00
3.038000e-07 3.786280e+00
3.039000e-07 3.713757e+00
3.040000e-07 3.642274e+00
3.041000e-07 3.571811e+00
3.042000e-07 3.502347e+00
3.043000e-07 3.433864e+00
3.044000e-07 3.366342e+00
3.045000e-07 3.299763e+00
3.046000e-07 3.234107e+00
3.047000e-07 3.169357e+00
3.048000e-07 3.105494e+00
3.049000e-07 3.042501e+00
3.050000e-07 2.980359e+00
3.051000e-07 2.919052e+00
3.052000e-07 2.858562e+00
3.053000e-07 2.798872e+00
3.054000e-07 2.739965e+00
3.055000e-07 2.681826e+00
3.056000e-07 2.624438e+00
3.057000e-07 2.567784e+00
3.058000e-07 2.511849e+00
3.059000e-07 2.456617e+00
3.060000e-07 2.402073e+00
3.061000e-07 2.348202e+00
3.062000e-07 2.294988e+00
3.063000e-07 2.242416e+00
3.064000e-07 2.190473e+00
3.065000e-07 2.139142e+00
3.066000e-07 2.088410e+00
3.067000e-07 2.038263e+00
3.068000e-07 1.988687e+00
3.069000e-07 1.939667e+00
3.070000e-07 1.891191e+00
3.071000e-07 1.843243e+00
3.072000e-07 1.795812e+00
3.073000e-07 1.748884e+00
3.074000e-07 1.702445e+00
3.075000e-07 1.656483e+00
3.076000e-07 1.610985e+00
3.077000e-07 1.565937e+00
3.078000e-07 1.521328e+00
3.079000e-07 1.477145e+00
3.080000e-07 1.433375e+00
3.081000e-07 1.390007e+00
3.082000e-07 1.347028e+00
3.083000e-07 1.304426e+00
3.084000e-07 1.262189e+00
3.085000e-07 1.220306e+00
3.086000e-07 1.178764e+00
3.087000e-07 1.137552e+00
3.088000e-07 1.096659e+00
3.089000e-07 1.056072e+00
3.090000e-07 1.015782e+00
3.091000e-07 9.757753e-01
3.092000e-07 9.360421e-01
3.093000e-07 8.965710e-01
3.094000e-07 8.573509e-01
3.095000e-07 8.183709e-01
3.096000e-07 7.796199e-01
3.097000e-07 7.410872e-01
3.098000e-07 7.027619e-01
3.099000e-07 6.646334e-01
3.100000e-07 6.266910e-01
3.101000e-07 5.889240e-01
3.102000e-07 5.513218e-01
3.103000e-07 5.138740e-01
3.104000e-07 4.765701e-01
3.105000e-07 4.393996e-01
3.106000e-07 4.023521e-01
3.107000e-07 3.654172e-01
3.108000e-07 3.285846e-01
3.109000e-07 2.918440e-01
3.110000e-07 2.551850e-01
3.111000e-07 2.185975e-01
3.112000e-07 1.820712e-01
3.113000e-07 1.455959e-01
3.114000e-07 1.091613e-01
3.115000e-07 7.275723e-02
3.116000e-07 3.637353e-02
3.117000e-07 3.637353e-02
