0.000000e+00 -1.748231e-01 -1.746965e-01
5.000000e-10 -1.748231e-01 -1.746965e-01
1.000000e-09 -1.753308e-01 -1.750769e-01
1.500000e-09 -1.760927e-01 -1.757118e-01
2.000000e-09 -1.771100e-01 -1.766014e-01
2.500000e-09 -1.783852e-01 -1.777476e-01
3.000000e-09 -1.799197e-01 -1.791524e-01
3.500000e-09 -1.817151e-01 -1.808174e-01
4.000000e-09 -1.837743e-01 -1.827447e-01
4.500000e-09 -1.861001e-01 -1.849372e-01
5.000000e-09 -1.886968e-01 -1.873985e-01
5.500000e-09 -1.915675e-01 -1.901321e-01
6.000000e-09 -1.947163e-01 -1.931419e-01
6.500000e-09 -1.981484e-01 -1.964323e-01
7.000000e-09 -2.018681e-01 -2.000082e-01
7.500000e-09 -2.058810e-01 -2.038745e-01
8.000000e-09 -2.101922e-01 -2.080366e-01
8.500000e-09 -2.148098e-01 -2.125010e-01
9.000000e-09 -2.197381e-01 -2.172739e-01
9.500000e-09 -2.249865e-01 -2.223623e-01
1.000000e-08 -2.305615e-01 -2.277740e-01
1.050000e-08 -2.364712e-01 -2.335163e-01
1.100000e-08 -2.427247e-01 -2.395979e-01
1.150000e-08 -2.493306e-01 -2.460276e-01
1.200000e-08 -2.562983e-01 -2.528144e-01
1.250000e-08 -2.636385e-01 -2.599684e-01
1.300000e-08 -2.713616e-01 -2.675001e-01
1.350000e-08 -2.794785e-01 -2.754200e-01
1.400000e-08 -2.880017e-01 -2.837401e-01
1.450000e-08 -2.969430e-01 -2.924723e-01
1.500000e-08 -3.063159e-01 -3.016294e-01
1.550000e-08 -3.161334e-01 -3.112247e-01
1.600000e-08 -3.264108e-01 -3.212721e-01
1.650000e-08 -3.371615e-01 -3.317861e-01
1.700000e-08 -3.484018e-01 -3.427816e-01
1.750000e-08 -3.601480e-01 -3.542749e-01
1.800000e-08 -3.724178e-01 -3.662829e-01
1.850000e-08 -3.852283e-01 -3.788230e-01
1.900000e-08 -3.985980e-01 -3.919131e-01
1.950000e-08 -4.125470e-01 -4.055725e-01
2.000000e-08 -4.270952e-01 -4.198211e-01
2.050000e-08 -4.422640e-01 -4.346796e-01
2.100000e-08 -4.580749e-01 -4.501694e-01
2.150000e-08 -4.745511e-01 -4.663130e-01
2.200000e-08 -4.917169e-01 -4.831340e-01
2.250000e-08 -5.095962e-01 -5.006566e-01
2.300000e-08 -5.282165e-01 -5.189063e-01
2.350000e-08 -5.476031e-01 -5.379098e-01
2.400000e-08 -5.677854e-01 -5.576943e-01
2.450000e-08 -5.887918e-01 -5.782886e-01
2.500000e-08 -6.106546e-01 -5.997232e-01
2.550000e-08 -6.334038e-01 -6.220292e-01
2.600000e-08 -6.570730e-01 -6.452384e-01
2.650000e-08 -6.816962e-01 -6.693846e-01
2.700000e-08 -7.073096e-01 -6.945029e-01
2.750000e-08 -7.339501e-01 -7.206298e-01
2.800000e-08 -7.616571e-01 -7.478036e-01
2.850000e-08 -7.904700e-01 -7.760635e-01
2.900000e-08 -8.204316e-01 -8.054508e-01
2.950000e-08 -8.515839e-01 -8.360078e-01
3.000000e-08 -8.839736e-01 -8.677787e-01
3.050000e-08 -9.176472e-01 -9.008104e-01
3.100000e-08 -9.526533e-01 -9.351503e-01
3.150000e-08 -9.890434e-01 -9.708484e-01
3.200000e-08 -1.026870e+00 -1.007957e+00
3.250000e-08 -1.066188e+00 -1.046529e+00
3.300000e-08 -1.107054e+00 -1.086621e+00
3.350000e-08 -1.149529e+00 -1.128291e+00
3.400000e-08 -1.193672e+00 -1.171601e+00
3.450000e-08 -1.239550e+00 -1.216611e+00
3.500000e-08 -1.287228e+00 -1.263389e+00
3.550000e-08 -1.336775e+00 -1.312002e+00
3.600000e-08 -1.388264e+00 -1.362520e+00
3.650000e-08 -1.441770e+00 -1.415017e+00
3.700000e-08 -1.497369e+00 -1.469569e+00
3.750000e-08 -1.555143e+00 -1.526256e+00
3.800000e-08 -1.615176e+00 -1.585160e+00
3.850000e-08 -1.677556e+00 -1.646366e+00
3.900000e-08 -1.742371e+00 -1.709963e+00
3.950000e-08 -1.809717e+00 -1.776044e+00
4.000000e-08 -1.879692e+00 -1.844704e+00
4.050000e-08 -1.952396e+00 -1.916044e+00
4.100000e-08 -2.027937e+00 -1.990167e+00
4.150000e-08 -2.106422e+00 -2.067180e+00
4.200000e-08 -2.187967e+00 -2.147195e+00
4.250000e-08 -2.272690e+00 -2.230329e+00
4.300000e-08 -2.360715e+00 -2.316702e+00
4.350000e-08 -2.452167e+00 -2.406441e+00
4.400000e-08 -2.547181e+00 -2.499674e+00
4.450000e-08 -2.645895e+00 -2.596538e+00
4.500000e-08 -2.748452e+00 -2.697173e+00
4.550000e-08 -2.855000e+00 -2.801726e+00
4.600000e-08 -2.965696e+00 -2.910348e+00
4.650000e-08 -3.080698e+00 -3.023197e+00
4.700000e-08 -3.200175e+00 -3.140437e+00
4.750000e-08 -3.324301e+00 -3.262238e+00
4.800000e-08 -3.453254e+00 -3.388777e+00
4.850000e-08 -3.587223e+00 -3.520238e+00
4.900000e-08 -3.726402e+00 -3.656812e+00
4.950000e-08 -3.870993e+00 -3.798698e+00
5.000000e-08 -4.021207e+00 -3.946100e+00
5.050000e-08 -4.177261e+00 -4.099234e+00
5.100000e-08 -4.339382e+00 -4.258322e+00
5.150000e-08 -4.507806e+00 -4.423594e+00
5.200000e-08 -4.682777e+00 -4.595292e+00
5.250000e-08 -4.864550e+00 -4.773664e+00
5.300000e-08 -5.053387e+00 -4.958969e+00
5.350000e-08 -5.249565e+00 -5.151476e+00
5.400000e-08 -5.453366e+00 -5.351466e+00
5.450000e-08 -5.665089e+00 -5.559228e+00
5.500000e-08 -5.885040e+00 -5.775065e+00
5.550000e-08 -6.113538e+00 -5.999289e+00
5.600000e-08 -6.350916e+00 -6.232227e+00
5.650000e-08 -6.597517e+00 -6.474217e+00
5.700000e-08 -6.853702e+00 -6.725610e+00
5.750000e-08 -7.119840e+00 -6.986771e+00
5.800000e-08 -7.396319e+00 -7.258080e+00
5.850000e-08 -7.683542e+00 -7.539931e+00
5.900000e-08 -7.981923e+00 -7.832732e+00
5.950000e-08 -8.291897e+00 -8.136910e+00
6.000000e-08 -8.613915e+00 -8.452906e+00
6.050000e-08 -8.948444e+00 -8.781179e+00
6.100000e-08 -9.295969e+00 -9.122206e+00
6.150000e-08 -9.656996e+00 -9.476483e+00
6.200000e-08 -1.003205e+01 -9.844523e+00
6.250000e-08 -1.042167e+01 -1.022686e+01
6.300000e-08 -1.082643e+01 -1.062405e+01
6.350000e-08 -1.124692e+01 -1.103668e+01
6.400000e-08 -1.168374e+01 -1.146533e+01
6.450000e-08 -1.213753e+01 -1.191063e+01
6.500000e-08 -1.260895e+01 -1.237324e+01
6.550000e-08 -1.309868e+01 -1.285381e+01
6.600000e-08 -1.360743e+01 -1.335305e+01
6.650000e-08 -1.413595e+01 -1.387169e+01
6.700000e-08 -1.468500e+01 -1.441048e+01
6.750000e-08 -1.525538e+01 -1.497019e+01
6.800000e-08 -1.584792e+01 -1.555165e+01
6.850000e-08 -1.646347e+01 -1.615570e+01
6.900000e-08 -1.710294e+01 -1.678321e+01
6.950000e-08 -1.776724e+01 -1.743509e+01
7.000000e-08 -1.845736e+01 -1.811230e+01
7.050000e-08 -1.917428e+01 -1.881582e+01
7.100000e-08 -1.991904e+01 -1.954666e+01
7.150000e-08 -2.069274e+01 -2.030589e+01
7.200000e-08 -2.149649e+01 -2.109462e+01
7.250000e-08 -2.233147e+01 -2.191398e+01
7.300000e-08 -2.319888e+01 -2.276517e+01
7.350000e-08 -2.409998e+01 -2.364943e+01
7.400000e-08 -2.503608e+01 -2.456803e+01
7.450000e-08 -2.600855e+01 -2.552232e+01
7.500000e-08 -2.701879e+01 -2.651367e+01
7.550000e-08 -2.806828e+01 -2.754354e+01
7.600000e-08 -2.915853e+01 -2.861340e+01
7.650000e-08 -3.029113e+01 -2.972483e+01
7.700000e-08 -3.146772e+01 -3.087943e+01
7.750000e-08 -3.269002e+01 -3.207887e+01
7.800000e-08 -3.395980e+01 -3.332491e+01
7.850000e-08 -3.527890e+01 -3.461935e+01
7.900000e-08 -3.664924e+01 -3.596407e+01
7.950000e-08 -3.807281e+01 -3.736102e+01
8.000000e-08 -3.955167e+01 -3.881224e+01
8.050000e-08 -4.108798e+01 -4.031983e+01
8.100000e-08 -4.268397e+01 -4.188598e+01
8.150000e-08 -4.434195e+01 -4.351296e+01
8.200000e-08 -4.606433e+01 -4.520314e+01
8.250000e-08 -4.785361e+01 -4.695897e+01
8.300000e-08 -4.971240e+01 -4.878300e+01
8.350000e-08 -5.164338e+01 -5.067789e+01
8.400000e-08 -5.364938e+01 -5.264638e+01
8.450000e-08 -5.573329e+01 -5.469133e+01
8.500000e-08 -5.789814e+01 -5.681572e+01
8.550000e-08 -6.014709e+01 -5.902262e+01
8.600000e-08 -6.248340e+01 -6.131524e+01
8.650000e-08 -6.491045e+01 -6.369692e+01
8.700000e-08 -6.743178e+01 -6.617111e+01
8.750000e-08 -7.005104e+01 -6.874141e+01
8.800000e-08 -7.277204e+01 -7.141154e+01
8.850000e-08 -7.559873e+01 -7.418539e+01
8.900000e-08 -7.853522e+01 -7.706698e+01
8.950000e-08 -8.158578e+01 -8.006050e+01
9.000000e-08 -8.475482e+01 -8.317030e+01
9.050000e-08 -8.804696e+01 -8.640089e+01
9.100000e-08 -9.146697e+01 -8.975696e+01
9.150000e-08 -9.501983e+01 -9.324340e+01
9.200000e-08 -9.871068e+01 -9.686526e+01
9.250000e-08 -1.025449e+02 -1.006278e+02
9.300000e-08 -1.065281e+02 -1.045365e+02
9.350000e-08 -1.106659e+02 -1.085970e+02
9.400000e-08 -1.149645e+02 -1.128152e+02
9.450000e-08 -1.194301e+02 -1.171973e+02
9.500000e-08 -1.240691e+02 -1.217496e+02
9.550000e-08 -1.288883e+02 -1.264787e+02
9.600000e-08 -1.338947e+02 -1.313915e+02
9.650000e-08 -1.390955e+02 -1.364951e+02
9.700000e-08 -1.444983e+02 -1.417969e+02
9.750000e-08 -1.501111e+02 -1.473047e+02
9.800000e-08 -1.559418e+02 -1.530264e+02
9.850000e-08 -1.619990e+02 -1.589704e+02
9.900000e-08 -1.682914e+02 -1.651452e+02
9.950000e-08 -1.748283e+02 -1.715599e+02
1.000000e-07 -1.816191e+02 -1.782237e+02
1.005000e-07 -1.886736e+02 -1.851463e+02
1.010000e-07 -1.960021e+02 -1.923379e+02
1.015000e-07 -2.036153e+02 -1.998087e+02
1.020000e-07 -2.115242e+02 -2.075698e+02
1.025000e-07 -2.197403e+02 -2.156323e+02
1.030000e-07 -2.282755e+02 -2.240079e+02
1.035000e-07 -2.371422e+02 -2.327089e+02
1.040000e-07 -2.463533e+02 -2.417478e+02
1.045000e-07 -2.559222e+02 -2.511378e+02
1.050000e-07 -2.658627e+02 -2.608925e+02
1.055000e-07 -2.761894e+02 -2.710260e+02
1.060000e-07 -2.869171e+02 -2.815532e+02
1.065000e-07 -2.980614e+02 -2.924892e+02
1.070000e-07 -3.096386e+02 -3.038500e+02
1.075000e-07 -3.216655e+02 -3.156521e+02
1.080000e-07 -3.341595e+02 -3.279125e+02
1.085000e-07 -3.471387e+02 -3.406491e+02
1.090000e-07 -3.606221e+02 -3.538804e+02
1.095000e-07 -3.746291e+02 -3.676256e+02
1.100000e-07 -3.891801e+02 -3.819046e+02
1.105000e-07 -4.042963e+02 -3.967382e+02
1.110000e-07 -4.199996e+02 -4.121479e+02
1.115000e-07 -4.363127e+02 -4.281561e+02
1.120000e-07 -4.532594e+02 -4.447861e+02
1.125000e-07 -4.708643e+02 -4.620619e+02
1.130000e-07 -4.891529e+02 -4.800086e+02
1.135000e-07 -5.081518e+02 -4.986524e+02
1.140000e-07 -5.278886e+02 -5.180202e+02
1.145000e-07 -5.483918e+02 -5.381402e+02
1.150000e-07 -5.696914e+02 -5.590416e+02
1.155000e-07 -5.918181e+02 -5.807547e+02
1.160000e-07 -6.148041e+02 -6.033111e+02
1.165000e-07 -6.386828e+02 -6.267435e+02
1.170000e-07 -6.634889e+02 -6.510858e+02
1.175000e-07 -6.892583e+02 -6.763736e+02
1.180000e-07 -7.160284e+02 -7.026433e+02
1.185000e-07 -7.438381e+02 -7.299332e+02
1.190000e-07 -7.727278e+02 -7.582829e+02
1.195000e-07 -8.027393e+02 -7.877335e+02
1.200000e-07 -8.339163e+02 -8.183278e+02
1.205000e-07 -8.663040e+02 -8.501102e+02
1.210000e-07 -8.999494e+02 -8.831267e+02
1.215000e-07 -9.349012e+02 -9.174253e+02
1.220000e-07 -9.712103e+02 -9.530558e+02
1.225000e-07 -1.008929e+03 -9.900698e+02
1.230000e-07 -1.048113e+03 -1.028521e+03
1.235000e-07 -1.088818e+03 -1.068466e+03
1.240000e-07 -1.131104e+03 -1.109961e+03
1.245000e-07 -1.175031e+03 -1.153068e+03
1.250000e-07 -1.220665e+03 -1.197848e+03
1.255000e-07 -1.268070e+03 -1.244367e+03
1.260000e-07 -1.317315e+03 -1.292692e+03
1.265000e-07 -1.368473e+03 -1.342894e+03
1.270000e-07 -1.421617e+03 -1.395045e+03
1.275000e-07 -1.476824e+03 -1.449220e+03
1.280000e-07 -1.534174e+03 -1.505499e+03
1.285000e-07 -1.593751e+03 -1.563963e+03
1.290000e-07 -1.655641e+03 -1.624696e+03
1.295000e-07 -1.719934e+03 -1.687787e+03
1.300000e-07 -1.786722e+03 -1.753328e+03
1.305000e-07 -1.856103e+03 -1.821413e+03
1.310000e-07 -1.928178e+03 -1.892140e+03
1.315000e-07 -2.003050e+03 -1.965614e+03
1.320000e-07 -2.080829e+03 -2.041939e+03
1.325000e-07 -2.161626e+03 -2.121227e+03
1.330000e-07 -2.245560e+03 -2.203593e+03
1.335000e-07 -2.332751e+03 -2.289156e+03
1.340000e-07 -2.423327e+03 -2.378039e+03
1.345000e-07 -2.517418e+03 -2.470373e+03
1.350000e-07 -2.615161e+03 -2.566289e+03
1.355000e-07 -2.716697e+03 -2.665929e+03
1.360000e-07 -2.822173e+03 -2.769435e+03
1.365000e-07 -2.931742e+03 -2.876958e+03
1.370000e-07 -3.045564e+03 -2.988653e+03
1.375000e-07 -3.163801e+03 -3.104683e+03
1.380000e-07 -3.286627e+03 -3.225214e+03
1.385000e-07 -3.414218e+03 -3.350423e+03
1.390000e-07 -3.546760e+03 -3.480489e+03
1.395000e-07 -3.684443e+03 -3.615601e+03
1.400000e-07 -3.827468e+03 -3.755956e+03
1.405000e-07 -3.976041e+03 -3.901755e+03
1.410000e-07 -4.130378e+03 -4.053210e+03
1.415000e-07 -4.290701e+03 -4.210539e+03
1.420000e-07 -4.457242e+03 -4.373971e+03
1.425000e-07 -4.630242e+03 -4.543742e+03
1.430000e-07 -4.809952e+03 -4.720097e+03
1.435000e-07 -4.996631e+03 -4.903291e+03
1.440000e-07 -5.190548e+03 -5.093589e+03
1.445000e-07 -5.391985e+03 -5.291266e+03
1.450000e-07 -5.601231e+03 -5.496608e+03
1.455000e-07 -5.818590e+03 -5.709910e+03
1.460000e-07 -6.044375e+03 -5.931482e+03
1.465000e-07 -6.278911e+03 -6.161643e+03
1.470000e-07 -6.522539e+03 -6.400725e+03
1.475000e-07 -6.775608e+03 -6.649074e+03
1.480000e-07 -7.038485e+03 -6.907047e+03
1.485000e-07 -7.311548e+03 -7.175017e+03
1.490000e-07 -7.595191e+03 -7.453370e+03
1.495000e-07 -7.889824e+03 -7.742508e+03
1.500000e-07 -8.195869e+03 -8.042846e+03
1.505000e-07 -8.513769e+03 -8.354819e+03
1.510000e-07 -8.843981e+03 -8.678875e+03
1.515000e-07 -9.186981e+03 -9.015481e+03
1.520000e-07 -9.543262e+03 -9.365122e+03
1.525000e-07 -9.913337e+03 -9.728299e+03
1.530000e-07 -1.029774e+04 -1.010554e+04
1.535000e-07 -1.069702e+04 -1.049738e+04
1.540000e-07 -1.111175e+04 -1.090438e+04
1.545000e-07 -1.154253e+04 -1.132714e+04
1.550000e-07 -1.198997e+04 -1.176625e+04
1.555000e-07 -1.245473e+04 -1.222235e+04
1.560000e-07 -1.293746e+04 -1.269609e+04
1.565000e-07 -1.343886e+04 -1.318816e+04
1.570000e-07 -1.395964e+04 -1.369925e+04
1.575000e-07 -1.450056e+04 -1.423010e+04
1.580000e-07 -1.506238e+04 -1.478147e+04
1.585000e-07 -1.564591e+04 -1.535415e+04
1.590000e-07 -1.625199e+04 -1.594895e+04
1.595000e-07 -1.688147e+04 -1.656673e+04
1.600000e-07 -1.753527e+04 -1.720837e+04
1.605000e-07 -1.821431e+04 -1.787479e+04
1.610000e-07 -1.891956e+04 -1.856693e+04
1.615000e-07 -1.965203e+04 -1.928579e+04
1.620000e-07 -2.041275e+04 -2.003239e+04
1.625000e-07 -2.120282e+04 -2.080778e+04
1.630000e-07 -2.202335e+04 -2.161308e+04
1.635000e-07 -2.287551e+04 -2.244943e+04
1.640000e-07 -2.376052e+04 -2.331801e+04
1.645000e-07 -2.467962e+04 -2.422007e+04
1.650000e-07 -2.563411e+04 -2.515686e+04
1.655000e-07 -2.662536e+04 -2.612974e+04
1.660000e-07 -2.765476e+04 -2.714006e+04
1.665000e-07 -2.872376e+04 -2.818926e+04
1.670000e-07 -2.983387e+04 -2.927882e+04
1.675000e-07 -3.098667e+04 -3.041027e+04
1.680000e-07 -3.218376e+04 -3.158522e+04
1.685000e-07 -3.342684e+04 -3.280530e+04
1.690000e-07 -3.471766e+04 -3.407225e+04
1.695000e-07 -3.605801e+04 -3.538783e+04
1.700000e-07 -3.744978e+04 -3.675389e+04
1.705000e-07 -3.889492e+04 -3.817235e+04
1.710000e-07 -4.039544e+04 -3.964518e+04
1.715000e-07 -4.195343e+04 -4.117443e+04
1.720000e-07 -4.357107e+04 -4.276225e+04
1.725000e-07 -4.525061e+04 -4.441084e+04
1.730000e-07 -4.699437e+04 -4.612249e+04
1.735000e-07 -4.880477e+04 -4.789957e+04
1.740000e-07 -5.068432e+04 -4.974455e+04
1.745000e-07 -5.263560e+04 -5.165996e+04
1.750000e-07 -5.466131e+04 -5.364845e+04
1.755000e-07 -5.676422e+04 -5.571276e+04
1.760000e-07 -5.894723e+04 -5.785573e+04
1.765000e-07 -6.121332e+04 -6.008027e+04
1.770000e-07 -6.356558e+04 -6.238945e+04
1.775000e-07 -6.600722e+04 -6.478640e+04
1.780000e-07 -6.854155e+04 -6.727438e+04
1.785000e-07 -7.117201e+04 -6.985678e+04
1.790000e-07 -7.390215e+04 -7.253708e+04
1.795000e-07 -7.673565e+04 -7.531890e+04
1.800000e-07 -7.967632e+04 -7.820599e+04
1.805000e-07 -8.272810e+04 -8.120221e+04
1.810000e-07 -8.589506e+04 -8.431158e+04
1.815000e-07 -8.918141e+04 -8.753823e+04
1.820000e-07 -9.259151e+04 -9.088646e+04
1.825000e-07 -9.612988e+04 -9.436070e+04
1.830000e-07 -9.980116e+04 -9.796552e+04
1.835000e-07 -1.036102e+05 -1.017057e+05
1.840000e-07 -1.075619e+05 -1.055860e+05
1.845000e-07 -1.116615e+05 -1.096117e+05
1.850000e-07 -1.159142e+05 -1.137879e+05
1.855000e-07 -1.203256e+05 -1.181199e+05
1.860000e-07 -1.249013e+05 -1.226134e+05
1.865000e-07 -1.296471e+05 -1.272742e+05
1.870000e-07 -1.345691e+05 -1.321081e+05
1.875000e-07 -1.396736e+05 -1.371214e+05
1.880000e-07 -1.449668e+05 -1.423202e+05
1.885000e-07 -1.504555e+05 -1.477111e+05
1.890000e-07 -1.561464e+05 -1.533010e+05
1.895000e-07 -1.620466e+05 -1.590965e+05
1.900000e-07 -1.681634e+05 -1.651050e+05
1.905000e-07 -1.745041e+05 -1.713338e+05
1.910000e-07 -1.810765e+05 -1.777903e+05
1.915000e-07 -1.878885e+05 -1.844825e+05
1.920000e-07 -1.949481e+05 -1.914183e+05
1.925000e-07 -2.022638e+05 -1.986060e+05
1.930000e-07 -2.098442e+05 -2.060540e+05
1.935000e-07 -2.176979e+05 -2.137711e+05
1.940000e-07 -2.258343e+05 -2.217661e+05
1.945000e-07 -2.342624e+05 -2.300483e+05
1.950000e-07 -2.429919e+05 -2.386272e+05
1.955000e-07 -2.520326e+05 -2.475123e+05
1.960000e-07 -2.613945e+05 -2.567136e+05
1.965000e-07 -2.710879e+05 -2.662412e+05
1.970000e-07 -2.811233e+05 -2.761056e+05
1.975000e-07 -2.915115e+05 -2.863174e+05
1.980000e-07 -3.022634e+05 -2.968875e+05
1.985000e-07 -3.133905e+05 -3.078270e+05
1.990000e-07 -3.249041e+05 -3.191473e+05
1.995000e-07 -3.368160e+05 -3.308600e+05
2.000000e-07 -3.491381e+05 -3.429770e+05
2.005000e-07 -3.618827e+05 -3.555104e+05
2.010000e-07 -3.750622e+05 -3.684725e+05
2.015000e-07 -3.886892e+05 -3.818757e+05
2.020000e-07 -4.027766e+05 -3.957329e+05
2.025000e-07 -4.173374e+05 -4.100570e+05
2.030000e-07 -4.323848e+05 -4.248611e+05
2.035000e-07 -4.479323e+05 -4.401586e+05
2.040000e-07 -4.639935e+05 -4.559629e+05
2.045000e-07 -4.805821e+05 -4.722878e+05
2.050000e-07 -4.977120e+05 -4.891470e+05
2.055000e-07 -5.153972e+05 -5.065546e+05
2.060000e-07 -5.336518e+05 -5.245245e+05
2.065000e-07 -5.524901e+05 -5.430710e+05
2.070000e-07 -5.719264e+05 -5.622082e+05
2.075000e-07 -5.919749e+05 -5.819506e+05
2.080000e-07 -6.126501e+05 -6.023125e+05
2.085000e-07 -6.339663e+05 -6.233082e+05
2.090000e-07 -6.559379e+05 -6.449521e+05
2.095000e-07 -6.785792e+05 -6.672586e+05
2.100000e-07 -7.019045e+05 -6.902419e+05
2.105000e-07 -7.259278e+05 -7.139161e+05
2.110000e-07 -7.506631e+05 -7.382955e+05
2.115000e-07 -7.761244e+05 -7.633938e+05
2.120000e-07 -8.023251e+05 -7.892247e+05
2.125000e-07 -8.292787e+05 -8.158019e+05
2.130000e-07 -8.569983e+05 -8.431385e+05
2.135000e-07 -8.854967e+05 -8.712475e+05
2.140000e-07 -9.147864e+05 -9.001416e+05
2.145000e-07 -9.448793e+05 -9.298329e+05
2.150000e-07 -9.757873e+05 -9.603333e+05
2.155000e-07 -1.007521e+06 -9.916543e+05
2.160000e-07 -1.040092e+06 -1.023807e+06
2.165000e-07 -1.073510e+06 -1.056801e+06
2.170000e-07 -1.107784e+06 -1.090647e+06
2.175000e-07 -1.142923e+06 -1.125354e+06
2.180000e-07 -1.178936e+06 -1.160930e+06
2.185000e-07 -1.215831e+06 -1.197383e+06
2.190000e-07 -1.253612e+06 -1.234721e+06
2.195000e-07 -1.292288e+06 -1.272950e+06
2.200000e-07 -1.331863e+06 -1.312076e+06
2.205000e-07 -1.372341e+06 -1.352102e+06
2.210000e-07 -1.413726e+06 -1.393033e+06
2.215000e-07 -1.456020e+06 -1.434873e+06
2.220000e-07 -1.499225e+06 -1.477622e+06
2.225000e-07 -1.543341e+06 -1.521283e+06
2.230000e-07 -1.588369e+06 -1.565855e+06
2.235000e-07 -1.634306e+06 -1.611337e+06
2.240000e-07 -1.681150e+06 -1.657728e+06
2.245000e-07 -1.728898e+06 -1.705024e+06
2.250000e-07 -1.777546e+06 -1.753222e+06
2.255000e-07 -1.827087e+06 -1.802317e+06
2.260000e-07 -1.877516e+06 -1.852302e+06
2.265000e-07 -1.928824e+06 -1.903170e+06
2.270000e-07 -1.981004e+06 -1.954914e+06
2.275000e-07 -2.034044e+06 -2.007524e+06
2.280000e-07 -2.087936e+06 -2.060990e+06
2.285000e-07 -2.142667e+06 -2.115301e+06
2.290000e-07 -2.198224e+06 -2.170445e+06
2.295000e-07 -2.254595e+06 -2.226410e+06
2.300000e-07 -2.311765e+06 -2.283180e+06
2.305000e-07 -2.369718e+06 -2.340742e+06
2.310000e-07 -2.428440e+06 -2.399079e+06
2.315000e-07 -2.487913e+06 -2.458176e+06
2.320000e-07 -2.548120e+06 -2.518016e+06
2.325000e-07 -2.609042e+06 -2.578581e+06
2.330000e-07 -2.670663e+06 -2.639852e+06
2.335000e-07 -2.732961e+06 -2.701812e+06
2.340000e-07 -2.795919e+06 -2.764440e+06
2.345000e-07 -2.859515e+06 -2.827717e+06
2.350000e-07 -2.923730e+06 -2.891623e+06
2.355000e-07 -2.988544e+06 -2.956137e+06
2.360000e-07 -3.053935e+06 -3.021239e+06
2.365000e-07 -3.119882e+06 -3.086908e+06
2.370000e-07 -3.186365e+06 -3.153124e+06
2.375000e-07 -3.253363e+06 -3.219864e+06
2.380000e-07 -3.320855e+06 -3.287109e+06
2.385000e-07 -3.388820e+06 -3.354838e+06
2.390000e-07 -3.457237e+06 -3.423029e+06
2.395000e-07 -3.526086e+06 -3.491662e+06
2.400000e-07 -3.595348e+06 -3.560717e+06
2.405000e-07 -3.665001e+06 -3.630174e+06
2.410000e-07 -3.735026e+06 -3.700013e+06
2.415000e-07 -3.805405e+06 -3.770215e+06
2.420000e-07 -3.876118e+06 -3.840762e+06
2.425000e-07 -3.947148e+06 -3.911633e+06
2.430000e-07 -4.018477e+06 -3.982813e+06
2.435000e-07 -4.090088e+06 -4.054283e+06
2.440000e-07 -4.161964e+06 -4.126026e+06
2.445000e-07 -4.234088e+06 -4.198026e+06
2.450000e-07 -4.306447e+06 -4.270268e+06
2.455000e-07 -4.379024e+06 -4.342735e+06
2.460000e-07 -4.451806e+06 -4.415415e+06
2.465000e-07 -4.524778e+06 -4.488292e+06
2.470000e-07 -4.597929e+06 -4.561353e+06
2.475000e-07 -4.671245e+06 -4.634587e+06
2.480000e-07 -4.744715e+06 -4.707980e+06
2.485000e-07 -4.818327e+06 -4.781521e+06
2.490000e-07 -4.892071e+06 -4.855199e+06
2.495000e-07 -4.965938e+06 -4.929005e+06
2.500000e-07 -5.039917e+06 -5.002927e+06
2.505000e-07 -5.114000e+06 -5.076958e+06
2.510000e-07 -5.188178e+06 -5.151089e+06
2.515000e-07 -5.262444e+06 -5.225311e+06
2.520000e-07 -5.336790e+06 -5.299617e+06
2.525000e-07 -5.411209e+06 -5.374000e+06
2.530000e-07 -5.485696e+06 -5.448453e+06
2.535000e-07 -5.560244e+06 -5.522970e+06
2.540000e-07 -5.634848e+06 -5.597546e+06
2.545000e-07 -5.709503e+06 -5.672176e+06
2.550000e-07 -5.784204e+06 -5.746854e+06
2.555000e-07 -5.858947e+06 -5.821576e+06
2.560000e-07 -5.933728e+06 -5.896337e+06
2.565000e-07 -6.008542e+06 -5.971135e+06
2.570000e-07 -6.083388e+06 -6.045965e+06
2.575000e-07 -6.158261e+06 -6.120825e+06
2.580000e-07 -6.233160e+06 -6.195711e+06
2.585000e-07 -6.308081e+06 -6.270620e+06
2.590000e-07 -6.383022e+06 -6.345551e+06
2.595000e-07 -6.457981e+06 -6.420501e+06
2.600000e-07 -6.532956e+06 -6.495468e+06
2.605000e-07 -6.607945e+06 -6.570450e+06
2.610000e-07 -6.682947e+06 -6.645446e+06
2.615000e-07 -6.757961e+06 -6.720454e+06
2.620000e-07 -6.832984e+06 -6.795473e+06
2.625000e-07 -6.908017e+06 -6.870501e+06
2.630000e-07 -6.983058e+06 -6.945537e+06
2.635000e-07 -7.058105e+06 -7.020581e+06
2.640000e-07 -7.133159e+06 -7.095632e+06
2.645000e-07 -7.208218e+06 -7.170688e+06
2.650000e-07 -7.283282e+06 -7.245750e+06
2.655000e-07 -7.358350e+06 -7.320816e+06
2.660000e-07 -7.433422e+06 -7.395886e+06
2.665000e-07 -7.508497e+06 -7.470959e+06
2.670000e-07 -7.583575e+06 -7.546036e+06
2.675000e-07 -7.658655e+06 -7.621115e+06
2.680000e-07 -7.733738e+06 -7.696196e+06
2.685000e-07 -7.808822e+06 -7.771280e+06
2.690000e-07 -7.883908e+06 -7.846365e+06
2.695000e-07 -7.958995e+06 -7.921452e+06
2.700000e-07 -8.034084e+06 -7.996540e+06
2.705000e-07 -8.109174e+06 -8.071629e+06
2.710000e-07 -8.184264e+06 -8.146719e+06
2.715000e-07 -8.259356e+06 -8.221810e+06
2.720000e-07 -8.334448e+06 -8.296902e+06
2.725000e-07 -8.409540e+06 -8.371994e+06
2.730000e-07 -8.484633e+06 -8.447087e+06
2.735000e-07 -8.559727e+06 -8.522180e+06
2.740000e-07 -8.634821e+06 -8.597274e+06
2.745000e-07 -8.709915e+06 -8.672368e+06
2.750000e-07 -8.785010e+06 -8.747462e+06
2.755000e-07 -8.860104e+06 -8.822557e+06
2.760000e-07 -8.935199e+06 -8.897652e+06
2.765000e-07 -9.010294e+06 -8.972747e+06
2.770000e-07 -9.085390e+06 -9.047842e+06
2.775000e-07 -9.160485e+06 -9.122937e+06
2.780000e-07 -9.235580e+06 -9.198033e+06
2.785000e-07 -9.310676e+06 -9.273128e+06
2.790000e-07 -9.385772e+06 -9.348224e+06
2.795000e-07 -9.460867e+06 -9.423319e+06
2.800000e-07 -9.535963e+06 -9.498415e+06
2.805000e-07 -9.611059e+06 -9.573511e+06
2.810000e-07 -9.686154e+06 -9.648607e+06
2.815000e-07 -9.761250e+06 -9.723702e+06
2.820000e-07 -9.836346e+06 -9.798798e+06
2.825000e-07 -9.911442e+06 -9.873894e+06
2.830000e-07 -9.986538e+06 -9.948990e+06
2.835000e-07 -1.006163e+07 -1.002409e+07
2.840000e-07 -1.013673e+07 -1.009918e+07
2.845000e-07 -1.021183e+07 -1.017428e+07
2.850000e-07 -1.028692e+07 -1.024937e+07
2.855000e-07 -1.036202e+07 -1.032447e+07
2.860000e-07 -1.043711e+07 -1.039957e+07
2.865000e-07 -1.051221e+07 -1.047466e+07
2.870000e-07 -1.058731e+07 -1.054976e+07
2.875000e-07 -1.066240e+07 -1.062485e+07
2.880000e-07 -1.073750e+07 -1.069995e+07
2.885000e-07 -1.081259e+07 -1.077504e+07
2.890000e-07 -1.088769e+07 -1.085014e+07
2.895000e-07 -1.096278e+07 -1.092524e+07
2.900000e-07 -1.103788e+07 -1.100033e+07
2.905000e-07 -1.111298e+07 -1.107543e+07
2.910000e-07 -1.118807e+07 -1.115052e+07
2.915000e-07 -1.126317e+07 -1.122562e+07
2.920000e-07 -1.133826e+07 -1.130072e+07
2.925000e-07 -1.141336e+07 -1.137581e+07
2.930000e-07 -1.148846e+07 -1.145091e+07
2.935000e-07 -1.156355e+07 -1.152600e+07
2.940000e-07 -1.163865e+07 -1.160110e+07
2.945000e-07 -1.171374e+07 -1.167620e+07
2.950000e-07 -1.178884e+07 -1.175129e+07
2.955000e-07 -1.186394e+07 -1.182639e+07
2.960000e-07 -1.193903e+07 -1.190148e+07
2.965000e-07 -1.201413e+07 -1.197658e+07
2.970000e-07 -1.208922e+07 -1.205168e+07
2.975000e-07 -1.216432e+07 -1.212677e+07
2.980000e-07 -1.223942e+07 -1.220187e+07
2.985000e-07 -1.231451e+07 -1.227696e+07
2.990000e-07 -1.238961e+07 -1.235206e+07
2.995000e-07 -1.246470e+07 -1.242716e+07
3.000000e-07 -1.246470e+07 -1.246470e+07
3.005000e-07 -1.246470e+07 -1.246470e+07
3.010000e-07 -1.246470e+07 -1.246470e+07
3.015000e-07 -1.246470e+07 -1.246470e+07
3.020000e-07 -1.246470e+07 -1.246470e+07
3.025000e-07 -1.246470e+07 -1.246470e+07
3.030000e-07 -1.246470e+07 -1.246470e+07
3.035000e-07 -1.246470e+07 -1.246470e+07
3.040000e-07 -1.246470e+07 -1.246470e+07
3.045000e-07 -1.246470e+07 -1.246470e+07
3.050000e-07 -1.246470e+07 -1.246470e+07
3.055000e-07 -1.246470e+07 -1.246470e+07
3.060000e-07 -1.246470e+07 -1.246470e+07
3.065000e-07 -1.246470e+07 -1.246470e+07
3.070000e-07 -1.246470e+07 -1.246470e+07
3.075000e-07 -1.246470e+07 -1.246470e+07
3.080000e-07 -1.246470e+07 -1.246470e+07
3.085000e-07 -1.246470e+07 -1.246470e+07
3.090000e-07 -1.246470e+07 -1.246470e+07
3.095000e-07 -1.246470e+07 -1.246470e+07
3.100000e-07 -1.246470e+07 -1.246470e+07
3.105000e-07 -1.246470e+07 -1.246470e+07
3.110000e-07 -1.246470e+07 -1.246470e+07
3.115000e-07 -1.246470e+07 -1.246470e+07
3.120000e-07 -1.246470e+07 -1.246470e+07
3.125000e-07 -1.246470e+07 -1.246470e+07
3.130000e-07 -1.246470e+07 -1.246470e+07
3.135000e-07 -1.246470e+07 -1.246470e+07
3.140000e-07 -1.246470e+07 -1.246470e+07
3.145000e-07 -1.246470e+07 -1.246470e+07
3.150000e-07 -1.246470e+07 -1.246470e+07
3.155000e-07 -1.246470e+07 -1.246470e+07
3.160000e-07 -1.246470e+07 -1.246470e+07
3.165000e-07 -1.246470e+07 -1.246470e+07
3.170000e-07 -1.246470e+07 -1.246470e+07
3.175000e-07 -1.246470e+07 -1.246470e+07
3.180000e-07 -1.246470e+07 -1.246470e+07
3.185000e-07 -1.246470e+07 -1.246470e+07
3.190000e-07 -1.246470e+07 -1.246470e+07
3.195000e-07 -1.246470e+07 -1.246470e+07
3.200000e-07 -1.246470e+07 -1.246470e+07
3.205000e-07 -1.246470e+07 -1.246470e+07
3.210000e-07 -1.246470e+07 -1.246470e+07
3.215000e-07 -1.246470e+07 -1.246470e+07
3.220000e-07 -1.246470e+07 -1.246470e+07
3.225000e-07 -1.246470e+07 -1.246470e+07
3.230000e-07 -1.246470e+07 -1.246470e+07
3.235000e-07 -1.246470e+07 -1.246470e+07
3.240000e-07 -1.246470e+07 -1.246470e+07
3.245000e-07 -1.246470e+07 -1.246470e+07
3.250000e-07 -1.246470e+07 -1.246470e+07
3.255000e-07 -1.246470e+07 -1.246470e+07
3.260000e-07 -1.246470e+07 -1.246470e+07
3.265000e-07 -1.246470e+07 -1.246470e+07
3.270000e-07 -1.246470e+07 -1.246470e+07
3.275000e-07 -1.246470e+07 -1.246470e+07
3.280000e-07 -1.246470e+07 -1.246470e+07
3.285000e-07 -1.246470e+07 -1.246470e+07
3.290000e-07 -1.246470e+07 -1.246470e+07
3.295000e-07 -1.246470e+07 -1.246470e+07
3.300000e-07 -1.246470e+07 -1.246470e+07
3.305000e-07 -1.246470e+07 -1.246470e+07
3.310000e-07 -1.246470e+07 -1.246470e+07
3.315000e-07 -1.246470e+07 -1.246470e+07
3.320000e-07 -1.246470e+07 -1.246470e+07
3.325000e-07 -1.246470e+07 -1.246470e+07
3.330000e-07 -1.246470e+07 -1.246470e+07
3.335000e-07 -1.246470e+07 -1.246470e+07
3.340000e-07 -1.246470e+07 -1.246470e+07
3.345000e-07 -1.246470e+07 -1.246470e+07
3.350000e-07 -1.246470e+07 -1.246470e+07
3.355000e-07 -1.246470e+07 -1.246470e+07
3.360000e-07 -1.246470e+07 -1.246470e+07
3.365000e-07 -1.246470e+07 -1.246470e+07
3.370000e-07 -1.246470e+07 -1.246470e+07
3.375000e-07 -1.246470e+07 -1.246470e+07
3.380000e-07 -1.246470e+07 -1.246470e+07
3.385000e-07 -1.246470e+07 -1.246470e+07
3.390000e-07 -1.246470e+07 -1.246470e+07
3.395000e-07 -1.246470e+07 -1.246470e+07
3.400000e-07 -1.246470e+07 -1.246470e+07
3.405000e-07 -1.246470e+07 -1.246470e+07
3.410000e-07 -1.246470e+07 -1.246470e+07
3.415000e-07 -1.246470e+07 -1.246470e+07
3.420000e-07 -1.246470e+07 -1.246470e+07
3.425000e-07 -1.246470e+07 -1.246470e+07
3.430000e-07 -1.246470e+07 -1.246470e+07
3.435000e-07 -1.246470e+07 -1.246470e+07
3.440000e-07 -1.246470e+07 -1.246470e+07
3.445000e-07 -1.246470e+07 -1.246470e+07
3.450000e-07 -1.246470e+07 -1.246470e+07
3.455000e-07 -1.246470e+07 -1.246470e+07
3.460000e-07 -1.238961e+07 -1.242716e+07
3.465000e-07 -1.231451e+07 -1.235206e+07
3.470000e-07 -1.223942e+07 -1.227696e+07
3.475000e-07 -1.216432e+07 -1.220187e+07
3.480000e-07 -1.208922e+07 -1.212677e+07
3.485000e-07 -1.201413e+07 -1.205168e+07
3.490000e-07 -1.193903e+07 -1.197658e+07
3.495000e-07 -1.186394e+07 -1.190148e+07
3.500000e-07 -1.178884e+07 -1.182639e+07
3.505000e-07 -1.171374e+07 -1.175129e+07
3.510000e-07 -1.163865e+07 -1.167620e+07
3.515000e-07 -1.156355e+07 -1.160110e+07
3.520000e-07 -1.148846e+07 -1.152600e+07
3.525000e-07 -1.141336e+07 -1.145091e+07
3.530000e-07 -1.133826e+07 -1.137581e+07
3.535000e-07 -1.126317e+07 -1.130072e+07
3.540000e-07 -1.118807e+07 -1.122562e+07
3.545000e-07 -1.111298e+07 -1.115052e+07
3.550000e-07 -1.103788e+07 -1.107543e+07
3.555000e-07 -1.096278e+07 -1.100033e+07
3.560000e-07 -1.088769e+07 -1.092524e+07
3.565000e-07 -1.081259e+07 -1.085014e+07
3.570000e-07 -1.073750e+07 -1.077504e+07
3.575000e-07 -1.066240e+07 -1.069995e+07
3.580000e-07 -1.058730e+07 -1.062485e+07
3.585000e-07 -1.051221e+07 -1.054976e+07
3.590000e-07 -1.043711e+07 -1.047466e+07
3.595000e-07 -1.036202e+07 -1.039957e+07
3.600000e-07 -1.028692e+07 -1.032447e+07
3.605000e-07 -1.021183e+07 -1.024937e+07
3.610000e-07 -1.013673e+07 -1.017428e+07
3.615000e-07 -1.006163e+07 -1.009918e+07
3.620000e-07 -9.986538e+06 -1.002409e+07
3.625000e-07 -9.911442e+06 -9.948990e+06
3.630000e-07 -9.836346e+06 -9.873894e+06
3.635000e-07 -9.761250e+06 -9.798798e+06
3.640000e-07 -9.686154e+06 -9.723702e+06
3.645000e-07 -9.611059e+06 -9.648606e+06
3.650000e-07 -9.535963e+06 -9.573511e+06
3.655000e-07 -9.460867e+06 -9.498415e+06
3.660000e-07 -9.385771e+06 -9.423319e+06
3.665000e-07 -9.310676e+06 -9.348224e+06
3.670000e-07 -9.235580e+06 -9.273128e+06
3.675000e-07 -9.160485e+06 -9.198033e+06
3.680000e-07 -9.085389e+06 -9.122937e+06
3.685000e-07 -9.010294e+06 -9.047842e+06
3.690000e-07 -8.935199e+06 -8.972747e+06
3.695000e-07 -8.860104e+06 -8.897652e+06
3.700000e-07 -8.785010e+06 -8.822557e+06
3.705000e-07 -8.709915e+06 -8.747462e+06
3.710000e-07 -8.634821e+06 -8.672368e+06
3.715000e-07 -8.559727e+06 -8.597274e+06
3.720000e-07 -8.484633e+06 -8.522180e+06
3.725000e-07 -8.409540e+06 -8.447087e+06
3.730000e-07 -8.334448e+06 -8.371994e+06
3.735000e-07 -8.259356e+06 -8.296902e+06
3.740000e-07 -8.184264e+06 -8.221810e+06
3.745000e-07 -8.109174e+06 -8.146719e+06
3.750000e-07 -8.034084e+06 -8.071629e+06
3.755000e-07 -7.958995e+06 -7.996540e+06
3.760000e-07 -7.883908e+06 -7.921452e+06
3.765000e-07 -7.808822e+06 -7.846365e+06
3.770000e-07 -7.733737e+06 -7.771280e+06
3.775000e-07 -7.658655e+06 -7.696196e+06
3.780000e-07 -7.583575e+06 -7.621115e+06
3.785000e-07 -7.508497e+06 -7.546036e+06
3.790000e-07 -7.433422e+06 -7.470959e+06
3.795000e-07 -7.358350e+06 -7.395886e+06
3.800000e-07 -7.283282e+06 -7.320816e+06
3.805000e-07 -7.208218e+06 -7.245750e+06
3.810000e-07 -7.133159e+06 -7.170688e+06
3.815000e-07 -7.058105e+06 -7.095632e+06
3.820000e-07 -6.983057e+06 -7.020581e+06
3.825000e-07 -6.908017e+06 -6.945537e+06
3.830000e-07 -6.832984e+06 -6.870501e+06
3.835000e-07 -6.757961e+06 -6.795472e+06
3.840000e-07 -6.682947e+06 -6.720454e+06
3.845000e-07 -6.607945e+06 -6.645446e+06
3.850000e-07 -6.532956e+06 -6.570450e+06
3.855000e-07 -6.457980e+06 -6.495468e+06
3.860000e-07 -6.383022e+06 -6.420501e+06
3.865000e-07 -6.308081e+06 -6.345551e+06
3.870000e-07 -6.233160e+06 -6.270620e+06
3.875000e-07 -6.158261e+06 -6.195711e+06
3.880000e-07 -6.083388e+06 -6.120825e+06
3.885000e-07 -6.008542e+06 -6.045965e+06
3.890000e-07 -5.933727e+06 -5.971135e+06
3.895000e-07 -5.858947e+06 -5.896337e+06
3.900000e-07 -5.784204e+06 -5.821576e+06
3.905000e-07 -5.709503e+06 -5.746854e+06
3.910000e-07 -5.634848e+06 -5.672176e+06
3.915000e-07 -5.560244e+06 -5.597546e+06
3.920000e-07 -5.485696e+06 -5.522970e+06
3.925000e-07 -5.411209e+06 -5.448453e+06
3.930000e-07 -5.336790e+06 -5.373999e+06
3.935000e-07 -5.262443e+06 -5.299617e+06
3.940000e-07 -5.188178e+06 -5.225311e+06
3.945000e-07 -5.114000e+06 -5.151089e+06
3.950000e-07 -5.039917e+06 -5.076958e+06
3.955000e-07 -4.965938e+06 -5.002927e+06
3.960000e-07 -4.892071e+06 -4.929005e+06
3.965000e-07 -4.818327e+06 -4.855199e+06
3.970000e-07 -4.744715e+06 -4.781521e+06
3.975000e-07 -4.671245e+06 -4.707980e+06
3.980000e-07 -4.597929e+06 -4.634587e+06
3.985000e-07 -4.524778e+06 -4.561353e+06
3.990000e-07 -4.451805e+06 -4.488292e+06
3.995000e-07 -4.379024e+06 -4.415415e+06
4.000000e-07 -4.306447e+06 -4.342735e+06
4.005000e-07 -4.234088e+06 -4.270267e+06
4.010000e-07 -4.161964e+06 -4.198026e+06
4.015000e-07 -4.090088e+06 -4.126026e+06
4.020000e-07 -4.018477e+06 -4.054283e+06
4.025000e-07 -3.947148e+06 -3.982813e+06
4.030000e-07 -3.876118e+06 -3.911633e+06
4.035000e-07 -3.805405e+06 -3.840762e+06
4.040000e-07 -3.735026e+06 -3.770215e+06
4.045000e-07 -3.665000e+06 -3.700013e+06
4.050000e-07 -3.595347e+06 -3.630174e+06
4.055000e-07 -3.526086e+06 -3.560717e+06
4.060000e-07 -3.457237e+06 -3.491662e+06
4.065000e-07 -3.388820e+06 -3.423029e+06
4.070000e-07 -3.320855e+06 -3.354837e+06
4.075000e-07 -3.253363e+06 -3.287109e+06
4.080000e-07 -3.186365e+06 -3.219864e+06
4.085000e-07 -3.119882e+06 -3.153124e+06
4.090000e-07 -3.053935e+06 -3.086908e+06
4.095000e-07 -2.988544e+06 -3.021239e+06
4.100000e-07 -2.923730e+06 -2.956137e+06
4.105000e-07 -2.859515e+06 -2.891623e+06
4.110000e-07 -2.795919e+06 -2.827717e+06
4.115000e-07 -2.732961e+06 -2.764440e+06
4.120000e-07 -2.670663e+06 -2.701812e+06
4.125000e-07 -2.609042e+06 -2.639852e+06
4.130000e-07 -2.548119e+06 -2.578581e+06
4.135000e-07 -2.487913e+06 -2.518016e+06
4.140000e-07 -2.428440e+06 -2.458176e+06
4.145000e-07 -2.369718e+06 -2.399079e+06
4.150000e-07 -2.311765e+06 -2.340741e+06
4.155000e-07 -2.254595e+06 -2.283180e+06
4.160000e-07 -2.198224e+06 -2.226410e+06
4.165000e-07 -2.142667e+06 -2.170445e+06
4.170000e-07 -2.087936e+06 -2.115301e+06
4.175000e-07 -2.034044e+06 -2.060990e+06
4.180000e-07 -1.981003e+06 -2.007524e+06
4.185000e-07 -1.928824e+06 -1.954914e+06
4.190000e-07 -1.877516e+06 -1.903170e+06
4.195000e-07 -1.827087e+06 -1.852302e+06
4.200000e-07 -1.777546e+06 -1.802317e+06
4.205000e-07 -1.728898e+06 -1.753222e+06
4.210000e-07 -1.681150e+06 -1.705024e+06
4.215000e-07 -1.634306e+06 -1.657728e+06
4.220000e-07 -1.588369e+06 -1.611337e+06
4.225000e-07 -1.543341e+06 -1.565855e+06
4.230000e-07 -1.499225e+06 -1.521283e+06
4.235000e-07 -1.456020e+06 -1.477622e+06
4.240000e-07 -1.413726e+06 -1.434873e+06
4.245000e-07 -1.372341e+06 -1.393033e+06
4.250000e-07 -1.331863e+06 -1.352102e+06
4.255000e-07 -1.292288e+06 -1.312076e+06
4.260000e-07 -1.253612e+06 -1.272950e+06
4.265000e-07 -1.215830e+06 -1.234721e+06
4.270000e-07 -1.178936e+06 -1.197383e+06
4.275000e-07 -1.142923e+06 -1.160930e+06
4.280000e-07 -1.107784e+06 -1.125354e+06
4.285000e-07 -1.073510e+06 -1.090647e+06
4.290000e-07 -1.040092e+06 -1.056801e+06
4.295000e-07 -1.007521e+06 -1.023807e+06
4.300000e-07 -9.757872e+05 -9.916542e+05
4.305000e-07 -9.448793e+05 -9.603333e+05
4.310000e-07 -9.147863e+05 -9.298328e+05
4.315000e-07 -8.854967e+05 -9.001415e+05
4.320000e-07 -8.569983e+05 -8.712475e+05
4.325000e-07 -8.292787e+05 -8.431385e+05
4.330000e-07 -8.023251e+05 -8.158019e+05
4.335000e-07 -7.761243e+05 -7.892247e+05
4.340000e-07 -7.506631e+05 -7.633937e+05
4.345000e-07 -7.259277e+05 -7.382954e+05
4.350000e-07 -7.019044e+05 -7.139161e+05
4.355000e-07 -6.785792e+05 -6.902418e+05
4.360000e-07 -6.559379e+05 -6.672585e+05
4.365000e-07 -6.339663e+05 -6.449521e+05
4.370000e-07 -6.126500e+05 -6.233082e+05
4.375000e-07 -5.919749e+05 -6.023124e+05
4.380000e-07 -5.719263e+05 -5.819506e+05
4.385000e-07 -5.524901e+05 -5.622082e+05
4.390000e-07 -5.336518e+05 -5.430709e+05
4.395000e-07 -5.153972e+05 -5.245245e+05
4.400000e-07 -4.977120e+05 -5.065546e+05
4.405000e-07 -4.805821e+05 -4.891470e+05
4.410000e-07 -4.639935e+05 -4.722878e+05
4.415000e-07 -4.479323e+05 -4.559629e+05
4.420000e-07 -4.323848e+05 -4.401586e+05
4.425000e-07 -4.173374e+05 -4.248611e+05
4.430000e-07 -4.027766e+05 -4.100570e+05
4.435000e-07 -3.886892e+05 -3.957329e+05
4.440000e-07 -3.750622e+05 -3.818757e+05
4.445000e-07 -3.618827e+05 -3.684725e+05
4.450000e-07 -3.491381e+05 -3.555104e+05
4.455000e-07 -3.368159e+05 -3.429770e+05
4.460000e-07 -3.249041e+05 -3.308600e+05
4.465000e-07 -3.133905e+05 -3.191473e+05
4.470000e-07 -3.022634e+05 -3.078269e+05
4.475000e-07 -2.915114e+05 -2.968874e+05
4.480000e-07 -2.811233e+05 -2.863174e+05
4.485000e-07 -2.710879e+05 -2.761056e+05
4.490000e-07 -2.613945e+05 -2.662412e+05
4.495000e-07 -2.520326e+05 -2.567136e+05
4.500000e-07 -2.429919e+05 -2.475123e+05
4.505000e-07 -2.342624e+05 -2.386272e+05
4.510000e-07 -2.258342e+05 -2.300483e+05
4.515000e-07 -2.176979e+05 -2.217661e+05
4.520000e-07 -2.098441e+05 -2.137710e+05
4.525000e-07 -2.022638e+05 -2.060540e+05
4.530000e-07 -1.949481e+05 -1.986060e+05
4.535000e-07 -1.878885e+05 -1.914183e+05
4.540000e-07 -1.810765e+05 -1.844825e+05
4.545000e-07 -1.745041e+05 -1.777903e+05
4.550000e-07 -1.681634e+05 -1.713338e+05
4.555000e-07 -1.620466e+05 -1.651050e+05
4.560000e-07 -1.561464e+05 -1.590965e+05
4.565000e-07 -1.504555e+05 -1.533009e+05
4.570000e-07 -1.449668e+05 -1.477111e+05
4.575000e-07 -1.396736e+05 -1.423202e+05
4.580000e-07 -1.345691e+05 -1.371213e+05
4.585000e-07 -1.296471e+05 -1.321081e+05
4.590000e-07 -1.249013e+05 -1.272742e+05
4.595000e-07 -1.203256e+05 -1.226134e+05
4.600000e-07 -1.159142e+05 -1.181199e+05
4.605000e-07 -1.116615e+05 -1.137878e+05
4.610000e-07 -1.075619e+05 -1.096117e+05
4.615000e-07 -1.036102e+05 -1.055860e+05
4.620000e-07 -9.980116e+04 -1.017057e+05
4.625000e-07 -9.612987e+04 -9.796552e+04
4.630000e-07 -9.259151e+04 -9.436069e+04
4.635000e-07 -8.918140e+04 -9.088646e+04
4.640000e-07 -8.589505e+04 -8.753823e+04
4.645000e-07 -8.272809e+04 -8.431157e+04
4.650000e-07 -7.967632e+04 -8.120221e+04
4.655000e-07 -7.673565e+04 -7.820598e+04
4.660000e-07 -7.390215e+04 -7.531890e+04
4.665000e-07 -7.117200e+04 -7.253708e+04
4.670000e-07 -6.854155e+04 -6.985678e+04
4.675000e-07 -6.600721e+04 -6.727438e+04
4.680000e-07 -6.356558e+04 -6.478639e+04
4.685000e-07 -6.121331e+04 -6.238944e+04
4.690000e-07 -5.894723e+04 -6.008027e+04
4.695000e-07 -5.676422e+04 -5.785572e+04
4.700000e-07 -5.466130e+04 -5.571276e+04
4.705000e-07 -5.263560e+04 -5.364845e+04
4.710000e-07 -5.068432e+04 -5.165996e+04
4.715000e-07 -4.880477e+04 -4.974454e+04
4.720000e-07 -4.699437e+04 -4.789957e+04
4.725000e-07 -4.525061e+04 -4.612249e+04
4.730000e-07 -4.357107e+04 -4.441084e+04
4.735000e-07 -4.195343e+04 -4.276225e+04
4.740000e-07 -4.039543e+04 -4.117443e+04
4.745000e-07 -3.889491e+04 -3.964517e+04
4.750000e-07 -3.744978e+04 -3.817235e+04
4.755000e-07 -3.605801e+04 -3.675389e+04
4.760000e-07 -3.471765e+04 -3.538783e+04
4.765000e-07 -3.342684e+04 -3.407225e+04
4.770000e-07 -3.218376e+04 -3.280530e+04
4.775000e-07 -3.098667e+04 -3.158521e+04
4.780000e-07 -2.983387e+04 -3.041027e+04
4.785000e-07 -2.872376e+04 -2.927881e+04
4.790000e-07 -2.765475e+04 -2.818926e+04
4.795000e-07 -2.662536e+04 -2.714006e+04
4.800000e-07 -2.563411e+04 -2.612973e+04
4.805000e-07 -2.467961e+04 -2.515686e+04
4.810000e-07 -2.376052e+04 -2.422006e+04
4.815000e-07 -2.287551e+04 -2.331801e+04
4.820000e-07 -2.202335e+04 -2.244943e+04
4.825000e-07 -2.120282e+04 -2.161308e+04
4.830000e-07 -2.041275e+04 -2.080778e+04
4.835000e-07 -1.965202e+04 -2.003239e+04
4.840000e-07 -1.891956e+04 -1.928579e+04
4.845000e-07 -1.821431e+04 -1.856693e+04
4.850000e-07 -1.753527e+04 -1.787479e+04
4.855000e-07 -1.688147e+04 -1.720837e+04
4.860000e-07 -1.625199e+04 -1.656673e+04
4.865000e-07 -1.564591e+04 -1.594895e+04
4.870000e-07 -1.506238e+04 -1.535414e+04
4.875000e-07 -1.450056e+04 -1.478147e+04
4.880000e-07 -1.395964e+04 -1.423010e+04
4.885000e-07 -1.343886e+04 -1.369925e+04
4.890000e-07 -1.293746e+04 -1.318816e+04
4.895000e-07 -1.245473e+04 -1.269609e+04
4.900000e-07 -1.198997e+04 -1.222235e+04
4.905000e-07 -1.154253e+04 -1.176625e+04
4.910000e-07 -1.111175e+04 -1.132714e+04
4.915000e-07 -1.069702e+04 -1.090438e+04
4.920000e-07 -1.029774e+04 -1.049738e+04
4.925000e-07 -9.913336e+03 -1.010554e+04
4.930000e-07 -9.543262e+03 -9.728299e+03
4.935000e-07 -9.186981e+03 -9.365121e+03
4.940000e-07 -8.843981e+03 -9.015481e+03
4.945000e-07 -8.513769e+03 -8.678875e+03
4.950000e-07 -8.195869e+03 -8.354819e+03
4.955000e-07 -7.889823e+03 -8.042846e+03
4.960000e-07 -7.595191e+03 -7.742507e+03
4.965000e-07 -7.311548e+03 -7.453369e+03
4.970000e-07 -7.038485e+03 -7.175016e+03
4.975000e-07 -6.775608e+03 -6.907046e+03
4.980000e-07 -6.522538e+03 -6.649073e+03
4.985000e-07 -6.278911e+03 -6.400725e+03
4.990000e-07 -6.044374e+03 -6.161643e+03
4.995000e-07 -5.818589e+03 -5.931482e+03
5.000000e-07 -5.601231e+03 -5.709910e+03
5.005000e-07 -5.391984e+03 -5.496608e+03
5.010000e-07 -5.190548e+03 -5.291266e+03
5.015000e-07 -4.996630e+03 -5.093589e+03
5.020000e-07 -4.809952e+03 -4.903291e+03
5.025000e-07 -4.630242e+03 -4.720097e+03
5.030000e-07 -4.457242e+03 -4.543742e+03
5.035000e-07 -4.290700e+03 -4.373971e+03
5.040000e-07 -4.130378e+03 -4.210539e+03
5.045000e-07 -3.976041e+03 -4.053209e+03
5.050000e-07 -3.827468e+03 -3.901755e+03
5.055000e-07 -3.684443e+03 -3.755955e+03
5.060000e-07 -3.546759e+03 -3.615601e+03
5.065000e-07 -3.414218e+03 -3.480489e+03
5.070000e-07 -3.286627e+03 -3.350422e+03
5.075000e-07 -3.163801e+03 -3.225214e+03
5.080000e-07 -3.045563e+03 -3.104682e+03
5.085000e-07 -2.931742e+03 -2.988653e+03
5.090000e-07 -2.822173e+03 -2.876958e+03
5.095000e-07 -2.716697e+03 -2.769435e+03
5.100000e-07 -2.615161e+03 -2.665929e+03
5.105000e-07 -2.517418e+03 -2.566289e+03
5.110000e-07 -2.423327e+03 -2.470372e+03
5.115000e-07 -2.332751e+03 -2.378039e+03
5.120000e-07 -2.245560e+03 -2.289156e+03
5.125000e-07 -2.161626e+03 -2.203593e+03
5.130000e-07 -2.080828e+03 -2.121227e+03
5.135000e-07 -2.003050e+03 -2.041939e+03
5.140000e-07 -1.928178e+03 -1.965614e+03
5.145000e-07 -1.856103e+03 -1.892140e+03
5.150000e-07 -1.786722e+03 -1.821413e+03
5.155000e-07 -1.719934e+03 -1.753328e+03
5.160000e-07 -1.655641e+03 -1.687787e+03
5.165000e-07 -1.593751e+03 -1.624696e+03
5.170000e-07 -1.534174e+03 -1.563963e+03
5.175000e-07 -1.476824e+03 -1.505499e+03
5.180000e-07 -1.421616e+03 -1.449220e+03
5.185000e-07 -1.368473e+03 -1.395045e+03
5.190000e-07 -1.317315e+03 -1.342894e+03
5.195000e-07 -1.268069e+03 -1.292692e+03
5.200000e-07 -1.220664e+03 -1.244367e+03
5.205000e-07 -1.175031e+03 -1.197848e+03
5.210000e-07 -1.131104e+03 -1.153067e+03
5.215000e-07 -1.088818e+03 -1.109961e+03
5.220000e-07 -1.048113e+03 -1.068465e+03
5.225000e-07 -1.008929e+03 -1.028521e+03
5.230000e-07 -9.712103e+02 -9.900698e+02
5.235000e-07 -9.349012e+02 -9.530557e+02
5.240000e-07 -8.999493e+02 -9.174253e+02
5.245000e-07 -8.663040e+02 -8.831266e+02
5.250000e-07 -8.339163e+02 -8.501101e+02
5.255000e-07 -8.027393e+02 -8.183278e+02
5.260000e-07 -7.727277e+02 -7.877335e+02
5.265000e-07 -7.438381e+02 -7.582829e+02
5.270000e-07 -7.160283e+02 -7.299332e+02
5.275000e-07 -6.892582e+02 -7.026433e+02
5.280000e-07 -6.634888e+02 -6.763735e+02
5.285000e-07 -6.386828e+02 -6.510858e+02
5.290000e-07 -6.148041e+02 -6.267434e+02
5.295000e-07 -5.918181e+02 -6.033111e+02
5.300000e-07 -5.696913e+02 -5.807547e+02
5.305000e-07 -5.483918e+02 -5.590416e+02
5.310000e-07 -5.278885e+02 -5.381402e+02
5.315000e-07 -5.081518e+02 -5.180202e+02
5.320000e-07 -4.891529e+02 -4.986523e+02
5.325000e-07 -4.708643e+02 -4.800086e+02
5.330000e-07 -4.532594e+02 -4.620618e+02
5.335000e-07 -4.363127e+02 -4.447860e+02
5.340000e-07 -4.199995e+02 -4.281561e+02
5.345000e-07 -4.042963e+02 -4.121479e+02
5.350000e-07 -3.891801e+02 -3.967382e+02
5.355000e-07 -3.746291e+02 -3.819046e+02
5.360000e-07 -3.606220e+02 -3.676256e+02
5.365000e-07 -3.471387e+02 -3.538804e+02
5.370000e-07 -3.341595e+02 -3.406491e+02
5.375000e-07 -3.216655e+02 -3.279125e+02
5.380000e-07 -3.096386e+02 -3.156520e+02
5.385000e-07 -2.980614e+02 -3.038500e+02
5.390000e-07 -2.869170e+02 -2.924892e+02
5.395000e-07 -2.761893e+02 -2.815532e+02
5.400000e-07 -2.658627e+02 -2.710260e+02
5.405000e-07 -2.559222e+02 -2.608925e+02
5.410000e-07 -2.463533e+02 -2.511378e+02
5.415000e-07 -2.371422e+02 -2.417478e+02
5.420000e-07 -2.282755e+02 -2.327089e+02
5.425000e-07 -2.197403e+02 -2.240079e+02
5.430000e-07 -2.115242e+02 -2.156323e+02
5.435000e-07 -2.036153e+02 -2.075698e+02
5.440000e-07 -1.960021e+02 -1.998087e+02
5.445000e-07 -1.886736e+02 -1.923379e+02
5.450000e-07 -1.816191e+02 -1.851463e+02
5.455000e-07 -1.748283e+02 -1.782237e+02
5.460000e-07 -1.682914e+02 -1.715599e+02
5.465000e-07 -1.619990e+02 -1.651452e+02
5.470000e-07 -1.559418e+02 -1.589704e+02
5.475000e-07 -1.501110e+02 -1.530264e+02
5.480000e-07 -1.444983e+02 -1.473047e+02
5.485000e-07 -1.390955e+02 -1.417969e+02
5.490000e-07 -1.338946e+02 -1.364951e+02
5.495000e-07 -1.288883e+02 -1.313915e+02
5.500000e-07 -1.240691e+02 -1.264787e+02
5.505000e-07 -1.194301e+02 -1.217496e+02
5.510000e-07 -1.149645e+02 -1.171973e+02
5.515000e-07 -1.106659e+02 -1.128152e+02
5.520000e-07 -1.065280e+02 -1.085970e+02
5.525000e-07 -1.025449e+02 -1.045365e+02
5.530000e-07 -9.871068e+01 -1.006278e+02
5.535000e-07 -9.501982e+01 -9.686525e+01
5.540000e-07 -9.146697e+01 -9.324339e+01
5.545000e-07 -8.804695e+01 -8.975696e+01
5.550000e-07 -8.475481e+01 -8.640088e+01
5.555000e-07 -8.158577e+01 -8.317029e+01
5.560000e-07 -7.853522e+01 -8.006049e+01
5.565000e-07 -7.559873e+01 -7.706697e+01
5.570000e-07 -7.277203e+01 -7.418538e+01
5.575000e-07 -7.005103e+01 -7.141153e+01
5.580000e-07 -6.743177e+01 -6.874140e+01
5.585000e-07 -6.491044e+01 -6.617111e+01
5.590000e-07 -6.248339e+01 -6.369692e+01
5.595000e-07 -6.014709e+01 -6.131524e+01
5.600000e-07 -5.789814e+01 -5.902261e+01
5.605000e-07 -5.573328e+01 -5.681571e+01
5.610000e-07 -5.364937e+01 -5.469133e+01
5.615000e-07 -5.164338e+01 -5.264638e+01
5.620000e-07 -4.971239e+01 -5.067789e+01
5.625000e-07 -4.785361e+01 -4.878300e+01
5.630000e-07 -4.606433e+01 -4.695897e+01
5.635000e-07 -4.434194e+01 -4.520313e+01
5.640000e-07 -4.268397e+01 -4.351296e+01
5.645000e-07 -4.108798e+01 -4.188597e+01
5.650000e-07 -3.955167e+01 -4.031983e+01
5.655000e-07 -3.807281e+01 -3.881224e+01
5.660000e-07 -3.664924e+01 -3.736102e+01
5.665000e-07 -3.527890e+01 -3.596407e+01
5.670000e-07 -3.395980e+01 -3.461935e+01
5.675000e-07 -3.269002e+01 -3.332491e+01
5.680000e-07 -3.146772e+01 -3.207887e+01
5.685000e-07 -3.029113e+01 -3.087942e+01
5.690000e-07 -2.915853e+01 -2.972483e+01
5.695000e-07 -2.806828e+01 -2.861340e+01
5.700000e-07 -2.701879e+01 -2.754353e+01
5.705000e-07 -2.600855e+01 -2.651367e+01
5.710000e-07 -2.503608e+01 -2.552232e+01
5.715000e-07 -2.409998e+01 -2.456803e+01
5.720000e-07 -2.319887e+01 -2.364943e+01
5.725000e-07 -2.233147e+01 -2.276517e+01
5.730000e-07 -2.149649e+01 -2.191398e+01
5.735000e-07 -2.069274e+01 -2.109462e+01
5.740000e-07 -1.991904e+01 -2.030589e+01
5.745000e-07 -1.917427e+01 -1.954666e+01
5.750000e-07 -1.845736e+01 -1.881581e+01
5.755000e-07 -1.776724e+01 -1.811230e+01
5.760000e-07 -1.710294e+01 -1.743509e+01
5.765000e-07 -1.646347e+01 -1.678321e+01
5.770000e-07 -1.584792e+01 -1.615570e+01
5.775000e-07 -1.525538e+01 -1.555165e+01
5.780000e-07 -1.468500e+01 -1.497019e+01
5.785000e-07 -1.413595e+01 -1.441048e+01
5.790000e-07 -1.360743e+01 -1.387169e+01
5.795000e-07 -1.309868e+01 -1.335305e+01
5.800000e-07 -1.260894e+01 -1.285381e+01
5.805000e-07 -1.213753e+01 -1.237324e+01
5.810000e-07 -1.168374e+01 -1.191063e+01
5.815000e-07 -1.124692e+01 -1.146533e+01
5.820000e-07 -1.082643e+01 -1.103668e+01
5.825000e-07 -1.042167e+01 -1.062405e+01
5.830000e-07 -1.003205e+01 -1.022686e+01
5.835000e-07 -9.656996e+00 -9.844522e+00
5.840000e-07 -9.295968e+00 -9.476482e+00
5.845000e-07 -8.948443e+00 -9.122206e+00
5.850000e-07 -8.613914e+00 -8.781178e+00
5.855000e-07 -8.291896e+00 -8.452905e+00
5.860000e-07 -7.981922e+00 -8.136909e+00
5.865000e-07 -7.683540e+00 -7.832731e+00
5.870000e-07 -7.396318e+00 -7.539929e+00
5.875000e-07 -7.119839e+00 -7.258078e+00
5.880000e-07 -6.853701e+00 -6.986770e+00
5.885000e-07 -6.597517e+00 -6.725609e+00
5.890000e-07 -6.350915e+00 -6.474216e+00
5.895000e-07 -6.113539e+00 -6.232227e+00
5.900000e-07 -5.885040e+00 -5.999289e+00
5.905000e-07 -5.665090e+00 -5.775065e+00
5.910000e-07 -5.453367e+00 -5.559228e+00
5.915000e-07 -5.249565e+00 -5.351466e+00
5.920000e-07 -5.053388e+00 -5.151477e+00
5.925000e-07 -4.864550e+00 -4.958969e+00
5.930000e-07 -4.682777e+00 -4.773664e+00
5.935000e-07 -4.507807e+00 -4.595292e+00
5.940000e-07 -4.339383e+00 -4.423595e+00
5.945000e-07 -4.177262e+00 -4.258322e+00
5.950000e-07 -4.021208e+00 -4.099235e+00
5.955000e-07 -3.870994e+00 -3.946101e+00
5.960000e-07 -3.726402e+00 -3.798698e+00
5.965000e-07 -3.587223e+00 -3.656812e+00
5.970000e-07 -3.453254e+00 -3.520239e+00
5.975000e-07 -3.324301e+00 -3.388777e+00
5.980000e-07 -3.200175e+00 -3.262238e+00
5.985000e-07 -3.080699e+00 -3.140437e+00
5.990000e-07 -2.965696e+00 -3.023197e+00
5.995000e-07 -2.855001e+00 -2.910348e+00
6.000000e-07 -2.748452e+00 -2.801726e+00
6.005000e-07 -2.645896e+00 -2.697174e+00
6.010000e-07 -2.547182e+00 -2.596539e+00
6.015000e-07 -2.452168e+00 -2.499675e+00
6.020000e-07 -2.360715e+00 -2.406441e+00
6.025000e-07 -2.272691e+00 -2.316703e+00
6.030000e-07 -2.187968e+00 -2.230330e+00
6.035000e-07 -2.106422e+00 -2.147195e+00
6.040000e-07 -2.027936e+00 -2.067179e+00
6.045000e-07 -1.952396e+00 -1.990166e+00
6.050000e-07 -1.879691e+00 -1.916044e+00
6.055000e-07 -1.809717e+00 -1.844704e+00
6.060000e-07 -1.742371e+00 -1.776044e+00
6.065000e-07 -1.677555e+00 -1.709963e+00
6.070000e-07 -1.615177e+00 -1.646366e+00
6.075000e-07 -1.555144e+00 -1.585160e+00
6.080000e-07 -1.497369e+00 -1.526256e+00
6.085000e-07 -1.441770e+00 -1.469569e+00
6.090000e-07 -1.388264e+00 -1.415017e+00
6.095000e-07 -1.336775e+00 -1.362520e+00
6.100000e-07 -1.287227e+00 -1.312001e+00
6.105000e-07 -1.239549e+00 -1.263388e+00
6.110000e-07 -1.193672e+00 -1.216610e+00
6.115000e-07 -1.149528e+00 -1.171600e+00
6.120000e-07 -1.107053e+00 -1.128291e+00
6.125000e-07 -1.066187e+00 -1.086620e+00
6.130000e-07 -1.026869e+00 -1.046528e+00
6.135000e-07 -9.890426e-01 -1.007956e+00
6.140000e-07 -9.526530e-01 -9.708478e-01
6.145000e-07 -9.176465e-01 -9.351497e-01
6.150000e-07 -8.839732e-01 -9.008098e-01
6.155000e-07 -8.515835e-01 -8.677784e-01
6.160000e-07 -8.204309e-01 -8.360072e-01
6.165000e-07 -7.904696e-01 -8.054502e-01
6.170000e-07 -7.616568e-01 -7.760632e-01
6.175000e-07 -7.339501e-01 -7.478034e-01
6.180000e-07 -7.073096e-01 -7.206298e-01
6.185000e-07 -6.816962e-01 -6.945029e-01
6.190000e-07 -6.570723e-01 -6.693842e-01
6.195000e-07 -6.334035e-01 -6.452379e-01
6.200000e-07 -6.106546e-01 -6.220290e-01
6.205000e-07 -5.887926e-01 -5.997236e-01
6.210000e-07 -5.677854e-01 -5.782890e-01
6.215000e-07 -5.476034e-01 -5.576944e-01
6.220000e-07 -5.282165e-01 -5.379099e-01
6.225000e-07 -5.095962e-01 -5.189063e-01
6.230000e-07 -4.917169e-01 -5.006566e-01
6.235000e-07 -4.745511e-01 -4.831340e-01
6.240000e-07 -4.580749e-01 -4.663130e-01
6.245000e-07 -4.422640e-01 -4.501694e-01
6.250000e-07 -4.270956e-01 -4.346798e-01
6.255000e-07 -4.125470e-01 -4.198213e-01
6.260000e-07 -3.985976e-01 -4.055723e-01
6.265000e-07 -3.852279e-01 -3.919128e-01
6.270000e-07 -3.724170e-01 -3.788225e-01
6.275000e-07 -3.601473e-01 -3.662822e-01
6.280000e-07 -3.484011e-01 -3.542742e-01
6.285000e-07 -3.371604e-01 -3.427807e-01
6.290000e-07 -3.264094e-01 -3.317849e-01
6.295000e-07 -3.161330e-01 -3.212712e-01
6.300000e-07 -3.063148e-01 -3.112239e-01
6.305000e-07 -2.969426e-01 -3.016287e-01
6.310000e-07 -2.880006e-01 -2.924716e-01
6.315000e-07 -2.794774e-01 -2.837390e-01
6.320000e-07 -2.713601e-01 -2.754187e-01
6.325000e-07 -2.636371e-01 -2.674986e-01
6.330000e-07 -2.562976e-01 -2.599673e-01
6.335000e-07 -2.493298e-01 -2.528137e-01
6.340000e-07 -2.427243e-01 -2.460271e-01
6.345000e-07 -2.364712e-01 -2.395978e-01
6.350000e-07 -2.305611e-01 -2.335162e-01
6.355000e-07 -2.249865e-01 -2.277738e-01
6.360000e-07 -2.197385e-01 -2.223625e-01
6.365000e-07 -2.148094e-01 -2.172739e-01
6.370000e-07 -2.101922e-01 -2.125008e-01
6.375000e-07 -2.058806e-01 -2.080364e-01
6.380000e-07 -2.018681e-01 -2.038743e-01
6.385000e-07 -1.981487e-01 -2.000084e-01
6.390000e-07 -1.947174e-01 -1.964331e-01
6.395000e-07 -1.915682e-01 -1.931428e-01
6.400000e-07 -1.886975e-01 -1.901329e-01
6.405000e-07 -1.861009e-01 -1.873992e-01
6.410000e-07 -1.837746e-01 -1.849378e-01
6.415000e-07 -1.817151e-01 -1.827449e-01
6.420000e-07 -1.799201e-01 -1.808176e-01
6.425000e-07 -1.783859e-01 -1.791530e-01
6.430000e-07 -1.771115e-01 -1.777487e-01
6.435000e-07 -1.760935e-01 -1.766025e-01
6.440000e-07 -1.753319e-01 -1.757127e-01
6.445000e-07 -1.748245e-01 -1.750782e-01
6.450000e-07 -1.745714e-01 -1.746980e-01
6.455000e-07 -1.745714e-01 -1.746980e-01
