0.000000e+00 5.789589e+04 5.789707e+04
5.000000e-10 5.789589e+04 5.789707e+04
1.000000e-09 5.789127e+04 5.789358e+04
1.500000e-09 5.788447e+04 5.788787e+04
2.000000e-09 5.787558e+04 5.788003e+04
2.500000e-09 5.786469e+04 5.787014e+04
3.000000e-09 5.785187e+04 5.785828e+04
3.500000e-09 5.783719e+04 5.784453e+04
4.000000e-09 5.782075e+04 5.782897e+04
4.500000e-09 5.780259e+04 5.781167e+04
5.000000e-09 5.778281e+04 5.779270e+04
5.500000e-09 5.776145e+04 5.777213e+04
6.000000e-09 5.773859e+04 5.775002e+04
6.500000e-09 5.771429e+04 5.772644e+04
7.000000e-09 5.768860e+04 5.770144e+04
7.500000e-09 5.766159e+04 5.767510e+04
8.000000e-09 5.763331e+04 5.764745e+04
8.500000e-09 5.760381e+04 5.761856e+04
9.000000e-09 5.757314e+04 5.758848e+04
9.500000e-09 5.754136e+04 5.755725e+04
1.000000e-08 5.750851e+04 5.752494e+04
1.050000e-08 5.747464e+04 5.749158e+04
1.100000e-08 5.743979e+04 5.745722e+04
1.150000e-08 5.740401e+04 5.742190e+04
1.200000e-08 5.736733e+04 5.738567e+04
1.250000e-08 5.732979e+04 5.734856e+04
1.300000e-08 5.729144e+04 5.731062e+04
1.350000e-08 5.725231e+04 5.727188e+04
1.400000e-08 5.721243e+04 5.723237e+04
1.450000e-08 5.717185e+04 5.719214e+04
1.500000e-08 5.713058e+04 5.715121e+04
1.550000e-08 5.708867e+04 5.710963e+04
1.600000e-08 5.704614e+04 5.706741e+04
1.650000e-08 5.700303e+04 5.702459e+04
1.700000e-08 5.695936e+04 5.698119e+04
1.750000e-08 5.691515e+04 5.693725e+04
1.800000e-08 5.687044e+04 5.689280e+04
1.850000e-08 5.682526e+04 5.684785e+04
1.900000e-08 5.677961e+04 5.680243e+04
1.950000e-08 5.673354e+04 5.675657e+04
2.000000e-08 5.668705e+04 5.671029e+04
2.050000e-08 5.664017e+04 5.666361e+04
2.100000e-08 5.659293e+04 5.661655e+04
2.150000e-08 5.654534e+04 5.656913e+04
2.200000e-08 5.649742e+04 5.652138e+04
2.250000e-08 5.644919e+04 5.647330e+04
2.300000e-08 5.640067e+04 5.642493e+04
2.350000e-08 5.635187e+04 5.637627e+04
2.400000e-08 5.630281e+04 5.632734e+04
2.450000e-08 5.625352e+04 5.627816e+04
2.500000e-08 5.620399e+04 5.622875e+04
2.550000e-08 5.615425e+04 5.617912e+04
2.600000e-08 5.610431e+04 5.612928e+04
2.650000e-08 5.605419e+04 5.607925e+04
2.700000e-08 5.600389e+04 5.602904e+04
2.750000e-08 5.595343e+04 5.597866e+04
2.800000e-08 5.590283e+04 5.592813e+04
2.850000e-08 5.585209e+04 5.587746e+04
2.900000e-08 5.580122e+04 5.582665e+04
2.950000e-08 5.575024e+04 5.577573e+04
3.000000e-08 5.569915e+04 5.572469e+04
3.050000e-08 5.564797e+04 5.567356e+04
3.100000e-08 5.559670e+04 5.562234e+04
3.150000e-08 5.554536e+04 5.557103e+04
3.200000e-08 5.549395e+04 5.551966e+04
3.250000e-08 5.544248e+04 5.546822e+04
3.300000e-08 5.539096e+04 5.541672e+04
3.350000e-08 5.533940e+04 5.536518e+04
3.400000e-08 5.528780e+04 5.531360e+04
3.450000e-08 5.523617e+04 5.526198e+04
3.500000e-08 5.518451e+04 5.521034e+04
3.550000e-08 5.513285e+04 5.515868e+04
3.600000e-08 5.508117e+04 5.510701e+04
3.650000e-08 5.502949e+04 5.505533e+04
3.700000e-08 5.497781e+04 5.500365e+04
3.750000e-08 5.492614e+04 5.495197e+04
3.800000e-08 5.487448e+04 5.490031e+04
3.850000e-08 5.482284e+04 5.484866e+04
3.900000e-08 5.477122e+04 5.479703e+04
3.950000e-08 5.471963e+04 5.474543e+04
4.000000e-08 5.466808e+04 5.469385e+04
4.050000e-08 5.461655e+04 5.464232e+04
4.100000e-08 5.456507e+04 5.459081e+04
4.150000e-08 5.451363e+04 5.453935e+04
4.200000e-08 5.446224e+04 5.448794e+04
4.250000e-08 5.441091e+04 5.443658e+04
4.300000e-08 5.435962e+04 5.438526e+04
4.350000e-08 5.430840e+04 5.433401e+04
4.400000e-08 5.425723e+04 5.428281e+04
4.450000e-08 5.420613e+04 5.423168e+04
4.500000e-08 5.415510e+04 5.418061e+04
4.550000e-08 5.410413e+04 5.412961e+04
4.600000e-08 5.405324e+04 5.407868e+04
4.650000e-08 5.400242e+04 5.402783e+04
4.700000e-08 5.395168e+04 5.397705e+04
4.750000e-08 5.390102e+04 5.392635e+04
4.800000e-08 5.385043e+04 5.387572e+04
4.850000e-08 5.379994e+04 5.382519e+04
4.900000e-08 5.374952e+04 5.377473e+04
4.950000e-08 5.369920e+04 5.372436e+04
5.000000e-08 5.364896e+04 5.367408e+04
5.050000e-08 5.359881e+04 5.362388e+04
5.100000e-08 5.354875e+04 5.357378e+04
5.150000e-08 5.349879e+04 5.352377e+04
5.200000e-08 5.344892e+04 5.347386e+04
5.250000e-08 5.339915e+04 5.342404e+04
5.300000e-08 5.334948e+04 5.337431e+04
5.350000e-08 5.329990e+04 5.332469e+04
5.400000e-08 5.325042e+04 5.327516e+04
5.450000e-08 5.320105e+04 5.322574e+04
5.500000e-08 5.315177e+04 5.317641e+04
5.550000e-08 5.310260e+04 5.312719e+04
5.600000e-08 5.305353e+04 5.307806e+04
5.650000e-08 5.300456e+04 5.302905e+04
5.700000e-08 5.295570e+04 5.298013e+04
5.750000e-08 5.290695e+04 5.293133e+04
5.800000e-08 5.285830e+04 5.288263e+04
5.850000e-08 5.280976e+04 5.283403e+04
5.900000e-08 5.276133e+04 5.278554e+04
5.950000e-08 5.271300e+04 5.273716e+04
6.000000e-08 5.266478e+04 5.268889e+04
6.050000e-08 5.261667e+04 5.264073e+04
6.100000e-08 5.256867e+04 5.259267e+04
6.150000e-08 5.252078e+04 5.254473e+04
6.200000e-08 5.247300e+04 5.249689e+04
6.250000e-08 5.242534e+04 5.244917e+04
6.300000e-08 5.237778e+04 5.240156e+04
6.350000e-08 5.233033e+04 5.235405e+04
6.400000e-08 5.228299e+04 5.230666e+04
6.450000e-08 5.223577e+04 5.225938e+04
6.500000e-08 5.218865e+04 5.221221e+04
6.550000e-08 5.214165e+04 5.216515e+04
6.600000e-08 5.209476e+04 5.211821e+04
6.650000e-08 5.204798e+04 5.207137e+04
6.700000e-08 5.200132e+04 5.202465e+04
6.750000e-08 5.195476e+04 5.197804e+04
6.800000e-08 5.190832e+04 5.193154e+04
6.850000e-08 5.186199e+04 5.188516e+04
6.900000e-08 5.181577e+04 5.183888e+04
6.950000e-08 5.176967e+04 5.179272e+04
7.000000e-08 5.172367e+04 5.174667e+04
7.050000e-08 5.167779e+04 5.170073e+04
7.100000e-08 5.163202e+04 5.165490e+04
7.150000e-08 5.158636e+04 5.160919e+04
7.200000e-08 5.154081e+04 5.156358e+04
7.250000e-08 5.149537e+04 5.151809e+04
7.300000e-08 5.145005e+04 5.147271e+04
7.350000e-08 5.140484e+04 5.142744e+04
7.400000e-08 5.135973e+04 5.138228e+04
7.450000e-08 5.131474e+04 5.133724e+04
7.500000e-08 5.126986e+04 5.129230e+04
7.550000e-08 5.122509e+04 5.124747e+04
7.600000e-08 5.118043e+04 5.120276e+04
7.650000e-08 5.113588e+04 5.115815e+04
7.700000e-08 5.109144e+04 5.111366e+04
7.750000e-08 5.104711e+04 5.106927e+04
7.800000e-08 5.100288e+04 5.102500e+04
7.850000e-08 5.095877e+04 5.098083e+04
7.900000e-08 5.091477e+04 5.093677e+04
7.950000e-08 5.087087e+04 5.089282e+04
8.000000e-08 5.082709e+04 5.084898e+04
8.050000e-08 5.078341e+04 5.080525e+04
8.100000e-08 5.073984e+04 5.076162e+04
8.150000e-08 5.069637e+04 5.071811e+04
8.200000e-08 5.065302e+04 5.067470e+04
8.250000e-08 5.060977e+04 5.063139e+04
8.300000e-08 5.056663e+04 5.058820e+04
8.350000e-08 5.052359e+04 5.054511e+04
8.400000e-08 5.048066e+04 5.050213e+04
8.450000e-08 5.043784e+04 5.045925e+04
8.500000e-08 5.039512e+04 5.041648e+04
8.550000e-08 5.035251e+04 5.037381e+04
8.600000e-08 5.031000e+04 5.033125e+04
8.650000e-08 5.026759e+04 5.028879e+04
8.700000e-08 5.022529e+04 5.024644e+04
8.750000e-08 5.018310e+04 5.020419e+04
8.800000e-08 5.014100e+04 5.016205e+04
8.850000e-08 5.009901e+04 5.012001e+04
8.900000e-08 5.005713e+04 5.007807e+04
8.950000e-08 5.001534e+04 5.003623e+04
9.000000e-08 4.997366e+04 4.999450e+04
9.050000e-08 4.993208e+04 4.995287e+04
9.100000e-08 4.989060e+04 4.991134e+04
9.150000e-08 4.984922e+04 4.986991e+04
9.200000e-08 4.980795e+04 4.982858e+04
9.250000e-08 4.976677e+04 4.978736e+04
9.300000e-08 4.972569e+04 4.974623e+04
9.350000e-08 4.968472e+04 4.970520e+04
9.400000e-08 4.964384e+04 4.966428e+04
9.450000e-08 4.960306e+04 4.962345e+04
9.500000e-08 4.956238e+04 4.958272e+04
9.550000e-08 4.952180e+04 4.954209e+04
9.600000e-08 4.948132e+04 4.950156e+04
9.650000e-08 4.944093e+04 4.946112e+04
9.700000e-08 4.940064e+04 4.942079e+04
9.750000e-08 4.936045e+04 4.938055e+04
9.800000e-08 4.932036e+04 4.934040e+04
9.850000e-08 4.928036e+04 4.930036e+04
9.900000e-08 4.924046e+04 4.926041e+04
9.950000e-08 4.920065e+04 4.922055e+04
1.000000e-07 4.916094e+04 4.918079e+04
1.005000e-07 4.912132e+04 4.914113e+04
1.010000e-07 4.908180e+04 4.910156e+04
1.015000e-07 4.904237e+04 4.906209e+04
1.020000e-07 4.900304e+04 4.902270e+04
1.025000e-07 4.896380e+04 4.898342e+04
1.030000e-07 4.892465e+04 4.894422e+04
1.035000e-07 4.888559e+04 4.890512e+04
1.040000e-07 4.884663e+04 4.886611e+04
1.045000e-07 4.880776e+04 4.882720e+04
1.050000e-07 4.876898e+04 4.878837e+04
1.055000e-07 4.873030e+04 4.874964e+04
1.060000e-07 4.869170e+04 4.871100e+04
1.065000e-07 4.865319e+04 4.867245e+04
1.070000e-07 4.861478e+04 4.863399e+04
1.075000e-07 4.857646e+04 4.859562e+04
1.080000e-07 4.853822e+04 4.855734e+04
1.085000e-07 4.850007e+04 4.851915e+04
1.090000e-07 4.846202e+04 4.848105e+04
1.095000e-07 4.842405e+04 4.844303e+04
1.100000e-07 4.838617e+04 4.840511e+04
1.105000e-07 4.834838e+04 4.836727e+04
1.110000e-07 4.831067e+04 4.832953e+04
1.115000e-07 4.827306e+04 4.829187e+04
1.120000e-07 4.823553e+04 4.825429e+04
1.125000e-07 4.819809e+04 4.821681e+04
1.130000e-07 4.816073e+04 4.817941e+04
1.135000e-07 4.812346e+04 4.814209e+04
1.140000e-07 4.808627e+04 4.810487e+04
1.145000e-07 4.804917e+04 4.806772e+04
1.150000e-07 4.801216e+04 4.803067e+04
1.155000e-07 4.797523e+04 4.799369e+04
1.160000e-07 4.793838e+04 4.795681e+04
1.165000e-07 4.790162e+04 4.792000e+04
1.170000e-07 4.786495e+04 4.788328e+04
1.175000e-07 4.782835e+04 4.784665e+04
1.180000e-07 4.779184e+04 4.781010e+04
1.185000e-07 4.775541e+04 4.777363e+04
1.190000e-07 4.771907e+04 4.773724e+04
1.195000e-07 4.768280e+04 4.770093e+04
1.200000e-07 4.764662e+04 4.766471e+04
1.205000e-07 4.761052e+04 4.762857e+04
1.210000e-07 4.757450e+04 4.759251e+04
1.215000e-07 4.753856e+04 4.755653e+04
1.220000e-07 4.750270e+04 4.752063e+04
1.225000e-07 4.746693e+04 4.748481e+04
1.230000e-07 4.743123e+04 4.744908e+04
1.235000e-07 4.739561e+04 4.741342e+04
1.240000e-07 4.736007e+04 4.737784e+04
1.245000e-07 4.732461e+04 4.734234e+04
1.250000e-07 4.728923e+04 4.730692e+04
1.255000e-07 4.725393e+04 4.727158e+04
1.260000e-07 4.721870e+04 4.723631e+04
1.265000e-07 4.718355e+04 4.720113e+04
1.270000e-07 4.714848e+04 4.716602e+04
1.275000e-07 4.711349e+04 4.713099e+04
1.280000e-07 4.707857e+04 4.709603e+04
1.285000e-07 4.704373e+04 4.706115e+04
1.290000e-07 4.700897e+04 4.702635e+04
1.295000e-07 4.697428e+04 4.699163e+04
1.300000e-07 4.693967e+04 4.695698e+04
1.305000e-07 4.690513e+04 4.692240e+04
1.310000e-07 4.687067e+04 4.688790e+04
1.315000e-07 4.683628e+04 4.685348e+04
1.320000e-07 4.680197e+04 4.681913e+04
1.325000e-07 4.676773e+04 4.678485e+04
1.330000e-07 4.673357e+04 4.675065e+04
1.335000e-07 4.669947e+04 4.671652e+04
1.340000e-07 4.666545e+04 4.668246e+04
1.345000e-07 4.663151e+04 4.664848e+04
1.350000e-07 4.659763e+04 4.661457e+04
1.355000e-07 4.656383e+04 4.658073e+04
1.360000e-07 4.653010e+04 4.654697e+04
1.365000e-07 4.649644e+04 4.651327e+04
1.370000e-07 4.646285e+04 4.647965e+04
1.375000e-07 4.642934e+04 4.644609e+04
1.380000e-07 4.639589e+04 4.641261e+04
1.385000e-07 4.636251e+04 4.637920e+04
1.390000e-07 4.632920e+04 4.634586e+04
1.395000e-07 4.629597e+04 4.631259e+04
1.400000e-07 4.626280e+04 4.627938e+04
1.405000e-07 4.622970e+04 4.624625e+04
1.410000e-07 4.619667e+04 4.621318e+04
1.415000e-07 4.616370e+04 4.618019e+04
1.420000e-07 4.613081e+04 4.614726e+04
1.425000e-07 4.609798e+04 4.611439e+04
1.430000e-07 4.606522e+04 4.608160e+04
1.435000e-07 4.603253e+04 4.604887e+04
1.440000e-07 4.599990e+04 4.601621e+04
1.445000e-07 4.596734e+04 4.598362e+04
1.450000e-07 4.593484e+04 4.595109e+04
1.455000e-07 4.590241e+04 4.591862e+04
1.460000e-07 4.587004e+04 4.588622e+04
1.465000e-07 4.583774e+04 4.585389e+04
1.470000e-07 4.580550e+04 4.582162e+04
1.475000e-07 4.577333e+04 4.578942e+04
1.480000e-07 4.574122e+04 4.575727e+04
1.485000e-07 4.570917e+04 4.572519e+04
1.490000e-07 4.567718e+04 4.569318e+04
1.495000e-07 4.564526e+04 4.566122e+04
1.500000e-07 4.561340e+04 4.562933e+04
1.505000e-07 4.558160e+04 4.559750e+04
1.510000e-07 4.554986e+04 4.556573e+04
1.515000e-07 4.551818e+04 4.553402e+04
1.520000e-07 4.548656e+04 4.550237e+04
1.525000e-07 4.545500e+04 4.547078e+04
1.530000e-07 4.542350e+04 4.543925e+04
1.535000e-07 4.539206e+04 4.540778e+04
1.540000e-07 4.536067e+04 4.537636e+04
1.545000e-07 4.532935e+04 4.534501e+04
1.550000e-07 4.529807e+04 4.531371e+04
1.555000e-07 4.526686e+04 4.528247e+04
1.560000e-07 4.523570e+04 4.525128e+04
1.565000e-07 4.520460e+04 4.522015e+04
1.570000e-07 4.517355e+04 4.518908e+04
1.575000e-07 4.514256e+04 4.515805e+04
1.580000e-07 4.511162e+04 4.512709e+04
1.585000e-07 4.508073e+04 4.509617e+04
1.590000e-07 4.504989e+04 4.506531e+04
1.595000e-07 4.501911e+04 4.503450e+04
1.600000e-07 4.498837e+04 4.500374e+04
1.605000e-07 4.495769e+04 4.497303e+04
1.610000e-07 4.492706e+04 4.494237e+04
1.615000e-07 4.489647e+04 4.491177e+04
1.620000e-07 4.486594e+04 4.488120e+04
1.625000e-07 4.483544e+04 4.485069e+04
1.630000e-07 4.480500e+04 4.482022e+04
1.635000e-07 4.477460e+04 4.478980e+04
1.640000e-07 4.474425e+04 4.475943e+04
1.645000e-07 4.471394e+04 4.472909e+04
1.650000e-07 4.468367e+04 4.469880e+04
1.655000e-07 4.465344e+04 4.466856e+04
1.660000e-07 4.462326e+04 4.463835e+04
1.665000e-07 4.459311e+04 4.460819e+04
1.670000e-07 4.456300e+04 4.457806e+04
1.675000e-07 4.453293e+04 4.454797e+04
1.680000e-07 4.450290e+04 4.451792e+04
1.685000e-07 4.447290e+04 4.448790e+04
1.690000e-07 4.444294e+04 4.445792e+04
1.695000e-07 4.441300e+04 4.442797e+04
1.700000e-07 4.438310e+04 4.439805e+04
1.705000e-07 4.435323e+04 4.436817e+04
1.710000e-07 4.432339e+04 4.433831e+04
1.715000e-07 4.429357e+04 4.430848e+04
1.720000e-07 4.426378e+04 4.427867e+04
1.725000e-07 4.423401e+04 4.424889e+04
1.730000e-07 4.420426e+04 4.421914e+04
1.735000e-07 4.417454e+04 4.418940e+04
1.740000e-07 4.414483e+04 4.415968e+04
1.745000e-07 4.411513e+04 4.412998e+04
1.750000e-07 4.408546e+04 4.410030e+04
1.755000e-07 4.405579e+04 4.407062e+04
1.760000e-07 4.402613e+04 4.404096e+04
1.765000e-07 4.399648e+04 4.401131e+04
1.770000e-07 4.396684e+04 4.398166e+04
1.775000e-07 4.393720e+04 4.395202e+04
1.780000e-07 4.390755e+04 4.392238e+04
1.785000e-07 4.387791e+04 4.389273e+04
1.790000e-07 4.384826e+04 4.386309e+04
1.795000e-07 4.381860e+04 4.383343e+04
1.800000e-07 4.378893e+04 4.380377e+04
1.805000e-07 4.375925e+04 4.377409e+04
1.810000e-07 4.372954e+04 4.374440e+04
1.815000e-07 4.369982e+04 4.371468e+04
1.820000e-07 4.367007e+04 4.368495e+04
1.825000e-07 4.364029e+04 4.365518e+04
1.830000e-07 4.361048e+04 4.362539e+04
1.835000e-07 4.358063e+04 4.359556e+04
1.840000e-07 4.355074e+04 4.356569e+04
1.845000e-07 4.352081e+04 4.353577e+04
1.850000e-07 4.349082e+04 4.350581e+04
1.855000e-07 4.346078e+04 4.347580e+04
1.860000e-07 4.343067e+04 4.344572e+04
1.865000e-07 4.340050e+04 4.341559e+04
1.870000e-07 4.337026e+04 4.338538e+04
1.875000e-07 4.333994e+04 4.335510e+04
1.880000e-07 4.330954e+04 4.332474e+04
1.885000e-07 4.327904e+04 4.329429e+04
1.890000e-07 4.324845e+04 4.326375e+04
1.895000e-07 4.321776e+04 4.323311e+04
1.900000e-07 4.318695e+04 4.320235e+04
1.905000e-07 4.315602e+04 4.317149e+04
1.910000e-07 4.312497e+04 4.314050e+04
1.915000e-07 4.309378e+04 4.310938e+04
1.920000e-07 4.306245e+04 4.307812e+04
1.925000e-07 4.303096e+04 4.304671e+04
1.930000e-07 4.299931e+04 4.301514e+04
1.935000e-07 4.296749e+04 4.298340e+04
1.940000e-07 4.293548e+04 4.295148e+04
1.945000e-07 4.290328e+04 4.291938e+04
1.950000e-07 4.287087e+04 4.288707e+04
1.955000e-07 4.283824e+04 4.285455e+04
1.960000e-07 4.280538e+04 4.282181e+04
1.965000e-07 4.277227e+04 4.278883e+04
1.970000e-07 4.273891e+04 4.275559e+04
1.975000e-07 4.270528e+04 4.272209e+04
1.980000e-07 4.267135e+04 4.268831e+04
1.985000e-07 4.263712e+04 4.265424e+04
1.990000e-07 4.260258e+04 4.261985e+04
1.995000e-07 4.256769e+04 4.258513e+04
2.000000e-07 4.253245e+04 4.255007e+04
2.005000e-07 4.249684e+04 4.251464e+04
2.010000e-07 4.246082e+04 4.247883e+04
2.015000e-07 4.242440e+04 4.244261e+04
2.020000e-07 4.238753e+04 4.240597e+04
2.025000e-07 4.235021e+04 4.236887e+04
2.030000e-07 4.231240e+04 4.233131e+04
2.035000e-07 4.227408e+04 4.229324e+04
2.040000e-07 4.223523e+04 4.225466e+04
2.045000e-07 4.219582e+04 4.221552e+04
2.050000e-07 4.215581e+04 4.217581e+04
2.055000e-07 4.211518e+04 4.213550e+04
2.060000e-07 4.207390e+04 4.209454e+04
2.065000e-07 4.203194e+04 4.205292e+04
2.070000e-07 4.198925e+04 4.201059e+04
2.075000e-07 4.194581e+04 4.196753e+04
2.080000e-07 4.190157e+04 4.192369e+04
2.085000e-07 4.185650e+04 4.187903e+04
2.090000e-07 4.181055e+04 4.183353e+04
2.095000e-07 4.176369e+04 4.178712e+04
2.100000e-07 4.171586e+04 4.173978e+04
2.105000e-07 4.166702e+04 4.169144e+04
2.110000e-07 4.161712e+04 4.164207e+04
2.115000e-07 4.156611e+04 4.159162e+04
2.120000e-07 4.151393e+04 4.154002e+04
2.125000e-07 4.146053e+04 4.148723e+04
2.130000e-07 4.140584e+04 4.143318e+04
2.135000e-07 4.134980e+04 4.137782e+04
2.140000e-07 4.129235e+04 4.132107e+04
2.145000e-07 4.123341e+04 4.126288e+04
2.150000e-07 4.117293e+04 4.120317e+04
2.155000e-07 4.111081e+04 4.114187e+04
2.160000e-07 4.104699e+04 4.107890e+04
2.165000e-07 4.098137e+04 4.101418e+04
2.170000e-07 4.091388e+04 4.094763e+04
2.175000e-07 4.084442e+04 4.087915e+04
2.180000e-07 4.077290e+04 4.080866e+04
2.185000e-07 4.069921e+04 4.073605e+04
2.190000e-07 4.062326e+04 4.066123e+04
2.195000e-07 4.054493e+04 4.058409e+04
2.200000e-07 4.046411e+04 4.050452e+04
2.205000e-07 4.038068e+04 4.042239e+04
2.210000e-07 4.029451e+04 4.033759e+04
2.215000e-07 4.020548e+04 4.024999e+04
2.220000e-07 4.011344e+04 4.015946e+04
2.225000e-07 4.001825e+04 4.006584e+04
2.230000e-07 3.991976e+04 3.996900e+04
2.235000e-07 3.981781e+04 3.986879e+04
2.240000e-07 3.971224e+04 3.976503e+04
2.245000e-07 3.960287e+04 3.965756e+04
2.250000e-07 3.948952e+04 3.954620e+04
2.255000e-07 3.937200e+04 3.943076e+04
2.260000e-07 3.925011e+04 3.931106e+04
2.265000e-07 3.912365e+04 3.918688e+04
2.270000e-07 3.899238e+04 3.905801e+04
2.275000e-07 3.885609e+04 3.892423e+04
2.280000e-07 3.871452e+04 3.878530e+04
2.285000e-07 3.856744e+04 3.864098e+04
2.290000e-07 3.841457e+04 3.849101e+04
2.295000e-07 3.825565e+04 3.833511e+04
2.300000e-07 3.809037e+04 3.817301e+04
2.305000e-07 3.791844e+04 3.800441e+04
2.310000e-07 3.773954e+04 3.782899e+04
2.315000e-07 3.755334e+04 3.764644e+04
2.320000e-07 3.735948e+04 3.745641e+04
2.325000e-07 3.715760e+04 3.725854e+04
2.330000e-07 3.694732e+04 3.705246e+04
2.335000e-07 3.672824e+04 3.683778e+04
2.340000e-07 3.649993e+04 3.661409e+04
2.345000e-07 3.626196e+04 3.638095e+04
2.350000e-07 3.601387e+04 3.613792e+04
2.355000e-07 3.575516e+04 3.588451e+04
2.360000e-07 3.548534e+04 3.562025e+04
2.365000e-07 3.520388e+04 3.534461e+04
2.370000e-07 3.491021e+04 3.505704e+04
2.375000e-07 3.460375e+04 3.475698e+04
2.380000e-07 3.428390e+04 3.444382e+04
2.385000e-07 3.395001e+04 3.411696e+04
2.390000e-07 3.360142e+04 3.377572e+04
2.395000e-07 3.323742e+04 3.341942e+04
2.400000e-07 3.285727e+04 3.304734e+04
2.405000e-07 3.246021e+04 3.265874e+04
2.410000e-07 3.204543e+04 3.225282e+04
2.415000e-07 3.161208e+04 3.182875e+04
2.420000e-07 3.115927e+04 3.138567e+04
2.425000e-07 3.068608e+04 3.092267e+04
2.430000e-07 3.019152e+04 3.043880e+04
2.435000e-07 2.967459e+04 2.993306e+04
2.440000e-07 2.913422e+04 2.940441e+04
2.445000e-07 2.856927e+04 2.885175e+04
2.450000e-07 2.797859e+04 2.827393e+04
2.455000e-07 2.736094e+04 2.766977e+04
2.460000e-07 2.671503e+04 2.703799e+04
2.465000e-07 2.603952e+04 2.637727e+04
2.470000e-07 2.533298e+04 2.568625e+04
2.475000e-07 2.459395e+04 2.496347e+04
2.480000e-07 2.382086e+04 2.420741e+04
2.485000e-07 2.301210e+04 2.341648e+04
2.490000e-07 2.216596e+04 2.258903e+04
2.495000e-07 2.128065e+04 2.172331e+04
2.500000e-07 2.035431e+04 2.081748e+04
2.505000e-07 1.938498e+04 1.986965e+04
2.510000e-07 1.837061e+04 1.887780e+04
2.515000e-07 1.730905e+04 1.783983e+04
2.520000e-07 1.619804e+04 1.675354e+04
2.525000e-07 1.503524e+04 1.561664e+04
2.530000e-07 1.381817e+04 1.442670e+04
2.535000e-07 1.254424e+04 1.318120e+04
2.540000e-07 1.121075e+04 1.187749e+04
2.545000e-07 9.814853e+03 1.051280e+04
2.550000e-07 8.353584e+03 9.084218e+03
2.555000e-07 6.823828e+03 7.588706e+03
2.560000e-07 5.222324e+03 6.023076e+03
2.565000e-07 3.545660e+03 4.383992e+03
2.570000e-07 1.790258e+03 2.667959e+03
2.575000e-07 -4.762309e+01 8.713176e+02
2.580000e-07 -1.971911e+03 -1.009767e+03
2.585000e-07 -3.986721e+03 -2.979316e+03
2.590000e-07 -6.096365e+03 -5.041543e+03
2.595000e-07 -8.305354e+03 -7.200860e+03
2.600000e-07 -1.061841e+04 -9.461884e+03
2.605000e-07 -1.304049e+04 -1.182945e+04
2.610000e-07 -1.557675e+04 -1.430862e+04
2.615000e-07 -1.823263e+04 -1.690469e+04
2.620000e-07 -2.101378e+04 -1.962320e+04
2.625000e-07 -2.392615e+04 -2.246997e+04
2.630000e-07 -2.697595e+04 -2.545105e+04
2.635000e-07 -3.016968e+04 -2.857282e+04
2.640000e-07 -3.351413e+04 -3.184190e+04
2.645000e-07 -3.701642e+04 -3.526528e+04
2.650000e-07 -4.068400e+04 -3.885021e+04
2.655000e-07 -4.452464e+04 -4.260432e+04
2.660000e-07 -4.854649e+04 -4.653556e+04
2.665000e-07 -5.275806e+04 -5.065228e+04
2.670000e-07 -5.716827e+04 -5.496316e+04
2.675000e-07 -6.178640e+04 -5.947733e+04
2.680000e-07 -6.662221e+04 -6.420431e+04
2.685000e-07 -7.168586e+04 -6.915404e+04
2.690000e-07 -7.698798e+04 -7.433692e+04
2.695000e-07 -8.253968e+04 -7.976383e+04
2.700000e-07 -8.835256e+04 -8.544612e+04
2.705000e-07 -9.443876e+04 -9.139566e+04
2.710000e-07 -1.008109e+05 -9.762484e+04
2.715000e-07 -1.074823e+05 -1.041466e+05
2.720000e-07 -1.144667e+05 -1.109745e+05
2.725000e-07 -1.217785e+05 -1.181226e+05
2.730000e-07 -1.294327e+05 -1.256056e+05
2.735000e-07 -1.374452e+05 -1.334390e+05
2.740000e-07 -1.458321e+05 -1.416387e+05
2.745000e-07 -1.546107e+05 -1.502214e+05
2.750000e-07 -1.637987e+05 -1.592047e+05
2.755000e-07 -1.734148e+05 -1.686068e+05
2.760000e-07 -1.834781e+05 -1.784465e+05
2.765000e-07 -1.940090e+05 -1.887436e+05
2.770000e-07 -2.050284e+05 -1.995187e+05
2.775000e-07 -2.165583e+05 -2.107934e+05
2.780000e-07 -2.286213e+05 -2.225898e+05
2.785000e-07 -2.412412e+05 -2.349312e+05
2.790000e-07 -2.544426e+05 -2.478419e+05
2.795000e-07 -2.682513e+05 -2.613469e+05
2.800000e-07 -2.826938e+05 -2.754726e+05
2.805000e-07 -2.977980e+05 -2.902459e+05
2.810000e-07 -3.135927e+05 -3.056954e+05
2.815000e-07 -3.301077e+05 -3.218502e+05
2.820000e-07 -3.473743e+05 -3.387410e+05
2.825000e-07 -3.654245e+05 -3.563994e+05
2.830000e-07 -3.842921e+05 -3.748583e+05
2.835000e-07 -4.040116e+05 -3.941519e+05
2.840000e-07 -4.246192e+05 -4.143154e+05
2.845000e-07 -4.461521e+05 -4.353856e+05
2.850000e-07 -4.686491e+05 -4.574006e+05
2.855000e-07 -4.921502e+05 -4.803997e+05
2.860000e-07 -5.166970e+05 -5.044236e+05
2.865000e-07 -5.423325e+05 -5.295148e+05
2.870000e-07 -5.691011e+05 -5.557168e+05
2.875000e-07 -5.970488e+05 -5.830749e+05
2.880000e-07 -6.262232e+05 -6.116360e+05
2.885000e-07 -6.566736e+05 -6.414484e+05
2.890000e-07 -6.884508e+05 -6.725622e+05
2.895000e-07 -7.216074e+05 -7.050291e+05
2.900000e-07 -7.561979e+05 -7.389027e+05
2.905000e-07 -7.922785e+05 -7.742382e+05
2.910000e-07 -8.299074e+05 -8.110929e+05
2.915000e-07 -8.691445e+05 -8.495259e+05
2.920000e-07 -9.100522e+05 -8.895984e+05
2.925000e-07 -9.526948e+05 -9.313735e+05
2.930000e-07 -9.971390e+05 -9.749169e+05
2.935000e-07 -1.043454e+06 -1.020296e+06
2.940000e-07 -1.091711e+06 -1.067582e+06
2.945000e-07 -1.141984e+06 -1.116847e+06
2.950000e-07 -1.194351e+06 -1.168168e+06
2.955000e-07 -1.248893e+06 -1.221622e+06
2.960000e-07 -1.305693e+06 -1.277293e+06
2.965000e-07 -1.364838e+06 -1.335266e+06
2.970000e-07 -1.426422e+06 -1.395630e+06
2.975000e-07 -1.490539e+06 -1.458480e+06
2.980000e-07 -1.557292e+06 -1.523915e+06
2.985000e-07 -1.626787e+06 -1.592039e+06
2.990000e-07 -1.699139e+06 -1.662963e+06
2.995000e-07 -1.774468e+06 -1.736803e+06
3.000000e-07 -4.131743e+05 -1.093821e+06
3.005000e-07 -7.507694e+03 -2.103410e+05
3.010000e-07 1.507601e+05 7.162619e+04
3.015000e-07 2.578112e+05 2.042856e+05
3.020000e-07 3.358571e+05 2.968342e+05
3.025000e-07 1.026458e+05 2.192515e+05
3.030000e-07 9.912414e+04 1.008850e+05
3.035000e-07 9.568328e+04 9.740371e+04
3.040000e-07 9.231741e+04 9.400034e+04
3.045000e-07 8.902085e+04 9.066913e+04
3.050000e-07 8.578804e+04 8.740445e+04
3.055000e-07 8.261353e+04 8.420079e+04
3.060000e-07 7.949197e+04 8.105275e+04
3.065000e-07 7.641807e+04 7.795502e+04
3.070000e-07 7.338667e+04 7.490237e+04
3.075000e-07 7.039265e+04 7.188966e+04
3.080000e-07 6.743096e+04 6.891181e+04
3.085000e-07 6.449661e+04 6.596378e+04
3.090000e-07 6.158465e+04 6.304063e+04
3.095000e-07 5.869016e+04 6.013740e+04
3.100000e-07 5.580829e+04 5.724923e+04
3.105000e-07 5.293415e+04 5.437122e+04
3.110000e-07 5.006292e+04 5.149854e+04
3.115000e-07 4.718975e+04 4.862634e+04
3.120000e-07 4.430981e+04 4.574978e+04
3.125000e-07 4.141823e+04 4.286402e+04
3.130000e-07 3.851014e+04 3.996419e+04
3.135000e-07 3.558065e+04 3.704540e+04
3.140000e-07 3.262483e+04 3.410274e+04
3.145000e-07 2.963768e+04 3.113125e+04
3.150000e-07 2.661417e+04 2.812592e+04
3.155000e-07 2.354922e+04 2.508170e+04
3.160000e-07 2.043766e+04 2.199344e+04
3.165000e-07 1.727424e+04 1.885595e+04
3.170000e-07 1.405364e+04 1.566394e+04
3.175000e-07 1.077043e+04 1.241203e+04
3.180000e-07 7.419073e+03 9.094750e+03
3.185000e-07 3.993928e+03 5.706500e+03
3.190000e-07 4.892230e+02 2.241576e+03
3.195000e-07 -3.100959e+03 -1.305868e+03
3.200000e-07 -6.782688e+03 -4.941823e+03
3.205000e-07 -1.056219e+04 -8.672440e+03
3.210000e-07 -1.444587e+04 -1.250403e+04
3.215000e-07 -1.844028e+04 -1.644307e+04
3.220000e-07 -2.255219e+04 -2.049624e+04
3.225000e-07 -2.678856e+04 -2.467038e+04
3.230000e-07 4.685133e+04 1.003139e+04
3.235000e-07 1.120000e+05 7.942565e+04
3.240000e-07 1.771304e+05 1.445652e+05
3.245000e-07 2.454591e+05 2.112948e+05
3.250000e-07 2.593128e+05 2.523859e+05
3.255000e-07 -1.904441e+05 3.443431e+04
3.260000e-07 -1.946223e+05 -1.925332e+05
3.265000e-07 -1.992152e+05 -1.969188e+05
3.270000e-07 -2.042307e+05 -2.017230e+05
3.275000e-07 -2.096772e+05 -2.069539e+05
3.280000e-07 -2.155641e+05 -2.126207e+05
3.285000e-07 -2.219015e+05 -2.187328e+05
3.290000e-07 -2.287001e+05 -2.253008e+05
3.295000e-07 -2.359716e+05 -2.323358e+05
3.300000e-07 -2.437284e+05 -2.398500e+05
3.305000e-07 -2.519839e+05 -2.478562e+05
3.310000e-07 -2.607522e+05 -2.563681e+05
3.315000e-07 -2.700484e+05 -2.654003e+05
3.320000e-07 -2.798886e+05 -2.749685e+05
3.325000e-07 -2.902896e+05 -2.850891e+05
3.330000e-07 -3.012694e+05 -2.957795e+05
3.335000e-07 -3.128471e+05 -3.070583e+05
3.340000e-07 -3.250428e+05 -3.189450e+05
3.345000e-07 -3.378777e+05 -3.314602e+05
3.350000e-07 -3.513741e+05 -3.446259e+05
3.355000e-07 -3.655557e+05 -3.584649e+05
3.360000e-07 -3.804474e+05 -3.730016e+05
3.365000e-07 -3.960755e+05 -3.882614e+05
3.370000e-07 -4.124674e+05 -4.042714e+05
3.375000e-07 -4.296524e+05 -4.210599e+05
3.380000e-07 -4.476611e+05 -4.386567e+05
3.385000e-07 -4.665257e+05 -4.570934e+05
3.390000e-07 -4.862802e+05 -4.764029e+05
3.395000e-07 -5.069604e+05 -4.966203e+05
3.400000e-07 -5.286041e+05 -5.177822e+05
3.405000e-07 -5.512508e+05 -5.399274e+05
3.410000e-07 -5.749425e+05 -5.630967e+05
3.415000e-07 -5.997233e+05 -5.873329e+05
3.420000e-07 -6.256397e+05 -6.126815e+05
3.425000e-07 -6.527409e+05 -6.391903e+05
3.430000e-07 -6.810788e+05 -6.669099e+05
3.435000e-07 -7.107081e+05 -6.958935e+05
3.440000e-07 -7.416870e+05 -7.261976e+05
3.445000e-07 -7.740767e+05 -7.578818e+05
3.450000e-07 -8.079424e+05 -7.910095e+05
3.455000e-07 -8.433530e+05 -8.256477e+05
3.460000e-07 -8.052856e+05 -8.243193e+05
3.465000e-07 -7.687760e+05 -7.870308e+05
3.470000e-07 -7.337663e+05 -7.512712e+05
3.475000e-07 -7.002003e+05 -7.169833e+05
3.480000e-07 -6.680236e+05 -6.841120e+05
3.485000e-07 -6.371837e+05 -6.526037e+05
3.490000e-07 -6.076295e+05 -6.224066e+05
3.495000e-07 -5.793120e+05 -5.934708e+05
3.500000e-07 -5.521834e+05 -5.657477e+05
3.505000e-07 -5.261978e+05 -5.391906e+05
3.510000e-07 -5.013104e+05 -5.137541e+05
3.515000e-07 -4.774784e+05 -4.893944e+05
3.520000e-07 -4.546601e+05 -4.660692e+05
3.525000e-07 -4.328152e+05 -4.437376e+05
3.530000e-07 -4.119050e+05 -4.223601e+05
3.535000e-07 -3.918919e+05 -4.018985e+05
3.540000e-07 -3.727399e+05 -3.823159e+05
3.545000e-07 -3.544140e+05 -3.635770e+05
3.550000e-07 -3.368806e+05 -3.456473e+05
3.555000e-07 -3.201071e+05 -3.284939e+05
3.560000e-07 -3.040625e+05 -3.120848e+05
3.565000e-07 -2.887165e+05 -2.963895e+05
3.570000e-07 -2.740401e+05 -2.813783e+05
3.575000e-07 -2.600055e+05 -2.670228e+05
3.580000e-07 -2.465857e+05 -2.532956e+05
3.585000e-07 -2.337550e+05 -2.401703e+05
3.590000e-07 -2.214884e+05 -2.276217e+05
3.595000e-07 -2.097621e+05 -2.156252e+05
3.600000e-07 -1.985530e+05 -2.041575e+05
3.605000e-07 -1.878392e+05 -1.931961e+05
3.610000e-07 -1.775995e+05 -1.827194e+05
3.615000e-07 -1.678135e+05 -1.727065e+05
3.620000e-07 -1.584616e+05 -1.631375e+05
3.625000e-07 -1.495251e+05 -1.539933e+05
3.630000e-07 -1.409860e+05 -1.452555e+05
3.635000e-07 -1.328270e+05 -1.369065e+05
3.640000e-07 -1.250317e+05 -1.289294e+05
3.645000e-07 -1.175841e+05 -1.213079e+05
3.650000e-07 -1.104690e+05 -1.140266e+05
3.655000e-07 -1.036719e+05 -1.070705e+05
3.660000e-07 -9.717876e+04 -1.004253e+05
3.665000e-07 -9.097620e+04 -9.407748e+04
3.670000e-07 -8.505142e+04 -8.801381e+04
3.675000e-07 -7.939213e+04 -8.222177e+04
3.680000e-07 -7.398658e+04 -7.668936e+04
3.685000e-07 -6.882353e+04 -7.140506e+04
3.690000e-07 -6.389220e+04 -6.635786e+04
3.695000e-07 -5.918228e+04 -6.153724e+04
3.700000e-07 -5.468391e+04 -5.693309e+04
3.705000e-07 -5.038764e+04 -5.253577e+04
3.710000e-07 -4.628447e+04 -4.833605e+04
3.715000e-07 -4.236573e+04 -4.432510e+04
3.720000e-07 -3.862319e+04 -4.049446e+04
3.725000e-07 -3.504893e+04 -3.683606e+04
3.730000e-07 -3.163540e+04 -3.334216e+04
3.735000e-07 -2.837539e+04 -3.000540e+04
3.740000e-07 -2.526199e+04 -2.681869e+04
3.745000e-07 -2.228859e+04 -2.377529e+04
3.750000e-07 -1.944890e+04 -2.086875e+04
3.755000e-07 -1.673688e+04 -1.809289e+04
3.760000e-07 -1.414677e+04 -1.544183e+04
3.765000e-07 -1.167307e+04 -1.290992e+04
3.770000e-07 -9.310508e+03 -1.049179e+04
3.775000e-07 -7.054061e+03 -8.182285e+03
3.780000e-07 -4.898927e+03 -5.976494e+03
3.785000e-07 -2.840515e+03 -3.869721e+03
3.790000e-07 -8.744440e+02 -1.857480e+03
3.795000e-07 1.003472e+03 6.451416e+01
3.800000e-07 2.797225e+03 1.900349e+03
3.805000e-07 4.510624e+03 3.653924e+03
3.810000e-07 6.147308e+03 5.328966e+03
3.815000e-07 7.710752e+03 6.929030e+03
3.820000e-07 9.204277e+03 8.457515e+03
3.825000e-07 1.063105e+04 9.917664e+03
3.830000e-07 1.199410e+04 1.131258e+04
3.835000e-07 1.329632e+04 1.264521e+04
3.840000e-07 1.454047e+04 1.391839e+04
3.845000e-07 1.572918e+04 1.513482e+04
3.850000e-07 1.686497e+04 1.629707e+04
3.855000e-07 1.795024e+04 1.740761e+04
3.860000e-07 1.898729e+04 1.846877e+04
3.865000e-07 1.997831e+04 1.948280e+04
3.870000e-07 2.092539e+04 2.045185e+04
3.875000e-07 2.183052e+04 2.137795e+04
3.880000e-07 2.269561e+04 2.226307e+04
3.885000e-07 2.352249e+04 2.310905e+04
3.890000e-07 2.431288e+04 2.391769e+04
3.895000e-07 2.506845e+04 2.469067e+04
3.900000e-07 2.579078e+04 2.542962e+04
3.905000e-07 2.648139e+04 2.613609e+04
3.910000e-07 2.714170e+04 2.681154e+04
3.915000e-07 2.777311e+04 2.745741e+04
3.920000e-07 2.837692e+04 2.807502e+04
3.925000e-07 2.895439e+04 2.866566e+04
3.930000e-07 2.950673e+04 2.923056e+04
3.935000e-07 3.003506e+04 2.977089e+04
3.940000e-07 3.054049e+04 3.028777e+04
3.945000e-07 3.102405e+04 3.078227e+04
3.950000e-07 3.148674e+04 3.125539e+04
3.955000e-07 3.192951e+04 3.170812e+04
3.960000e-07 3.235326e+04 3.214139e+04
3.965000e-07 3.275887e+04 3.255607e+04
3.970000e-07 3.314715e+04 3.295301e+04
3.975000e-07 3.351889e+04 3.333302e+04
3.980000e-07 3.387485e+04 3.369687e+04
3.985000e-07 3.421574e+04 3.404530e+04
3.990000e-07 3.454225e+04 3.437900e+04
3.995000e-07 3.485504e+04 3.469864e+04
4.000000e-07 3.515472e+04 3.500488e+04
4.005000e-07 3.544189e+04 3.529830e+04
4.010000e-07 3.571712e+04 3.557951e+04
4.015000e-07 3.598096e+04 3.584904e+04
4.020000e-07 3.623393e+04 3.610745e+04
4.025000e-07 3.647651e+04 3.635522e+04
4.030000e-07 3.670918e+04 3.659284e+04
4.035000e-07 3.693239e+04 3.682079e+04
4.040000e-07 3.714658e+04 3.703948e+04
4.045000e-07 3.735214e+04 3.724936e+04
4.050000e-07 3.754948e+04 3.745081e+04
4.055000e-07 3.773897e+04 3.764422e+04
4.060000e-07 3.792096e+04 3.782996e+04
4.065000e-07 3.809580e+04 3.800838e+04
4.070000e-07 3.826381e+04 3.817980e+04
4.075000e-07 3.842530e+04 3.834456e+04
4.080000e-07 3.858058e+04 3.850294e+04
4.085000e-07 3.872991e+04 3.865524e+04
4.090000e-07 3.887358e+04 3.880175e+04
4.095000e-07 3.901184e+04 3.894271e+04
4.100000e-07 3.914493e+04 3.907839e+04
4.105000e-07 3.927310e+04 3.920902e+04
4.110000e-07 3.939657e+04 3.933483e+04
4.115000e-07 3.951554e+04 3.945605e+04
4.120000e-07 3.963023e+04 3.957289e+04
4.125000e-07 3.974083e+04 3.968553e+04
4.130000e-07 3.984753e+04 3.979418e+04
4.135000e-07 3.995051e+04 3.989902e+04
4.140000e-07 4.004992e+04 4.000022e+04
4.145000e-07 4.014595e+04 4.009794e+04
4.150000e-07 4.023874e+04 4.019235e+04
4.155000e-07 4.032844e+04 4.028359e+04
4.160000e-07 4.041519e+04 4.037181e+04
4.165000e-07 4.049912e+04 4.045716e+04
4.170000e-07 4.058037e+04 4.053975e+04
4.175000e-07 4.065906e+04 4.061972e+04
4.180000e-07 4.073530e+04 4.069718e+04
4.185000e-07 4.080921e+04 4.077226e+04
4.190000e-07 4.088090e+04 4.084506e+04
4.195000e-07 4.095046e+04 4.091568e+04
4.200000e-07 4.101799e+04 4.098422e+04
4.205000e-07 4.108359e+04 4.105079e+04
4.210000e-07 4.114734e+04 4.111547e+04
4.215000e-07 4.120934e+04 4.117834e+04
4.220000e-07 4.126965e+04 4.123949e+04
4.225000e-07 4.132837e+04 4.129901e+04
4.230000e-07 4.138555e+04 4.135696e+04
4.235000e-07 4.144128e+04 4.141342e+04
4.240000e-07 4.149562e+04 4.146845e+04
4.245000e-07 4.154864e+04 4.152213e+04
4.250000e-07 4.160039e+04 4.157451e+04
4.255000e-07 4.165094e+04 4.162566e+04
4.260000e-07 4.170033e+04 4.167564e+04
4.265000e-07 4.174864e+04 4.172448e+04
4.270000e-07 4.179589e+04 4.177226e+04
4.275000e-07 4.184215e+04 4.181902e+04
4.280000e-07 4.188747e+04 4.186481e+04
4.285000e-07 4.193187e+04 4.190967e+04
4.290000e-07 4.197542e+04 4.195365e+04
4.295000e-07 4.201815e+04 4.199678e+04
4.300000e-07 4.206009e+04 4.203912e+04
4.305000e-07 4.210128e+04 4.208069e+04
4.310000e-07 4.214177e+04 4.212153e+04
4.315000e-07 4.218158e+04 4.216168e+04
4.320000e-07 4.222075e+04 4.220116e+04
4.325000e-07 4.225930e+04 4.224002e+04
4.330000e-07 4.229727e+04 4.227828e+04
4.335000e-07 4.233468e+04 4.231597e+04
4.340000e-07 4.237157e+04 4.235312e+04
4.345000e-07 4.240795e+04 4.238976e+04
4.350000e-07 4.244385e+04 4.242590e+04
4.355000e-07 4.247930e+04 4.246157e+04
4.360000e-07 4.251431e+04 4.249680e+04
4.365000e-07 4.254892e+04 4.253161e+04
4.370000e-07 4.258313e+04 4.256602e+04
4.375000e-07 4.261697e+04 4.260005e+04
4.380000e-07 4.265046e+04 4.263371e+04
4.385000e-07 4.268361e+04 4.266703e+04
4.390000e-07 4.271645e+04 4.270003e+04
4.395000e-07 4.274898e+04 4.273271e+04
4.400000e-07 4.278123e+04 4.276510e+04
4.405000e-07 4.281321e+04 4.279722e+04
4.410000e-07 4.284493e+04 4.282907e+04
4.415000e-07 4.287640e+04 4.286066e+04
4.420000e-07 4.290765e+04 4.289202e+04
4.425000e-07 4.293868e+04 4.292316e+04
4.430000e-07 4.296950e+04 4.295409e+04
4.435000e-07 4.300012e+04 4.298481e+04
4.440000e-07 4.303057e+04 4.301535e+04
4.445000e-07 4.306084e+04 4.304570e+04
4.450000e-07 4.309094e+04 4.307589e+04
4.455000e-07 4.312089e+04 4.310592e+04
4.460000e-07 4.315070e+04 4.313580e+04
4.465000e-07 4.318037e+04 4.316553e+04
4.470000e-07 4.320991e+04 4.319514e+04
4.475000e-07 4.323933e+04 4.322462e+04
4.480000e-07 4.326864e+04 4.325398e+04
4.485000e-07 4.329784e+04 4.328324e+04
4.490000e-07 4.332694e+04 4.331239e+04
4.495000e-07 4.335595e+04 4.334145e+04
4.500000e-07 4.338488e+04 4.337041e+04
4.505000e-07 4.341372e+04 4.339930e+04
4.510000e-07 4.344249e+04 4.342811e+04
4.515000e-07 4.347119e+04 4.345684e+04
4.520000e-07 4.349983e+04 4.348551e+04
4.525000e-07 4.352841e+04 4.351412e+04
4.530000e-07 4.355694e+04 4.354268e+04
4.535000e-07 4.358542e+04 4.357118e+04
4.540000e-07 4.361386e+04 4.359964e+04
4.545000e-07 4.364225e+04 4.362805e+04
4.550000e-07 4.367061e+04 4.365643e+04
4.555000e-07 4.369894e+04 4.368477e+04
4.560000e-07 4.372724e+04 4.371309e+04
4.565000e-07 4.375551e+04 4.374137e+04
4.570000e-07 4.378376e+04 4.376964e+04
4.575000e-07 4.381200e+04 4.379788e+04
4.580000e-07 4.384022e+04 4.382611e+04
4.585000e-07 4.386843e+04 4.385432e+04
4.590000e-07 4.389663e+04 4.388253e+04
4.595000e-07 4.392482e+04 4.391072e+04
4.600000e-07 4.395301e+04 4.393891e+04
4.605000e-07 4.398120e+04 4.396710e+04
4.610000e-07 4.400939e+04 4.399529e+04
4.615000e-07 4.403758e+04 4.402348e+04
4.620000e-07 4.406578e+04 4.405168e+04
4.625000e-07 4.409399e+04 4.407988e+04
4.630000e-07 4.412221e+04 4.410810e+04
4.635000e-07 4.415044e+04 4.413632e+04
4.640000e-07 4.417868e+04 4.416456e+04
4.645000e-07 4.420694e+04 4.419281e+04
4.650000e-07 4.423522e+04 4.422108e+04
4.655000e-07 4.426352e+04 4.424937e+04
4.660000e-07 4.429183e+04 4.427767e+04
4.665000e-07 4.432017e+04 4.430600e+04
4.670000e-07 4.434854e+04 4.433435e+04
4.675000e-07 4.437693e+04 4.436273e+04
4.680000e-07 4.440534e+04 4.439113e+04
4.685000e-07 4.443379e+04 4.441956e+04
4.690000e-07 4.446226e+04 4.444802e+04
4.695000e-07 4.449076e+04 4.447651e+04
4.700000e-07 4.451930e+04 4.450503e+04
4.705000e-07 4.454787e+04 4.453358e+04
4.710000e-07 4.457647e+04 4.456217e+04
4.715000e-07 4.460511e+04 4.459079e+04
4.720000e-07 4.463378e+04 4.461945e+04
4.725000e-07 4.466249e+04 4.464814e+04
4.730000e-07 4.469124e+04 4.467687e+04
4.735000e-07 4.472003e+04 4.470564e+04
4.740000e-07 4.474886e+04 4.473444e+04
4.745000e-07 4.477772e+04 4.476329e+04
4.750000e-07 4.480663e+04 4.479218e+04
4.755000e-07 4.483558e+04 4.482111e+04
4.760000e-07 4.486458e+04 4.485008e+04
4.765000e-07 4.489362e+04 4.487910e+04
4.770000e-07 4.492270e+04 4.490816e+04
4.775000e-07 4.495183e+04 4.493726e+04
4.780000e-07 4.498100e+04 4.496641e+04
4.785000e-07 4.501022e+04 4.499561e+04
4.790000e-07 4.503949e+04 4.502485e+04
4.795000e-07 4.506880e+04 4.505414e+04
4.800000e-07 4.509816e+04 4.508348e+04
4.805000e-07 4.512758e+04 4.511287e+04
4.810000e-07 4.515704e+04 4.514231e+04
4.815000e-07 4.518655e+04 4.517179e+04
4.820000e-07 4.521611e+04 4.520133e+04
4.825000e-07 4.524572e+04 4.523092e+04
4.830000e-07 4.527539e+04 4.526055e+04
4.835000e-07 4.530510e+04 4.529024e+04
4.840000e-07 4.533487e+04 4.531999e+04
4.845000e-07 4.536469e+04 4.534978e+04
4.850000e-07 4.539457e+04 4.537963e+04
4.855000e-07 4.542450e+04 4.540953e+04
4.860000e-07 4.545448e+04 4.543949e+04
4.865000e-07 4.548452e+04 4.546950e+04
4.870000e-07 4.551461e+04 4.549957e+04
4.875000e-07 4.554476e+04 4.552969e+04
4.880000e-07 4.557497e+04 4.555986e+04
4.885000e-07 4.560523e+04 4.559010e+04
4.890000e-07 4.563555e+04 4.562039e+04
4.895000e-07 4.566592e+04 4.565073e+04
4.900000e-07 4.569635e+04 4.568114e+04
4.905000e-07 4.572685e+04 4.571160e+04
4.910000e-07 4.575739e+04 4.574212e+04
4.915000e-07 4.578800e+04 4.577270e+04
4.920000e-07 4.581867e+04 4.580334e+04
4.925000e-07 4.584939e+04 4.583403e+04
4.930000e-07 4.588018e+04 4.586479e+04
4.935000e-07 4.591103e+04 4.589560e+04
4.940000e-07 4.594193e+04 4.592648e+04
4.945000e-07 4.597290e+04 4.595741e+04
4.950000e-07 4.600393e+04 4.598841e+04
4.955000e-07 4.603501e+04 4.601947e+04
4.960000e-07 4.606616e+04 4.605059e+04
4.965000e-07 4.609738e+04 4.608177e+04
4.970000e-07 4.612865e+04 4.611301e+04
4.975000e-07 4.615999e+04 4.614432e+04
4.980000e-07 4.619139e+04 4.617569e+04
4.985000e-07 4.622285e+04 4.620712e+04
4.990000e-07 4.625438e+04 4.623862e+04
4.995000e-07 4.628597e+04 4.627017e+04
5.000000e-07 4.631762e+04 4.630180e+04
5.005000e-07 4.634934e+04 4.633348e+04
5.010000e-07 4.638112e+04 4.636523e+04
5.015000e-07 4.641297e+04 4.639705e+04
5.020000e-07 4.644489e+04 4.642893e+04
5.025000e-07 4.647687e+04 4.646088e+04
5.030000e-07 4.650891e+04 4.649289e+04
5.035000e-07 4.654102e+04 4.652497e+04
5.040000e-07 4.657320e+04 4.655711e+04
5.045000e-07 4.660544e+04 4.658932e+04
5.050000e-07 4.663775e+04 4.662160e+04
5.055000e-07 4.667013e+04 4.665394e+04
5.060000e-07 4.670258e+04 4.668635e+04
5.065000e-07 4.673509e+04 4.671883e+04
5.070000e-07 4.676767e+04 4.675138e+04
5.075000e-07 4.680032e+04 4.678399e+04
5.080000e-07 4.683304e+04 4.681668e+04
5.085000e-07 4.686582e+04 4.684943e+04
5.090000e-07 4.689868e+04 4.688225e+04
5.095000e-07 4.693160e+04 4.691514e+04
5.100000e-07 4.696460e+04 4.694810e+04
5.105000e-07 4.699766e+04 4.698113e+04
5.110000e-07 4.703080e+04 4.701423e+04
5.115000e-07 4.706401e+04 4.704740e+04
5.120000e-07 4.709728e+04 4.708064e+04
5.125000e-07 4.713063e+04 4.711396e+04
5.130000e-07 4.716405e+04 4.714734e+04
5.135000e-07 4.719754e+04 4.718079e+04
5.140000e-07 4.723110e+04 4.721432e+04
5.145000e-07 4.726474e+04 4.724792e+04
5.150000e-07 4.729844e+04 4.728159e+04
5.155000e-07 4.733222e+04 4.731533e+04
5.160000e-07 4.736608e+04 4.734915e+04
5.165000e-07 4.740000e+04 4.738304e+04
5.170000e-07 4.743400e+04 4.741700e+04
5.175000e-07 4.746808e+04 4.745104e+04
5.180000e-07 4.750223e+04 4.748515e+04
5.185000e-07 4.753645e+04 4.751934e+04
5.190000e-07 4.757075e+04 4.755360e+04
5.195000e-07 4.760512e+04 4.758793e+04
5.200000e-07 4.763957e+04 4.762234e+04
5.205000e-07 4.767409e+04 4.765683e+04
5.210000e-07 4.770869e+04 4.769139e+04
5.215000e-07 4.774336e+04 4.772603e+04
5.220000e-07 4.777812e+04 4.776074e+04
5.225000e-07 4.781294e+04 4.779553e+04
5.230000e-07 4.784785e+04 4.783040e+04
5.235000e-07 4.788283e+04 4.786534e+04
5.240000e-07 4.791789e+04 4.790036e+04
5.245000e-07 4.795303e+04 4.793546e+04
5.250000e-07 4.798825e+04 4.797064e+04
5.255000e-07 4.802354e+04 4.800590e+04
5.260000e-07 4.805892e+04 4.804123e+04
5.265000e-07 4.809437e+04 4.807664e+04
5.270000e-07 4.812990e+04 4.811214e+04
5.275000e-07 4.816552e+04 4.814771e+04
5.280000e-07 4.820121e+04 4.818336e+04
5.285000e-07 4.823698e+04 4.821909e+04
5.290000e-07 4.827283e+04 4.825491e+04
5.295000e-07 4.830877e+04 4.829080e+04
5.300000e-07 4.834478e+04 4.832677e+04
5.305000e-07 4.838088e+04 4.836283e+04
5.310000e-07 4.841706e+04 4.839897e+04
5.315000e-07 4.845332e+04 4.843519e+04
5.320000e-07 4.848966e+04 4.847149e+04
5.325000e-07 4.852609e+04 4.850787e+04
5.330000e-07 4.856259e+04 4.854434e+04
5.335000e-07 4.859919e+04 4.858089e+04
5.340000e-07 4.863586e+04 4.861752e+04
5.345000e-07 4.867262e+04 4.865424e+04
5.350000e-07 4.870946e+04 4.869104e+04
5.355000e-07 4.874639e+04 4.872793e+04
5.360000e-07 4.878341e+04 4.876490e+04
5.365000e-07 4.882051e+04 4.880196e+04
5.370000e-07 4.885769e+04 4.883910e+04
5.375000e-07 4.889496e+04 4.887632e+04
5.380000e-07 4.893232e+04 4.891364e+04
5.385000e-07 4.896976e+04 4.895104e+04
5.390000e-07 4.900729e+04 4.898852e+04
5.395000e-07 4.904490e+04 4.902610e+04
5.400000e-07 4.908261e+04 4.906376e+04
5.405000e-07 4.912040e+04 4.910150e+04
5.410000e-07 4.915828e+04 4.913934e+04
5.415000e-07 4.919625e+04 4.917726e+04
5.420000e-07 4.923430e+04 4.921528e+04
5.425000e-07 4.927245e+04 4.925338e+04
5.430000e-07 4.931069e+04 4.929157e+04
5.435000e-07 4.934901e+04 4.932985e+04
5.440000e-07 4.938743e+04 4.936822e+04
5.445000e-07 4.942593e+04 4.940668e+04
5.450000e-07 4.946453e+04 4.944523e+04
5.455000e-07 4.950321e+04 4.948387e+04
5.460000e-07 4.954199e+04 4.952260e+04
5.465000e-07 4.958086e+04 4.956143e+04
5.470000e-07 4.961982e+04 4.960034e+04
5.475000e-07 4.965888e+04 4.963935e+04
5.480000e-07 4.969803e+04 4.967845e+04
5.485000e-07 4.973727e+04 4.971765e+04
5.490000e-07 4.977660e+04 4.975693e+04
5.495000e-07 4.981603e+04 4.979631e+04
5.500000e-07 4.985555e+04 4.983579e+04
5.505000e-07 4.989516e+04 4.987536e+04
5.510000e-07 4.993487e+04 4.991502e+04
5.515000e-07 4.997468e+04 4.995477e+04
5.520000e-07 5.001458e+04 4.999463e+04
5.525000e-07 5.005457e+04 5.003458e+04
5.530000e-07 5.009466e+04 5.007462e+04
5.535000e-07 5.013485e+04 5.011476e+04
5.540000e-07 5.017514e+04 5.015499e+04
5.545000e-07 5.021552e+04 5.019533e+04
5.550000e-07 5.025600e+04 5.023576e+04
5.555000e-07 5.029657e+04 5.027628e+04
5.560000e-07 5.033724e+04 5.031691e+04
5.565000e-07 5.037802e+04 5.035763e+04
5.570000e-07 5.041889e+04 5.039845e+04
5.575000e-07 5.045986e+04 5.043937e+04
5.580000e-07 5.050092e+04 5.048039e+04
5.585000e-07 5.054209e+04 5.052151e+04
5.590000e-07 5.058336e+04 5.056272e+04
5.595000e-07 5.062472e+04 5.060404e+04
5.600000e-07 5.066619e+04 5.064546e+04
5.605000e-07 5.070776e+04 5.068698e+04
5.610000e-07 5.074943e+04 5.072859e+04
5.615000e-07 5.079120e+04 5.077031e+04
5.620000e-07 5.083307e+04 5.081213e+04
5.625000e-07 5.087504e+04 5.085406e+04
5.630000e-07 5.091712e+04 5.089608e+04
5.635000e-07 5.095929e+04 5.093821e+04
5.640000e-07 5.100157e+04 5.098043e+04
5.645000e-07 5.104396e+04 5.102277e+04
5.650000e-07 5.108644e+04 5.106520e+04
5.655000e-07 5.112903e+04 5.110774e+04
5.660000e-07 5.117172e+04 5.115038e+04
5.665000e-07 5.121452e+04 5.119312e+04
5.670000e-07 5.125742e+04 5.123597e+04
5.675000e-07 5.130043e+04 5.127892e+04
5.680000e-07 5.134354e+04 5.132198e+04
5.685000e-07 5.138675e+04 5.136514e+04
5.690000e-07 5.143007e+04 5.140841e+04
5.695000e-07 5.147349e+04 5.145178e+04
5.700000e-07 5.151702e+04 5.149526e+04
5.705000e-07 5.156066e+04 5.153884e+04
5.710000e-07 5.160440e+04 5.158253e+04
5.715000e-07 5.164824e+04 5.162632e+04
5.720000e-07 5.169219e+04 5.167022e+04
5.725000e-07 5.173625e+04 5.171422e+04
5.730000e-07 5.178042e+04 5.175833e+04
5.735000e-07 5.182469e+04 5.180255e+04
5.740000e-07 5.186906e+04 5.184688e+04
5.745000e-07 5.191355e+04 5.189131e+04
5.750000e-07 5.195814e+04 5.193584e+04
5.755000e-07 5.200283e+04 5.198049e+04
5.760000e-07 5.204764e+04 5.202524e+04
5.765000e-07 5.209255e+04 5.207009e+04
5.770000e-07 5.213757e+04 5.211506e+04
5.775000e-07 5.218269e+04 5.216013e+04
5.780000e-07 5.222792e+04 5.220530e+04
5.785000e-07 5.227326e+04 5.225059e+04
5.790000e-07 5.231870e+04 5.229598e+04
5.795000e-07 5.236425e+04 5.234148e+04
5.800000e-07 5.240991e+04 5.238708e+04
5.805000e-07 5.245567e+04 5.243279e+04
5.810000e-07 5.250154e+04 5.247860e+04
5.815000e-07 5.254751e+04 5.252453e+04
5.820000e-07 5.259360e+04 5.257055e+04
5.825000e-07 5.263978e+04 5.261669e+04
5.830000e-07 5.268607e+04 5.266293e+04
5.835000e-07 5.273247e+04 5.270927e+04
5.840000e-07 5.277897e+04 5.275572e+04
5.845000e-07 5.282558e+04 5.280227e+04
5.850000e-07 5.287229e+04 5.284893e+04
5.855000e-07 5.291910e+04 5.289569e+04
5.860000e-07 5.296601e+04 5.294256e+04
5.865000e-07 5.301303e+04 5.298952e+04
5.870000e-07 5.306015e+04 5.303659e+04
5.875000e-07 5.310738e+04 5.308376e+04
5.880000e-07 5.315470e+04 5.313104e+04
5.885000e-07 5.320212e+04 5.317841e+04
5.890000e-07 5.324964e+04 5.322588e+04
5.895000e-07 5.329727e+04 5.327345e+04
5.900000e-07 5.334498e+04 5.332112e+04
5.905000e-07 5.339280e+04 5.336889e+04
5.910000e-07 5.344071e+04 5.341676e+04
5.915000e-07 5.348872e+04 5.346472e+04
5.920000e-07 5.353682e+04 5.351277e+04
5.925000e-07 5.358502e+04 5.356092e+04
5.930000e-07 5.363330e+04 5.360916e+04
5.935000e-07 5.368168e+04 5.365749e+04
5.940000e-07 5.373015e+04 5.370591e+04
5.945000e-07 5.377870e+04 5.375442e+04
5.950000e-07 5.382734e+04 5.380302e+04
5.955000e-07 5.387607e+04 5.385170e+04
5.960000e-07 5.392488e+04 5.390047e+04
5.965000e-07 5.397377e+04 5.394932e+04
5.970000e-07 5.402274e+04 5.399825e+04
5.975000e-07 5.407179e+04 5.404726e+04
5.980000e-07 5.412091e+04 5.409635e+04
5.985000e-07 5.417011e+04 5.414551e+04
5.990000e-07 5.421939e+04 5.419475e+04
5.995000e-07 5.426873e+04 5.424406e+04
6.000000e-07 5.431813e+04 5.429343e+04
6.005000e-07 5.436761e+04 5.434287e+04
6.010000e-07 5.441714e+04 5.439238e+04
6.015000e-07 5.446674e+04 5.444194e+04
6.020000e-07 5.451639e+04 5.449156e+04
6.025000e-07 5.456610e+04 5.454124e+04
6.030000e-07 5.461585e+04 5.459097e+04
6.035000e-07 5.466565e+04 5.464075e+04
6.040000e-07 5.471550e+04 5.469058e+04
6.045000e-07 5.476539e+04 5.474044e+04
6.050000e-07 5.481531e+04 5.479035e+04
6.055000e-07 5.486527e+04 5.484029e+04
6.060000e-07 5.491525e+04 5.489026e+04
6.065000e-07 5.496526e+04 5.494025e+04
6.070000e-07 5.501529e+04 5.499027e+04
6.075000e-07 5.506533e+04 5.504031e+04
6.080000e-07 5.511538e+04 5.509035e+04
6.085000e-07 5.516544e+04 5.514041e+04
6.090000e-07 5.521549e+04 5.519047e+04
6.095000e-07 5.526555e+04 5.524052e+04
6.100000e-07 5.531558e+04 5.529057e+04
6.105000e-07 5.536561e+04 5.534060e+04
6.110000e-07 5.541560e+04 5.539060e+04
6.115000e-07 5.546557e+04 5.544059e+04
6.120000e-07 5.551550e+04 5.549053e+04
6.125000e-07 5.556538e+04 5.554044e+04
6.130000e-07 5.561521e+04 5.559030e+04
6.135000e-07 5.566499e+04 5.564010e+04
6.140000e-07 5.571469e+04 5.568984e+04
6.145000e-07 5.576432e+04 5.573951e+04
6.150000e-07 5.581386e+04 5.578909e+04
6.155000e-07 5.586331e+04 5.583859e+04
6.160000e-07 5.591266e+04 5.588798e+04
6.165000e-07 5.596189e+04 5.593727e+04
6.170000e-07 5.601100e+04 5.598644e+04
6.175000e-07 5.605997e+04 5.603548e+04
6.180000e-07 5.610880e+04 5.608438e+04
6.185000e-07 5.615747e+04 5.613313e+04
6.190000e-07 5.620597e+04 5.618172e+04
6.195000e-07 5.625429e+04 5.623013e+04
6.200000e-07 5.630241e+04 5.627835e+04
6.205000e-07 5.635033e+04 5.632637e+04
6.210000e-07 5.639802e+04 5.637418e+04
6.215000e-07 5.644548e+04 5.642175e+04
6.220000e-07 5.649269e+04 5.646908e+04
6.225000e-07 5.653962e+04 5.651615e+04
6.230000e-07 5.658627e+04 5.656295e+04
6.235000e-07 5.663262e+04 5.660945e+04
6.240000e-07 5.667865e+04 5.665563e+04
6.245000e-07 5.672434e+04 5.670149e+04
6.250000e-07 5.676967e+04 5.674701e+04
6.255000e-07 5.681463e+04 5.679215e+04
6.260000e-07 5.685918e+04 5.683691e+04
6.265000e-07 5.690332e+04 5.688125e+04
6.270000e-07 5.694701e+04 5.692517e+04
6.275000e-07 5.699024e+04 5.696863e+04
6.280000e-07 5.703298e+04 5.701161e+04
6.285000e-07 5.707520e+04 5.705409e+04
6.290000e-07 5.711688e+04 5.709604e+04
6.295000e-07 5.715799e+04 5.713744e+04
6.300000e-07 5.719851e+04 5.717825e+04
6.305000e-07 5.723840e+04 5.721845e+04
6.310000e-07 5.727763e+04 5.725801e+04
6.315000e-07 5.731617e+04 5.729690e+04
6.320000e-07 5.735400e+04 5.733508e+04
6.325000e-07 5.739106e+04 5.737253e+04
6.330000e-07 5.742734e+04 5.740920e+04
6.335000e-07 5.746279e+04 5.744506e+04
6.340000e-07 5.749737e+04 5.748008e+04
6.345000e-07 5.753105e+04 5.751421e+04
6.350000e-07 5.756378e+04 5.754741e+04
6.355000e-07 5.759552e+04 5.757965e+04
6.360000e-07 5.762623e+04 5.761087e+04
6.365000e-07 5.765586e+04 5.764104e+04
6.370000e-07 5.768436e+04 5.767011e+04
6.375000e-07 5.771168e+04 5.769802e+04
6.380000e-07 5.773778e+04 5.772473e+04
6.385000e-07 5.776259e+04 5.775019e+04
6.390000e-07 5.778607e+04 5.777433e+04
6.395000e-07 5.780816e+04 5.779711e+04
6.400000e-07 5.782879e+04 5.781847e+04
6.405000e-07 5.784790e+04 5.783834e+04
6.410000e-07 5.786543e+04 5.785667e+04
6.415000e-07 5.788132e+04 5.787338e+04
6.420000e-07 5.789549e+04 5.788841e+04
6.425000e-07 5.790788e+04 5.790169e+04
6.430000e-07 5.791840e+04 5.791314e+04
6.435000e-07 5.792699e+04 5.792270e+04
6.440000e-07 5.793355e+04 5.793027e+04
6.445000e-07 5.793802e+04 5.793579e+04
6.450000e-07 5.794030e+04 5.793916e+04
6.455000e-07 5.794030e+04 5.793916e+04
