0.000000e+00 5.858472e+13 1.000554e+17
5.000000e-08 5.858472e+13 1.000554e+17
1.000000e-07 1.171039e+14 1.001109e+17
1.500000e-07 1.755575e+14 1.001665e+17
2.000000e-07 2.339458e+14 1.002221e+17
2.500000e-07 2.922688e+14 1.002778e+17
3.000000e-07 3.505266e+14 1.003335e+17
3.500000e-07 4.087194e+14 1.003892e+17
4.000000e-07 4.668471e+14 1.004449e+17
4.500000e-07 5.249101e+14 1.005007e+17
5.000000e-07 5.829083e+14 1.005566e+17
5.500000e-07 6.408419e+14 1.006124e+17
6.000000e-07 6.987111e+14 1.006683e+17
6.500000e-07 7.565160e+14 1.007242e+17
7.000000e-07 8.142568e+14 1.007801e+17
7.500000e-07 8.719335e+14 1.008360e+17
8.000000e-07 9.295464e+14 1.008919e+17
8.500000e-07 9.870955e+14 1.009478e+17
9.000000e-07 1.044581e+15 1.010038e+17
9.500000e-07 1.102003e+15 1.010597e+17
1.000000e-06 1.159362e+15 1.011156e+17
1.050000e-06 1.216658e+15 1.011716e+17
1.100000e-06 1.273891e+15 1.012275e+17
1.150000e-06 1.331062e+15 1.012834e+17
1.200000e-06 1.388170e+15 1.013393e+17
1.250000e-06 1.445215e+15 1.013952e+17
1.300000e-06 1.502198e+15 1.014511e+17
1.350000e-06 1.559119e+15 1.015070e+17
1.400000e-06 1.615979e+15 1.015629e+17
1.450000e-06 1.672776e+15 1.016187e+17
1.500000e-06 1.729512e+15 1.016746e+17
1.550000e-06 1.786187e+15 1.017304e+17
1.600000e-06 1.842801e+15 1.017862e+17
1.650000e-06 1.899353e+15 1.018419e+17
1.700000e-06 1.955845e+15 1.018977e+17
1.750000e-06 2.012277e+15 1.019534e+17
1.800000e-06 2.068648e+15 1.020091e+17
1.850000e-06 2.124958e+15 1.020648e+17
1.900000e-06 2.181209e+15 1.021204e+17
1.950000e-06 2.237400e+15 1.021761e+17
2.000000e-06 2.293531e+15 1.022316e+17
2.050000e-06 2.349603e+15 1.022872e+17
2.100000e-06 2.405615e+15 1.023427e+17
2.150000e-06 2.461568e+15 1.023982e+17
2.200000e-06 2.517462e+15 1.024537e+17
2.250000e-06 2.573298e+15 1.025091e+17
2.300000e-06 2.629075e+15 1.025645e+17
2.350000e-06 2.684793e+15 1.026198e+17
2.400000e-06 2.740454e+15 1.026751e+17
2.450000e-06 2.796056e+15 1.027304e+17
2.500000e-06 2.851601e+15 1.027857e+17
2.550000e-06 2.907087e+15 1.028409e+17
2.600000e-06 2.962517e+15 1.028960e+17
2.650000e-06 3.017889e+15 1.029512e+17
2.700000e-06 3.073204e+15 1.030062e+17
2.750000e-06 3.128462e+15 1.030613e+17
2.800000e-06 3.183663e+15 1.031163e+17
2.850000e-06 3.238807e+15 1.031713e+17
2.900000e-06 3.293895e+15 1.032262e+17
2.950000e-06 3.348927e+15 1.032811e+17
3.000000e-06 3.403903e+15 1.033359e+17
3.050000e-06 3.458823e+15 1.033907e+17
3.100000e-06 3.513688e+15 1.034454e+17
3.150000e-06 3.568496e+15 1.035001e+17
3.200000e-06 3.623250e+15 1.035548e+17
3.250000e-06 3.677948e+15 1.036094e+17
3.300000e-06 3.732591e+15 1.036640e+17
3.350000e-06 3.787180e+15 1.037185e+17
3.400000e-06 3.841713e+15 1.037730e+17
3.450000e-06 3.896193e+15 1.038275e+17
3.500000e-06 3.950618e+15 1.038819e+17
3.550000e-06 4.004988e+15 1.039362e+17
3.600000e-06 4.059305e+15 1.039905e+17
3.650000e-06 4.113568e+15 1.040448e+17
3.700000e-06 4.167777e+15 1.040990e+17
3.750000e-06 4.221933e+15 1.041531e+17
3.800000e-06 4.276035e+15 1.042073e+17
3.850000e-06 4.330085e+15 1.042613e+17
3.900000e-06 4.384081e+15 1.043154e+17
3.950000e-06 4.438024e+15 1.043693e+17
4.000000e-06 4.491915e+15 1.044233e+17
4.050000e-06 4.545753e+15 1.044772e+17
4.100000e-06 4.599539e+15 1.045310e+17
4.150000e-06 4.653273e+15 1.045848e+17
4.200000e-06 4.706954e+15 1.046385e+17
4.250000e-06 4.760584e+15 1.046922e+17
4.300000e-06 4.814162e+15 1.047459e+17
4.350000e-06 4.867689e+15 1.047995e+17
4.400000e-06 4.921164e+15 1.048530e+17
4.450000e-06 4.974587e+15 1.049066e+17
4.500000e-06 5.027960e+15 1.049600e+17
4.550000e-06 5.081282e+15 1.050134e+17
4.600000e-06 5.134552e+15 1.050668e+17
4.650000e-06 5.187773e+15 1.051201e+17
4.700000e-06 5.240942e+15 1.051734e+17
4.750000e-06 5.294062e+15 1.052266e+17
4.800000e-06 5.347131e+15 1.052798e+17
4.850000e-06 5.400150e+15 1.053329e+17
4.900000e-06 5.453119e+15 1.053860e+17
4.950000e-06 5.506038e+15 1.054390e+17
5.000000e-06 5.558908e+15 1.054920e+17
5.050000e-06 5.611728e+15 1.055450e+17
5.100000e-06 5.664499e+15 1.055979e+17
5.150000e-06 5.717221e+15 1.056507e+17
5.200000e-06 5.769894e+15 1.057035e+17
5.250000e-06 5.822518e+15 1.057563e+17
5.300000e-06 5.875093e+15 1.058090e+17
5.350000e-06 5.927619e+15 1.058616e+17
5.400000e-06 5.980097e+15 1.059142e+17
5.450000e-06 6.032527e+15 1.059668e+17
5.500000e-06 6.084908e+15 1.060193e+17
5.550000e-06 6.137241e+15 1.060718e+17
5.600000e-06 6.189527e+15 1.061242e+17
5.650000e-06 6.241764e+15 1.061766e+17
5.700000e-06 6.293954e+15 1.062289e+17
5.750000e-06 6.346097e+15 1.062812e+17
5.800000e-06 6.398192e+15 1.063334e+17
5.850000e-06 6.450240e+15 1.063856e+17
5.900000e-06 6.502240e+15 1.064378e+17
5.950000e-06 6.554194e+15 1.064899e+17
6.000000e-06 6.606101e+15 1.065419e+17
6.050000e-06 6.657961e+15 1.065939e+17
6.100000e-06 6.709774e+15 1.066459e+17
6.150000e-06 6.761541e+15 1.066978e+17
6.200000e-06 6.813262e+15 1.067497e+17
6.250000e-06 6.864936e+15 1.068015e+17
6.300000e-06 6.916565e+15 1.068533e+17
6.350000e-06 6.968147e+15 1.069050e+17
6.400000e-06 7.019684e+15 1.069567e+17
6.450000e-06 7.071175e+15 1.070083e+17
6.500000e-06 7.122620e+15 1.070599e+17
6.550000e-06 7.174020e+15 1.071115e+17
6.600000e-06 7.225375e+15 1.071630e+17
6.650000e-06 7.276684e+15 1.072144e+17
6.700000e-06 7.327948e+15 1.072658e+17
6.750000e-06 7.379167e+15 1.073172e+17
6.800000e-06 7.430342e+15 1.073685e+17
6.850000e-06 7.481472e+15 1.074198e+17
6.900000e-06 7.532557e+15 1.074710e+17
6.950000e-06 7.583597e+15 1.075222e+17
7.000000e-06 7.634594e+15 1.075734e+17
7.050000e-06 7.685546e+15 1.076245e+17
7.100000e-06 7.736454e+15 1.076755e+17
7.150000e-06 7.787318e+15 1.077265e+17
7.200000e-06 7.838138e+15 1.077775e+17
7.250000e-06 7.888914e+15 1.078284e+17
7.300000e-06 7.939647e+15 1.078793e+17
7.350000e-06 7.990336e+15 1.079302e+17
7.400000e-06 8.040981e+15 1.079809e+17
7.450000e-06 8.091584e+15 1.080317e+17
7.500000e-06 8.142143e+15 1.080824e+17
7.550000e-06 8.192659e+15 1.081331e+17
7.600000e-06 8.243132e+15 1.081837e+17
7.650000e-06 8.293562e+15 1.082343e+17
7.700000e-06 8.343950e+15 1.082848e+17
7.750000e-06 8.394295e+15 1.083353e+17
7.800000e-06 8.444597e+15 1.083857e+17
7.850000e-06 8.494857e+15 1.084361e+17
7.900000e-06 8.545075e+15 1.084865e+17
7.950000e-06 8.595250e+15 1.085368e+17
8.000000e-06 8.645384e+15 1.085871e+17
8.050000e-06 8.695475e+15 1.086373e+17
8.100000e-06 8.745525e+15 1.086875e+17
8.150000e-06 8.795532e+15 1.087377e+17
8.200000e-06 8.845499e+15 1.087878e+17
8.250000e-06 8.895423e+15 1.088379e+17
8.300000e-06 8.945306e+15 1.088879e+17
8.350000e-06 8.995148e+15 1.089379e+17
8.400000e-06 9.044949e+15 1.089878e+17
8.450000e-06 9.094708e+15 1.090377e+17
8.500000e-06 9.144427e+15 1.090876e+17
8.550000e-06 9.194104e+15 1.091374e+17
8.600000e-06 9.243741e+15 1.091872e+17
8.650000e-06 9.293337e+15 1.092369e+17
8.700000e-06 9.342892e+15 1.092866e+17
8.750000e-06 9.392407e+15 1.093362e+17
8.800000e-06 9.441881e+15 1.093859e+17
8.850000e-06 9.491316e+15 1.094354e+17
8.900000e-06 9.540710e+15 1.094850e+17
8.950000e-06 9.590063e+15 1.095344e+17
9.000000e-06 9.639377e+15 1.095839e+17
9.050000e-06 9.688651e+15 1.096333e+17
9.100000e-06 9.737885e+15 1.096827e+17
9.150000e-06 9.787080e+15 1.097320e+17
9.200000e-06 9.836235e+15 1.097813e+17
9.250000e-06 9.885350e+15 1.098305e+17
9.300000e-06 9.934426e+15 1.098798e+17
9.350000e-06 9.983463e+15 1.099289e+17
9.400000e-06 1.003246e+16 1.099781e+17
9.450000e-06 1.008142e+16 1.100271e+17
9.500000e-06 1.013034e+16 1.100762e+17
9.550000e-06 1.017922e+16 1.101252e+17
9.600000e-06 1.022806e+16 1.101742e+17
9.650000e-06 1.027686e+16 1.102231e+17
9.700000e-06 1.032563e+16 1.102720e+17
9.750000e-06 1.037435e+16 1.103209e+17
9.800000e-06 1.042304e+16 1.103697e+17
9.850000e-06 1.047169e+16 1.104184e+17
9.900000e-06 1.052030e+16 1.104672e+17
9.950000e-06 1.056887e+16 1.105159e+17
1.000000e-05 1.061740e+16 1.105645e+17
1.005000e-05 1.066590e+16 1.106132e+17
1.010000e-05 1.071436e+16 1.106618e+17
1.015000e-05 1.076278e+16 1.107103e+17
1.020000e-05 1.081116e+16 1.107588e+17
1.025000e-05 1.085951e+16 1.108073e+17
1.030000e-05 1.090781e+16 1.108557e+17
1.035000e-05 1.095608e+16 1.109041e+17
1.040000e-05 1.100432e+16 1.109525e+17
1.045000e-05 1.105251e+16 1.110008e+17
1.050000e-05 1.110067e+16 1.110491e+17
1.055000e-05 1.114879e+16 1.110973e+17
1.060000e-05 1.119688e+16 1.111455e+17
1.065000e-05 1.124492e+16 1.111937e+17
1.070000e-05 1.129293e+16 1.112418e+17
1.075000e-05 1.134091e+16 1.112899e+17
1.080000e-05 1.138884e+16 1.113380e+17
1.085000e-05 1.143674e+16 1.113860e+17
1.090000e-05 1.148461e+16 1.114340e+17
1.095000e-05 1.153243e+16 1.114819e+17
1.100000e-05 1.158023e+16 1.115298e+17
1.105000e-05 1.162798e+16 1.115777e+17
1.110000e-05 1.167570e+16 1.116255e+17
1.115000e-05 1.172338e+16 1.116733e+17
1.120000e-05 1.177103e+16 1.117211e+17
1.125000e-05 1.181864e+16 1.117688e+17
1.130000e-05 1.186621e+16 1.118165e+17
1.135000e-05 1.191375e+16 1.118641e+17
1.140000e-05 1.196126e+16 1.119118e+17
1.145000e-05 1.200872e+16 1.119593e+17
1.150000e-05 1.205616e+16 1.120069e+17
1.155000e-05 1.210355e+16 1.120544e+17
1.160000e-05 1.215091e+16 1.121019e+17
1.165000e-05 1.219824e+16 1.121493e+17
1.170000e-05 1.224553e+16 1.121967e+17
1.175000e-05 1.229279e+16 1.122441e+17
1.180000e-05 1.234001e+16 1.122914e+17
1.185000e-05 1.238719e+16 1.123387e+17
1.190000e-05 1.243434e+16 1.123860e+17
1.195000e-05 1.248146e+16 1.124332e+17
1.200000e-05 1.252854e+16 1.124804e+17
1.205000e-05 1.257559e+16 1.125275e+17
1.210000e-05 1.262260e+16 1.125747e+17
1.215000e-05 1.266958e+16 1.126217e+17
1.220000e-05 1.271652e+16 1.126688e+17
1.225000e-05 1.276343e+16 1.127158e+17
1.230000e-05 1.281031e+16 1.127628e+17
1.235000e-05 1.285715e+16 1.128097e+17
1.240000e-05 1.290396e+16 1.128567e+17
1.245000e-05 1.295073e+16 1.129035e+17
1.250000e-05 1.299747e+16 1.129504e+17
1.255000e-05 1.304417e+16 1.129972e+17
1.260000e-05 1.309084e+16 1.130440e+17
1.265000e-05 1.313748e+16 1.130907e+17
1.270000e-05 1.318409e+16 1.131374e+17
1.275000e-05 1.323066e+16 1.131841e+17
1.280000e-05 1.327719e+16 1.132307e+17
1.285000e-05 1.332370e+16 1.132773e+17
1.290000e-05 1.337017e+16 1.133239e+17
1.295000e-05 1.341660e+16 1.133704e+17
1.300000e-05 1.346301e+16 1.134169e+17
1.305000e-05 1.350938e+16 1.134634e+17
1.310000e-05 1.355571e+16 1.135098e+17
1.315000e-05 1.360202e+16 1.135563e+17
1.320000e-05 1.364829e+16 1.136026e+17
1.325000e-05 1.369453e+16 1.136490e+17
1.330000e-05 1.374074e+16 1.136953e+17
1.335000e-05 1.378691e+16 1.137415e+17
1.340000e-05 1.383305e+16 1.137878e+17
1.345000e-05 1.387916e+16 1.138340e+17
1.350000e-05 1.392523e+16 1.138801e+17
1.355000e-05 1.397128e+16 1.139263e+17
1.360000e-05 1.401729e+16 1.139724e+17
1.365000e-05 1.406327e+16 1.140185e+17
1.370000e-05 1.410921e+16 1.140645e+17
1.375000e-05 1.415513e+16 1.141105e+17
1.380000e-05 1.420101e+16 1.141565e+17
1.385000e-05 1.424686e+16 1.142024e+17
1.390000e-05 1.429268e+16 1.142483e+17
1.395000e-05 1.433846e+16 1.142942e+17
1.400000e-05 1.438422e+16 1.143401e+17
1.405000e-05 1.442994e+16 1.143859e+17
1.410000e-05 1.447563e+16 1.144317e+17
1.415000e-05 1.452129e+16 1.144774e+17
1.420000e-05 1.456692e+16 1.145231e+17
1.425000e-05 1.461252e+16 1.145688e+17
1.430000e-05 1.465808e+16 1.146145e+17
1.435000e-05 1.470362e+16 1.146601e+17
1.440000e-05 1.474912e+16 1.147057e+17
1.445000e-05 1.479459e+16 1.147513e+17
1.450000e-05 1.484003e+16 1.147968e+17
1.455000e-05 1.488544e+16 1.148423e+17
1.460000e-05 1.493082e+16 1.148877e+17
1.465000e-05 1.497617e+16 1.149332e+17
1.470000e-05 1.502149e+16 1.149786e+17
1.475000e-05 1.506677e+16 1.150240e+17
1.480000e-05 1.511203e+16 1.150693e+17
1.485000e-05 1.515725e+16 1.151146e+17
1.490000e-05 1.520245e+16 1.151599e+17
1.495000e-05 1.524761e+16 1.152051e+17
1.500000e-05 1.529274e+16 1.152503e+17
1.505000e-05 1.533785e+16 1.152955e+17
1.510000e-05 1.538292e+16 1.153407e+17
1.515000e-05 1.542796e+16 1.153858e+17
1.520000e-05 1.547297e+16 1.154309e+17
1.525000e-05 1.551795e+16 1.154760e+17
1.530000e-05 1.556291e+16 1.155210e+17
1.535000e-05 1.560783e+16 1.155660e+17
1.540000e-05 1.565272e+16 1.156109e+17
1.545000e-05 1.569758e+16 1.156559e+17
1.550000e-05 1.574241e+16 1.157008e+17
1.555000e-05 1.578722e+16 1.157457e+17
1.560000e-05 1.583199e+16 1.157905e+17
1.565000e-05 1.587673e+16 1.158353e+17
1.570000e-05 1.592144e+16 1.158801e+17
1.575000e-05 1.596613e+16 1.159249e+17
1.580000e-05 1.601078e+16 1.159696e+17
1.585000e-05 1.605541e+16 1.160143e+17
1.590000e-05 1.610000e+16 1.160590e+17
1.595000e-05 1.614457e+16 1.161036e+17
1.600000e-05 1.618911e+16 1.161482e+17
1.605000e-05 1.623362e+16 1.161928e+17
1.610000e-05 1.627809e+16 1.162373e+17
1.615000e-05 1.632254e+16 1.162818e+17
1.620000e-05 1.636697e+16 1.163263e+17
1.625000e-05 1.641136e+16 1.163708e+17
1.630000e-05 1.645572e+16 1.164152e+17
1.635000e-05 1.650006e+16 1.164596e+17
1.640000e-05 1.654436e+16 1.165040e+17
1.645000e-05 1.658864e+16 1.165483e+17
1.650000e-05 1.663289e+16 1.165926e+17
1.655000e-05 1.667711e+16 1.166369e+17
1.660000e-05 1.672130e+16 1.166811e+17
1.665000e-05 1.676546e+16 1.167253e+17
1.670000e-05 1.680960e+16 1.167695e+17
1.675000e-05 1.685371e+16 1.168137e+17
1.680000e-05 1.689778e+16 1.168578e+17
1.685000e-05 1.694184e+16 1.169019e+17
1.690000e-05 1.698586e+16 1.169460e+17
1.695000e-05 1.702985e+16 1.169900e+17
1.700000e-05 1.707382e+16 1.170340e+17
1.705000e-05 1.711776e+16 1.170780e+17
1.710000e-05 1.716167e+16 1.171219e+17
1.715000e-05 1.720555e+16 1.171659e+17
1.720000e-05 1.724941e+16 1.172098e+17
1.725000e-05 1.729324e+16 1.172536e+17
1.730000e-05 1.733704e+16 1.172974e+17
1.735000e-05 1.738081e+16 1.173412e+17
1.740000e-05 1.742455e+16 1.173850e+17
1.745000e-05 1.746827e+16 1.174288e+17
1.750000e-05 1.751196e+16 1.174725e+17
1.755000e-05 1.755563e+16 1.175161e+17
1.760000e-05 1.759926e+16 1.175598e+17
1.765000e-05 1.764287e+16 1.176034e+17
1.770000e-05 1.768646e+16 1.176470e+17
1.775000e-05 1.773001e+16 1.176906e+17
1.780000e-05 1.777354e+16 1.177341e+17
1.785000e-05 1.781704e+16 1.177776e+17
1.790000e-05 1.786052e+16 1.178211e+17
1.795000e-05 1.790397e+16 1.178645e+17
1.800000e-05 1.794739e+16 1.179079e+17
1.805000e-05 1.799078e+16 1.179513e+17
1.810000e-05 1.803415e+16 1.179946e+17
1.815000e-05 1.807750e+16 1.180379e+17
1.820000e-05 1.812081e+16 1.180812e+17
1.825000e-05 1.816410e+16 1.181245e+17
1.830000e-05 1.820737e+16 1.181677e+17
1.835000e-05 1.825061e+16 1.182109e+17
1.840000e-05 1.829382e+16 1.182540e+17
1.845000e-05 1.833701e+16 1.182972e+17
1.850000e-05 1.838017e+16 1.183403e+17
1.855000e-05 1.842330e+16 1.183833e+17
1.860000e-05 1.846641e+16 1.184263e+17
1.865000e-05 1.850950e+16 1.184693e+17
1.870000e-05 1.855255e+16 1.185123e+17
1.875000e-05 1.859559e+16 1.185552e+17
1.880000e-05 1.863860e+16 1.185981e+17
1.885000e-05 1.868158e+16 1.186410e+17
1.890000e-05 1.872454e+16 1.186838e+17
1.895000e-05 1.876747e+16 1.187266e+17
1.900000e-05 1.881038e+16 1.187694e+17
1.905000e-05 1.885327e+16 1.188121e+17
1.910000e-05 1.889613e+16 1.188548e+17
1.915000e-05 1.893896e+16 1.188975e+17
1.920000e-05 1.898177e+16 1.189401e+17
1.925000e-05 1.902456e+16 1.189827e+17
1.930000e-05 1.906732e+16 1.190252e+17
1.935000e-05 1.911006e+16 1.190677e+17
1.940000e-05 1.915278e+16 1.191102e+17
1.945000e-05 1.919547e+16 1.191526e+17
1.950000e-05 1.923814e+16 1.191950e+17
1.955000e-05 1.928078e+16 1.192374e+17
1.960000e-05 1.932340e+16 1.192797e+17
1.965000e-05 1.936600e+16 1.193219e+17
1.970000e-05 1.940858e+16 1.193642e+17
1.975000e-05 1.945113e+16 1.194064e+17
1.980000e-05 1.949366e+16 1.194485e+17
1.985000e-05 1.953617e+16 1.194906e+17
1.990000e-05 1.957866e+16 1.195327e+17
1.995000e-05 1.962112e+16 1.195747e+17
2.000000e-05 1.966356e+16 1.196167e+17
2.005000e-05 1.970598e+16 1.196586e+17
2.010000e-05 1.974838e+16 1.197005e+17
2.015000e-05 1.979076e+16 1.197423e+17
2.020000e-05 1.983312e+16 1.197841e+17
2.025000e-05 1.987546e+16 1.198258e+17
2.030000e-05 1.991777e+16 1.198674e+17
2.035000e-05 1.996007e+16 1.199091e+17
2.040000e-05 2.000235e+16 1.199506e+17
2.045000e-05 2.004461e+16 1.199921e+17
2.050000e-05 2.008684e+16 1.200336e+17
2.055000e-05 2.012906e+16 1.200750e+17
2.060000e-05 2.017126e+16 1.201163e+17
2.065000e-05 2.021345e+16 1.201576e+17
2.070000e-05 2.025561e+16 1.201988e+17
2.075000e-05 2.029776e+16 1.202399e+17
2.080000e-05 2.033989e+16 1.202810e+17
2.085000e-05 2.038200e+16 1.203220e+17
2.090000e-05 2.042410e+16 1.203629e+17
2.095000e-05 2.046618e+16 1.204038e+17
2.100000e-05 2.050825e+16 1.204446e+17
2.105000e-05 2.055030e+16 1.204853e+17
2.110000e-05 2.059233e+16 1.205259e+17
2.115000e-05 2.063435e+16 1.205664e+17
2.120000e-05 2.067636e+16 1.206069e+17
2.125000e-05 2.071836e+16 1.206473e+17
2.130000e-05 2.076034e+16 1.206875e+17
2.135000e-05 2.080231e+16 1.207277e+17
2.140000e-05 2.084427e+16 1.207678e+17
2.145000e-05 2.088622e+16 1.208078e+17
2.150000e-05 2.092817e+16 1.208476e+17
2.155000e-05 2.097010e+16 1.208874e+17
2.160000e-05 2.101202e+16 1.209271e+17
2.165000e-05 2.105394e+16 1.209666e+17
2.170000e-05 2.109585e+16 1.210060e+17
2.175000e-05 2.113775e+16 1.210453e+17
2.180000e-05 2.117965e+16 1.210844e+17
2.185000e-05 2.122155e+16 1.211234e+17
2.190000e-05 2.126344e+16 1.211623e+17
2.195000e-05 2.130533e+16 1.212010e+17
2.200000e-05 2.134722e+16 1.212396e+17
2.205000e-05 2.138911e+16 1.212780e+17
2.210000e-05 2.143100e+16 1.213163e+17
2.215000e-05 2.147290e+16 1.213544e+17
2.220000e-05 2.151480e+16 1.213923e+17
2.225000e-05 2.155670e+16 1.214300e+17
2.230000e-05 2.159862e+16 1.214675e+17
2.235000e-05 2.164054e+16 1.215048e+17
2.240000e-05 2.168247e+16 1.215419e+17
2.245000e-05 2.172441e+16 1.215788e+17
2.250000e-05 2.176637e+16 1.216155e+17
2.255000e-05 2.180835e+16 1.216519e+17
2.260000e-05 2.185034e+16 1.216880e+17
2.265000e-05 2.189235e+16 1.217240e+17
2.270000e-05 2.193438e+16 1.217596e+17
2.275000e-05 2.197644e+16 1.217950e+17
2.280000e-05 2.201852e+16 1.218300e+17
2.285000e-05 2.206063e+16 1.218648e+17
2.290000e-05 2.210277e+16 1.218992e+17
2.295000e-05 2.214495e+16 1.219333e+17
2.300000e-05 2.218716e+16 1.219671e+17
2.305000e-05 2.222941e+16 1.220005e+17
2.310000e-05 2.227171e+16 1.220335e+17
2.315000e-05 2.231405e+16 1.220661e+17
2.320000e-05 2.235644e+16 1.220983e+17
2.325000e-05 2.239888e+16 1.221301e+17
2.330000e-05 2.244138e+16 1.221614e+17
2.335000e-05 2.248395e+16 1.221922e+17
2.340000e-05 2.252657e+16 1.222226e+17
2.345000e-05 2.256927e+16 1.222524e+17
2.350000e-05 2.261204e+16 1.222817e+17
2.355000e-05 2.265488e+16 1.223104e+17
2.360000e-05 2.269782e+16 1.223385e+17
2.365000e-05 2.274084e+16 1.223661e+17
2.370000e-05 2.278395e+16 1.223929e+17
2.375000e-05 2.282716e+16 1.224191e+17
2.380000e-05 2.287048e+16 1.224446e+17
2.385000e-05 2.291392e+16 1.224693e+17
2.390000e-05 2.295747e+16 1.224933e+17
2.395000e-05 2.300115e+16 1.225165e+17
2.400000e-05 2.304496e+16 1.225388e+17
2.405000e-05 2.308891e+16 1.225602e+17
2.410000e-05 2.313302e+16 1.225807e+17
2.415000e-05 2.317728e+16 1.226002e+17
2.420000e-05 2.322170e+16 1.226188e+17
2.425000e-05 2.326631e+16 1.226362e+17
2.430000e-05 2.331110e+16 1.226526e+17
2.435000e-05 2.335608e+16 1.226678e+17
2.440000e-05 2.340128e+16 1.226817e+17
2.445000e-05 2.344669e+16 1.226944e+17
2.450000e-05 2.349233e+16 1.227058e+17
2.455000e-05 2.353822e+16 1.227158e+17
2.460000e-05 2.358436e+16 1.227243e+17
2.465000e-05 2.363077e+16 1.227313e+17
2.470000e-05 2.367747e+16 1.227367e+17
2.475000e-05 2.372447e+16 1.227404e+17
2.480000e-05 2.377178e+16 1.227423e+17
2.485000e-05 2.381943e+16 1.227425e+17
2.490000e-05 2.386743e+16 1.227407e+17
2.495000e-05 2.391580e+16 1.227369e+17
2.500000e-05 2.396455e+16 1.227310e+17
2.505000e-05 2.401372e+16 1.227230e+17
2.510000e-05 2.406331e+16 1.227126e+17
2.515000e-05 2.411337e+16 1.226998e+17
2.520000e-05 2.416389e+16 1.226845e+17
2.525000e-05 2.421492e+16 1.226665e+17
2.530000e-05 2.426648e+16 1.226458e+17
2.535000e-05 2.431860e+16 1.226222e+17
2.540000e-05 2.437130e+16 1.225956e+17
2.545000e-05 2.442462e+16 1.225658e+17
2.550000e-05 2.447859e+16 1.225327e+17
2.555000e-05 2.453324e+16 1.224962e+17
2.560000e-05 2.458860e+16 1.224560e+17
2.565000e-05 2.464472e+16 1.224121e+17
2.570000e-05 2.470164e+16 1.223641e+17
2.575000e-05 2.475939e+16 1.223120e+17
2.580000e-05 2.481802e+16 1.222556e+17
2.585000e-05 2.487758e+16 1.221946e+17
2.590000e-05 2.493811e+16 1.221289e+17
2.595000e-05 2.499966e+16 1.220581e+17
2.600000e-05 2.506229e+16 1.219822e+17
2.605000e-05 2.512605e+16 1.219008e+17
2.610000e-05 2.519101e+16 1.218137e+17
2.615000e-05 2.525721e+16 1.217206e+17
2.620000e-05 2.532474e+16 1.216213e+17
2.625000e-05 2.539366e+16 1.215155e+17
2.630000e-05 2.546404e+16 1.214029e+17
2.635000e-05 2.553595e+16 1.212831e+17
2.640000e-05 2.560949e+16 1.211560e+17
2.645000e-05 2.568473e+16 1.210210e+17
2.650000e-05 2.576176e+16 1.208779e+17
2.655000e-05 2.584068e+16 1.207264e+17
2.660000e-05 2.592158e+16 1.205660e+17
2.665000e-05 2.600458e+16 1.203964e+17
2.670000e-05 2.608978e+16 1.202171e+17
2.675000e-05 2.617730e+16 1.200277e+17
2.680000e-05 2.626726e+16 1.198278e+17
2.685000e-05 2.635979e+16 1.196169e+17
2.690000e-05 2.645504e+16 1.193946e+17
2.695000e-05 2.655314e+16 1.191604e+17
2.700000e-05 2.665425e+16 1.189137e+17
2.705000e-05 2.675853e+16 1.186540e+17
2.710000e-05 2.686615e+16 1.183808e+17
2.715000e-05 2.697730e+16 1.180935e+17
2.720000e-05 2.709216e+16 1.177916e+17
2.725000e-05 2.721094e+16 1.174744e+17
2.730000e-05 2.733385e+16 1.171412e+17
2.735000e-05 2.746112e+16 1.167916e+17
2.740000e-05 2.759299e+16 1.164247e+17
2.745000e-05 2.772971e+16 1.160399e+17
2.750000e-05 2.787156e+16 1.156366e+17
2.755000e-05 2.801883e+16 1.152139e+17
2.760000e-05 2.817180e+16 1.147712e+17
2.765000e-05 2.833082e+16 1.143076e+17
2.770000e-05 2.849621e+16 1.138225e+17
2.775000e-05 2.866835e+16 1.133149e+17
2.780000e-05 2.884763e+16 1.127842e+17
2.785000e-05 2.903444e+16 1.122295e+17
2.790000e-05 2.922924e+16 1.116498e+17
2.795000e-05 2.943248e+16 1.110445e+17
2.800000e-05 2.964467e+16 1.104126e+17
2.805000e-05 2.986633e+16 1.097532e+17
2.810000e-05 3.009802e+16 1.090654e+17
2.815000e-05 3.034036e+16 1.083485e+17
2.820000e-05 3.059398e+16 1.076014e+17
2.825000e-05 3.085957e+16 1.068233e+17
2.830000e-05 3.113787e+16 1.060133e+17
2.835000e-05 3.142966e+16 1.051706e+17
2.840000e-05 3.173579e+16 1.042942e+17
2.845000e-05 3.205715e+16 1.033833e+17
2.850000e-05 3.239473e+16 1.024371e+17
2.855000e-05 3.274956e+16 1.014548e+17
2.860000e-05 3.312276e+16 1.004355e+17
2.865000e-05 3.351553e+16 9.937865e+16
2.870000e-05 3.392917e+16 9.828340e+16
2.875000e-05 3.436508e+16 9.714914e+16
2.880000e-05 3.482475e+16 9.597527e+16
2.885000e-05 3.530983e+16 9.476126e+16
2.890000e-05 3.582205e+16 9.350663e+16
2.895000e-05 3.636334e+16 9.221099e+16
2.900000e-05 3.693575e+16 9.087404e+16
2.905000e-05 3.754151e+16 8.949556e+16
2.910000e-05 3.818305e+16 8.807544e+16
2.915000e-05 3.886301e+16 8.661367e+16
2.920000e-05 3.958427e+16 8.511039e+16
2.925000e-05 4.034995e+16 8.356582e+16
2.930000e-05 4.116348e+16 8.198036e+16
2.935000e-05 4.202858e+16 8.035453e+16
2.940000e-05 4.294936e+16 7.868902e+16
2.945000e-05 4.393030e+16 7.698467e+16
2.950000e-05 4.497631e+16 7.524249e+16
2.955000e-05 4.609282e+16 7.346368e+16
2.960000e-05 4.728578e+16 7.164961e+16
2.965000e-05 4.856178e+16 6.980183e+16
2.970000e-05 4.992810e+16 6.792211e+16
2.975000e-05 5.139278e+16 6.601240e+16
2.980000e-05 5.296478e+16 6.407483e+16
2.985000e-05 5.465402e+16 6.211177e+16
2.990000e-05 5.647157e+16 6.012575e+16
2.995000e-05 5.842979e+16 5.811952e+16
3.000000e-05 7.680975e+19 7.875055e+19
3.005000e-05 7.783577e+19 7.841406e+19
3.010000e-05 7.801618e+19 7.824174e+19
3.015000e-05 7.772268e+19 7.787522e+19
3.020000e-05 7.698300e+19 7.709417e+19
3.025000e-05 7.567903e+19 7.534640e+19
3.030000e-05 6.049599e+16 5.580647e+16
3.035000e-05 6.043872e+16 5.585680e+16
3.040000e-05 6.038557e+16 5.590351e+16
3.045000e-05 6.033644e+16 5.594669e+16
3.050000e-05 6.029124e+16 5.598638e+16
3.055000e-05 6.024988e+16 5.602265e+16
3.060000e-05 6.021228e+16 5.605555e+16
3.065000e-05 6.017837e+16 5.608513e+16
3.070000e-05 6.014809e+16 5.611143e+16
3.075000e-05 6.012137e+16 5.613449e+16
3.080000e-05 6.009816e+16 5.615434e+16
3.085000e-05 6.007843e+16 5.617100e+16
3.090000e-05 6.006212e+16 5.618452e+16
3.095000e-05 6.004922e+16 5.619489e+16
3.100000e-05 6.003969e+16 5.620214e+16
3.105000e-05 6.003351e+16 5.620628e+16
3.110000e-05 6.003067e+16 5.620731e+16
3.115000e-05 6.003117e+16 5.620522e+16
3.120000e-05 6.003500e+16 5.620003e+16
3.125000e-05 6.004216e+16 5.619170e+16
3.130000e-05 6.005268e+16 5.618024e+16
3.135000e-05 6.006656e+16 5.616563e+16
3.140000e-05 6.008384e+16 5.614783e+16
3.145000e-05 6.010454e+16 5.612682e+16
3.150000e-05 6.012869e+16 5.610256e+16
3.155000e-05 6.015635e+16 5.607502e+16
3.160000e-05 6.018756e+16 5.604416e+16
3.165000e-05 6.022237e+16 5.600993e+16
3.170000e-05 6.026086e+16 5.597227e+16
3.175000e-05 6.030308e+16 5.593112e+16
3.180000e-05 6.034913e+16 5.588643e+16
3.185000e-05 6.039908e+16 5.583811e+16
3.190000e-05 6.045302e+16 5.578611e+16
3.195000e-05 6.051106e+16 5.573033e+16
3.200000e-05 6.057331e+16 5.567067e+16
3.205000e-05 6.063987e+16 5.560703e+16
3.210000e-05 6.071088e+16 5.553932e+16
3.215000e-05 6.078646e+16 5.546744e+16
3.220000e-05 6.086677e+16 5.539129e+16
3.225000e-05 6.095195e+16 5.531074e+16
3.230000e-05 7.744350e+19 7.754829e+19
3.235000e-05 7.779863e+19 7.789134e+19
3.240000e-05 7.780300e+19 7.789569e+19
3.245000e-05 7.747170e+19 7.756896e+19
3.250000e-05 7.675237e+19 7.677195e+19
3.255000e-05 7.556173e+19 7.492026e+19
3.260000e-05 6.073730e+16 5.517357e+16
3.265000e-05 6.102525e+16 5.490928e+16
3.270000e-05 6.131973e+16 5.464110e+16
3.275000e-05 6.162134e+16 5.436865e+16
3.280000e-05 6.193067e+16 5.409155e+16
3.285000e-05 6.224835e+16 5.380942e+16
3.290000e-05 6.257504e+16 5.352187e+16
3.295000e-05 6.291141e+16 5.322852e+16
3.300000e-05 6.325818e+16 5.292899e+16
3.305000e-05 6.361610e+16 5.262289e+16
3.310000e-05 6.398593e+16 5.230983e+16
3.315000e-05 6.436850e+16 5.198944e+16
3.320000e-05 6.476467e+16 5.166132e+16
3.325000e-05 6.517533e+16 5.132510e+16
3.330000e-05 6.560144e+16 5.098039e+16
3.335000e-05 6.604399e+16 5.062680e+16
3.340000e-05 6.650405e+16 5.026396e+16
3.345000e-05 6.698272e+16 4.989147e+16
3.350000e-05 6.748119e+16 4.950897e+16
3.355000e-05 6.800071e+16 4.911607e+16
3.360000e-05 6.854261e+16 4.871240e+16
3.365000e-05 6.910830e+16 4.829760e+16
3.370000e-05 6.969927e+16 4.787128e+16
3.375000e-05 7.031713e+16 4.743311e+16
3.380000e-05 7.096357e+16 4.698271e+16
3.385000e-05 7.164042e+16 4.651975e+16
3.390000e-05 7.234961e+16 4.604389e+16
3.395000e-05 7.309322e+16 4.555480e+16
3.400000e-05 7.387348e+16 4.505217e+16
3.405000e-05 7.469277e+16 4.453569e+16
3.410000e-05 7.555367e+16 4.400507e+16
3.415000e-05 7.645892e+16 4.346006e+16
3.420000e-05 7.741150e+16 4.290038e+16
3.425000e-05 7.841462e+16 4.232582e+16
3.430000e-05 7.947172e+16 4.173615e+16
3.435000e-05 8.058657e+16 4.113120e+16
3.440000e-05 8.176320e+16 4.051080e+16
3.445000e-05 8.300601e+16 3.987483e+16
3.450000e-05 8.431978e+16 3.922318e+16
3.455000e-05 8.570969e+16 3.855579e+16
3.460000e-05 8.718116e+16 3.787278e+16
3.465000e-05 8.861133e+16 3.722841e+16
3.470000e-05 9.000017e+16 3.662000e+16
3.475000e-05 9.134775e+16 3.604513e+16
3.480000e-05 9.265424e+16 3.550156e+16
3.485000e-05 9.391993e+16 3.498722e+16
3.490000e-05 9.514516e+16 3.450019e+16
3.495000e-05 9.633038e+16 3.403871e+16
3.500000e-05 9.747608e+16 3.360115e+16
3.505000e-05 9.858285e+16 3.318600e+16
3.510000e-05 9.965131e+16 3.279185e+16
3.515000e-05 1.006821e+17 3.241741e+16
3.520000e-05 1.016760e+17 3.206147e+16
3.525000e-05 1.026338e+17 3.172290e+16
3.530000e-05 1.035562e+17 3.140066e+16
3.535000e-05 1.044440e+17 3.109377e+16
3.540000e-05 1.052981e+17 3.080133e+16
3.545000e-05 1.061194e+17 3.052249e+16
3.550000e-05 1.069086e+17 3.025646e+16
3.555000e-05 1.076667e+17 3.000250e+16
3.560000e-05 1.083946e+17 2.975992e+16
3.565000e-05 1.090931e+17 2.952807e+16
3.570000e-05 1.097631e+17 2.930634e+16
3.575000e-05 1.104054e+17 2.909418e+16
3.580000e-05 1.110211e+17 2.889104e+16
3.585000e-05 1.116108e+17 2.869643e+16
3.590000e-05 1.121755e+17 2.850988e+16
3.595000e-05 1.127160e+17 2.833095e+16
3.600000e-05 1.132332e+17 2.815922e+16
3.605000e-05 1.137277e+17 2.799431e+16
3.610000e-05 1.142005e+17 2.783585e+16
3.615000e-05 1.146523e+17 2.768349e+16
3.620000e-05 1.150839e+17 2.753691e+16
3.625000e-05 1.154959e+17 2.739580e+16
3.630000e-05 1.158892e+17 2.725987e+16
3.635000e-05 1.162644e+17 2.712886e+16
3.640000e-05 1.166222e+17 2.700250e+16
3.645000e-05 1.169633e+17 2.688055e+16
3.650000e-05 1.172884e+17 2.676279e+16
3.655000e-05 1.175980e+17 2.664900e+16
3.660000e-05 1.178927e+17 2.653896e+16
3.665000e-05 1.181732e+17 2.643250e+16
3.670000e-05 1.184400e+17 2.632942e+16
3.675000e-05 1.186937e+17 2.622956e+16
3.680000e-05 1.189348e+17 2.613275e+16
3.685000e-05 1.191638e+17 2.603883e+16
3.690000e-05 1.193812e+17 2.594766e+16
3.695000e-05 1.195875e+17 2.585910e+16
3.700000e-05 1.197831e+17 2.577303e+16
3.705000e-05 1.199685e+17 2.568930e+16
3.710000e-05 1.201441e+17 2.560781e+16
3.715000e-05 1.203104e+17 2.552845e+16
3.720000e-05 1.204676e+17 2.545110e+16
3.725000e-05 1.206163e+17 2.537567e+16
3.730000e-05 1.207567e+17 2.530206e+16
3.735000e-05 1.208893e+17 2.523018e+16
3.740000e-05 1.210143e+17 2.515995e+16
3.745000e-05 1.211321e+17 2.509128e+16
3.750000e-05 1.212429e+17 2.502410e+16
3.755000e-05 1.213472e+17 2.495833e+16
3.760000e-05 1.214451e+17 2.489391e+16
3.765000e-05 1.215369e+17 2.483076e+16
3.770000e-05 1.216230e+17 2.476882e+16
3.775000e-05 1.217035e+17 2.470804e+16
3.780000e-05 1.217787e+17 2.464835e+16
3.785000e-05 1.218489e+17 2.458971e+16
3.790000e-05 1.219142e+17 2.453206e+16
3.795000e-05 1.219749e+17 2.447535e+16
3.800000e-05 1.220311e+17 2.441952e+16
3.805000e-05 1.220832e+17 2.436453e+16
3.810000e-05 1.221311e+17 2.431034e+16
3.815000e-05 1.221752e+17 2.425691e+16
3.820000e-05 1.222156e+17 2.420419e+16
3.825000e-05 1.222525e+17 2.415216e+16
3.830000e-05 1.222859e+17 2.410078e+16
3.835000e-05 1.223162e+17 2.405002e+16
3.840000e-05 1.223433e+17 2.399985e+16
3.845000e-05 1.223675e+17 2.395024e+16
3.850000e-05 1.223889e+17 2.390115e+16
3.855000e-05 1.224076e+17 2.385258e+16
3.860000e-05 1.224237e+17 2.380448e+16
3.865000e-05 1.224374e+17 2.375684e+16
3.870000e-05 1.224487e+17 2.370963e+16
3.875000e-05 1.224578e+17 2.366284e+16
3.880000e-05 1.224647e+17 2.361644e+16
3.885000e-05 1.224695e+17 2.357040e+16
3.890000e-05 1.224724e+17 2.352472e+16
3.895000e-05 1.224735e+17 2.347938e+16
3.900000e-05 1.224727e+17 2.343436e+16
3.905000e-05 1.224702e+17 2.338964e+16
3.910000e-05 1.224661e+17 2.334520e+16
3.915000e-05 1.224605e+17 2.330104e+16
3.920000e-05 1.224533e+17 2.325713e+16
3.925000e-05 1.224447e+17 2.321348e+16
3.930000e-05 1.224348e+17 2.317005e+16
3.935000e-05 1.224235e+17 2.312685e+16
3.940000e-05 1.224110e+17 2.308385e+16
3.945000e-05 1.223974e+17 2.304105e+16
3.950000e-05 1.223825e+17 2.299844e+16
3.955000e-05 1.223666e+17 2.295601e+16
3.960000e-05 1.223497e+17 2.291375e+16
3.965000e-05 1.223318e+17 2.287165e+16
3.970000e-05 1.223129e+17 2.282970e+16
3.975000e-05 1.222931e+17 2.278789e+16
3.980000e-05 1.222724e+17 2.274622e+16
3.985000e-05 1.222510e+17 2.270468e+16
3.990000e-05 1.222287e+17 2.266326e+16
3.995000e-05 1.222057e+17 2.262195e+16
4.000000e-05 1.221819e+17 2.258075e+16
4.005000e-05 1.221575e+17 2.253965e+16
4.010000e-05 1.221324e+17 2.249865e+16
4.015000e-05 1.221066e+17 2.245774e+16
4.020000e-05 1.220803e+17 2.241691e+16
4.025000e-05 1.220534e+17 2.237616e+16
4.030000e-05 1.220259e+17 2.233549e+16
4.035000e-05 1.219979e+17 2.229489e+16
4.040000e-05 1.219694e+17 2.225436e+16
4.045000e-05 1.219404e+17 2.221389e+16
4.050000e-05 1.219109e+17 2.217348e+16
4.055000e-05 1.218810e+17 2.213312e+16
4.060000e-05 1.218507e+17 2.209281e+16
4.065000e-05 1.218199e+17 2.205255e+16
4.070000e-05 1.217888e+17 2.201234e+16
4.075000e-05 1.217573e+17 2.197216e+16
4.080000e-05 1.217255e+17 2.193203e+16
4.085000e-05 1.216933e+17 2.189193e+16
4.090000e-05 1.216608e+17 2.185186e+16
4.095000e-05 1.216279e+17 2.181182e+16
4.100000e-05 1.215948e+17 2.177181e+16
4.105000e-05 1.215614e+17 2.173183e+16
4.110000e-05 1.215277e+17 2.169187e+16
4.115000e-05 1.214937e+17 2.165193e+16
4.120000e-05 1.214595e+17 2.161200e+16
4.125000e-05 1.214250e+17 2.157210e+16
4.130000e-05 1.213903e+17 2.153221e+16
4.135000e-05 1.213554e+17 2.149233e+16
4.140000e-05 1.213203e+17 2.145247e+16
4.145000e-05 1.212849e+17 2.141261e+16
4.150000e-05 1.212494e+17 2.137277e+16
4.155000e-05 1.212137e+17 2.133293e+16
4.160000e-05 1.211778e+17 2.129310e+16
4.165000e-05 1.211417e+17 2.125327e+16
4.170000e-05 1.211054e+17 2.121344e+16
4.175000e-05 1.210690e+17 2.117362e+16
4.180000e-05 1.210325e+17 2.113379e+16
4.185000e-05 1.209957e+17 2.109397e+16
4.190000e-05 1.209589e+17 2.105415e+16
4.195000e-05 1.209219e+17 2.101432e+16
4.200000e-05 1.208848e+17 2.097449e+16
4.205000e-05 1.208475e+17 2.093465e+16
4.210000e-05 1.208101e+17 2.089481e+16
4.215000e-05 1.207726e+17 2.085496e+16
4.220000e-05 1.207350e+17 2.081511e+16
4.225000e-05 1.206973e+17 2.077525e+16
4.230000e-05 1.206594e+17 2.073538e+16
4.235000e-05 1.206215e+17 2.069550e+16
4.240000e-05 1.205834e+17 2.065561e+16
4.245000e-05 1.205453e+17 2.061571e+16
4.250000e-05 1.205071e+17 2.057580e+16
4.255000e-05 1.204688e+17 2.053587e+16
4.260000e-05 1.204303e+17 2.049594e+16
4.265000e-05 1.203919e+17 2.045599e+16
4.270000e-05 1.203533e+17 2.041603e+16
4.275000e-05 1.203146e+17 2.037606e+16
4.280000e-05 1.202759e+17 2.033607e+16
4.285000e-05 1.202371e+17 2.029606e+16
4.290000e-05 1.201982e+17 2.025604e+16
4.295000e-05 1.201593e+17 2.021601e+16
4.300000e-05 1.201203e+17 2.017596e+16
4.305000e-05 1.200812e+17 2.013589e+16
4.310000e-05 1.200421e+17 2.009581e+16
4.315000e-05 1.200029e+17 2.005571e+16
4.320000e-05 1.199636e+17 2.001559e+16
4.325000e-05 1.199243e+17 1.997546e+16
4.330000e-05 1.198849e+17 1.993530e+16
4.335000e-05 1.198455e+17 1.989513e+16
4.340000e-05 1.198060e+17 1.985494e+16
4.345000e-05 1.197665e+17 1.981473e+16
4.350000e-05 1.197269e+17 1.977450e+16
4.355000e-05 1.196872e+17 1.973426e+16
4.360000e-05 1.196475e+17 1.969399e+16
4.365000e-05 1.196078e+17 1.965370e+16
4.370000e-05 1.195680e+17 1.961339e+16
4.375000e-05 1.195282e+17 1.957307e+16
4.380000e-05 1.194883e+17 1.953272e+16
4.385000e-05 1.194484e+17 1.949235e+16
4.390000e-05 1.194084e+17 1.945196e+16
4.395000e-05 1.193684e+17 1.941155e+16
4.400000e-05 1.193283e+17 1.937112e+16
4.405000e-05 1.192883e+17 1.933066e+16
4.410000e-05 1.192481e+17 1.929019e+16
4.415000e-05 1.192079e+17 1.924969e+16
4.420000e-05 1.191677e+17 1.920917e+16
4.425000e-05 1.191275e+17 1.916863e+16
4.430000e-05 1.190872e+17 1.912806e+16
4.435000e-05 1.190469e+17 1.908748e+16
4.440000e-05 1.190065e+17 1.904687e+16
4.445000e-05 1.189661e+17 1.900624e+16
4.450000e-05 1.189257e+17 1.896559e+16
4.455000e-05 1.188852e+17 1.892491e+16
4.460000e-05 1.188447e+17 1.888421e+16
4.465000e-05 1.188041e+17 1.884349e+16
4.470000e-05 1.187636e+17 1.880274e+16
4.475000e-05 1.187230e+17 1.876197e+16
4.480000e-05 1.186823e+17 1.872118e+16
4.485000e-05 1.186416e+17 1.868036e+16
4.490000e-05 1.186009e+17 1.863952e+16
4.495000e-05 1.185602e+17 1.859865e+16
4.500000e-05 1.185194e+17 1.855777e+16
4.505000e-05 1.184786e+17 1.851685e+16
4.510000e-05 1.184378e+17 1.847592e+16
4.515000e-05 1.183969e+17 1.843496e+16
4.520000e-05 1.183560e+17 1.839397e+16
4.525000e-05 1.183151e+17 1.835296e+16
4.530000e-05 1.182741e+17 1.831193e+16
4.535000e-05 1.182331e+17 1.827087e+16
4.540000e-05 1.181921e+17 1.822979e+16
4.545000e-05 1.181510e+17 1.818868e+16
4.550000e-05 1.181099e+17 1.814755e+16
4.555000e-05 1.180688e+17 1.810639e+16
4.560000e-05 1.180277e+17 1.806521e+16
4.565000e-05 1.179865e+17 1.802400e+16
4.570000e-05 1.179453e+17 1.798277e+16
4.575000e-05 1.179041e+17 1.794151e+16
4.580000e-05 1.178628e+17 1.790023e+16
4.585000e-05 1.178215e+17 1.785892e+16
4.590000e-05 1.177802e+17 1.781759e+16
4.595000e-05 1.177388e+17 1.777623e+16
4.600000e-05 1.176975e+17 1.773484e+16
4.605000e-05 1.176560e+17 1.769343e+16
4.610000e-05 1.176146e+17 1.765200e+16
4.615000e-05 1.175731e+17 1.761054e+16
4.620000e-05 1.175316e+17 1.756905e+16
4.625000e-05 1.174901e+17 1.752754e+16
4.630000e-05 1.174486e+17 1.748600e+16
4.635000e-05 1.174070e+17 1.744443e+16
4.640000e-05 1.173654e+17 1.740284e+16
4.645000e-05 1.173237e+17 1.736122e+16
4.650000e-05 1.172821e+17 1.731958e+16
4.655000e-05 1.172404e+17 1.727791e+16
4.660000e-05 1.171986e+17 1.723622e+16
4.665000e-05 1.171569e+17 1.719449e+16
4.670000e-05 1.171151e+17 1.715274e+16
4.675000e-05 1.170733e+17 1.711097e+16
4.680000e-05 1.170315e+17 1.706917e+16
4.685000e-05 1.169896e+17 1.702734e+16
4.690000e-05 1.169477e+17 1.698548e+16
4.695000e-05 1.169058e+17 1.694360e+16
4.700000e-05 1.168638e+17 1.690169e+16
4.705000e-05 1.168219e+17 1.685976e+16
4.710000e-05 1.167798e+17 1.681780e+16
4.715000e-05 1.167378e+17 1.677581e+16
4.720000e-05 1.166957e+17 1.673379e+16
4.725000e-05 1.166537e+17 1.669175e+16
4.730000e-05 1.166115e+17 1.664968e+16
4.735000e-05 1.165694e+17 1.660758e+16
4.740000e-05 1.165272e+17 1.656546e+16
4.745000e-05 1.164850e+17 1.652330e+16
4.750000e-05 1.164428e+17 1.648112e+16
4.755000e-05 1.164005e+17 1.643892e+16
4.760000e-05 1.163582e+17 1.639668e+16
4.765000e-05 1.163159e+17 1.635442e+16
4.770000e-05 1.162735e+17 1.631213e+16
4.775000e-05 1.162312e+17 1.626981e+16
4.780000e-05 1.161888e+17 1.622747e+16
4.785000e-05 1.161463e+17 1.618510e+16
4.790000e-05 1.161039e+17 1.614270e+16
4.795000e-05 1.160614e+17 1.610027e+16
4.800000e-05 1.160188e+17 1.605781e+16
4.805000e-05 1.159763e+17 1.601533e+16
4.810000e-05 1.159337e+17 1.597281e+16
4.815000e-05 1.158911e+17 1.593027e+16
4.820000e-05 1.158485e+17 1.588770e+16
4.825000e-05 1.158058e+17 1.584511e+16
4.830000e-05 1.157631e+17 1.580248e+16
4.835000e-05 1.157204e+17 1.575983e+16
4.840000e-05 1.156776e+17 1.571715e+16
4.845000e-05 1.156348e+17 1.567444e+16
4.850000e-05 1.155920e+17 1.563170e+16
4.855000e-05 1.155492e+17 1.558893e+16
4.860000e-05 1.155063e+17 1.554613e+16
4.865000e-05 1.154634e+17 1.550331e+16
4.870000e-05 1.154205e+17 1.546046e+16
4.875000e-05 1.153775e+17 1.541757e+16
4.880000e-05 1.153346e+17 1.537466e+16
4.885000e-05 1.152915e+17 1.533172e+16
4.890000e-05 1.152485e+17 1.528875e+16
4.895000e-05 1.152054e+17 1.524575e+16
4.900000e-05 1.151623e+17 1.520273e+16
4.905000e-05 1.151192e+17 1.515967e+16
4.910000e-05 1.150760e+17 1.511658e+16
4.915000e-05 1.150328e+17 1.507347e+16
4.920000e-05 1.149896e+17 1.503032e+16
4.925000e-05 1.149463e+17 1.498715e+16
4.930000e-05 1.149031e+17 1.494395e+16
4.935000e-05 1.148598e+17 1.490071e+16
4.940000e-05 1.148164e+17 1.485745e+16
4.945000e-05 1.147730e+17 1.481416e+16
4.950000e-05 1.147296e+17 1.477084e+16
4.955000e-05 1.146862e+17 1.472748e+16
4.960000e-05 1.146427e+17 1.468410e+16
4.965000e-05 1.145992e+17 1.464069e+16
4.970000e-05 1.145557e+17 1.459725e+16
4.975000e-05 1.145122e+17 1.455378e+16
4.980000e-05 1.144686e+17 1.451028e+16
4.985000e-05 1.144250e+17 1.446675e+16
4.990000e-05 1.143813e+17 1.442318e+16
4.995000e-05 1.143376e+17 1.437959e+16
5.000000e-05 1.142939e+17 1.433597e+16
5.005000e-05 1.142502e+17 1.429232e+16
5.010000e-05 1.142064e+17 1.424863e+16
5.015000e-05 1.141626e+17 1.420492e+16
5.020000e-05 1.141188e+17 1.416117e+16
5.025000e-05 1.140749e+17 1.411740e+16
5.030000e-05 1.140310e+17 1.407359e+16
5.035000e-05 1.139871e+17 1.402976e+16
5.040000e-05 1.139431e+17 1.398589e+16
5.045000e-05 1.138992e+17 1.394199e+16
5.050000e-05 1.138551e+17 1.389806e+16
5.055000e-05 1.138111e+17 1.385410e+16
5.060000e-05 1.137670e+17 1.381011e+16
5.065000e-05 1.137229e+17 1.376608e+16
5.070000e-05 1.136787e+17 1.372203e+16
5.075000e-05 1.136346e+17 1.367795e+16
5.080000e-05 1.135904e+17 1.363383e+16
5.085000e-05 1.135461e+17 1.358968e+16
5.090000e-05 1.135018e+17 1.354550e+16
5.095000e-05 1.134575e+17 1.350129e+16
5.100000e-05 1.134132e+17 1.345705e+16
5.105000e-05 1.133688e+17 1.341277e+16
5.110000e-05 1.133244e+17 1.336847e+16
5.115000e-05 1.132800e+17 1.332413e+16
5.120000e-05 1.132355e+17 1.327976e+16
5.125000e-05 1.131910e+17 1.323536e+16
5.130000e-05 1.131465e+17 1.319092e+16
5.135000e-05 1.131020e+17 1.314645e+16
5.140000e-05 1.130574e+17 1.310196e+16
5.145000e-05 1.130127e+17 1.305743e+16
5.150000e-05 1.129681e+17 1.301286e+16
5.155000e-05 1.129234e+17 1.296827e+16
5.160000e-05 1.128787e+17 1.292364e+16
5.165000e-05 1.128339e+17 1.287898e+16
5.170000e-05 1.127891e+17 1.283429e+16
5.175000e-05 1.127443e+17 1.278956e+16
5.180000e-05 1.126994e+17 1.274480e+16
5.185000e-05 1.126545e+17 1.270001e+16
5.190000e-05 1.126096e+17 1.265519e+16
5.195000e-05 1.125646e+17 1.261033e+16
5.200000e-05 1.125197e+17 1.256544e+16
5.205000e-05 1.124746e+17 1.252051e+16
5.210000e-05 1.124296e+17 1.247556e+16
5.215000e-05 1.123845e+17 1.243057e+16
5.220000e-05 1.123394e+17 1.238555e+16
5.225000e-05 1.122942e+17 1.234049e+16
5.230000e-05 1.122490e+17 1.229540e+16
5.235000e-05 1.122038e+17 1.225028e+16
5.240000e-05 1.121585e+17 1.220512e+16
5.245000e-05 1.121132e+17 1.215993e+16
5.250000e-05 1.120679e+17 1.211470e+16
5.255000e-05 1.120225e+17 1.206944e+16
5.260000e-05 1.119771e+17 1.202415e+16
5.265000e-05 1.119317e+17 1.197883e+16
5.270000e-05 1.118862e+17 1.193347e+16
5.275000e-05 1.118407e+17 1.188807e+16
5.280000e-05 1.117952e+17 1.184264e+16
5.285000e-05 1.117496e+17 1.179718e+16
5.290000e-05 1.117040e+17 1.175168e+16
5.295000e-05 1.116584e+17 1.170615e+16
5.300000e-05 1.116127e+17 1.166058e+16
5.305000e-05 1.115670e+17 1.161498e+16
5.310000e-05 1.115212e+17 1.156935e+16
5.315000e-05 1.114755e+17 1.152368e+16
5.320000e-05 1.114297e+17 1.147797e+16
5.325000e-05 1.113838e+17 1.143223e+16
5.330000e-05 1.113379e+17 1.138645e+16
5.335000e-05 1.112920e+17 1.134064e+16
5.340000e-05 1.112460e+17 1.129480e+16
5.345000e-05 1.112000e+17 1.124892e+16
5.350000e-05 1.111540e+17 1.120300e+16
5.355000e-05 1.111080e+17 1.115705e+16
5.360000e-05 1.110618e+17 1.111106e+16
5.365000e-05 1.110157e+17 1.106504e+16
5.370000e-05 1.109695e+17 1.101898e+16
5.375000e-05 1.109233e+17 1.097289e+16
5.380000e-05 1.108771e+17 1.092676e+16
5.385000e-05 1.108308e+17 1.088059e+16
5.390000e-05 1.107845e+17 1.083439e+16
5.395000e-05 1.107381e+17 1.078815e+16
5.400000e-05 1.106917e+17 1.074188e+16
5.405000e-05 1.106453e+17 1.069557e+16
5.410000e-05 1.105989e+17 1.064922e+16
5.415000e-05 1.105524e+17 1.060284e+16
5.420000e-05 1.105058e+17 1.055642e+16
5.425000e-05 1.104592e+17 1.050997e+16
5.430000e-05 1.104126e+17 1.046347e+16
5.435000e-05 1.103660e+17 1.041694e+16
5.440000e-05 1.103193e+17 1.037038e+16
5.445000e-05 1.102726e+17 1.032378e+16
5.450000e-05 1.102258e+17 1.027714e+16
5.455000e-05 1.101790e+17 1.023046e+16
5.460000e-05 1.101322e+17 1.018374e+16
5.465000e-05 1.100853e+17 1.013699e+16
5.470000e-05 1.100384e+17 1.009020e+16
5.475000e-05 1.099914e+17 1.004338e+16
5.480000e-05 1.099444e+17 9.996514e+15
5.485000e-05 1.098974e+17 9.949613e+15
5.490000e-05 1.098504e+17 9.902673e+15
5.495000e-05 1.098033e+17 9.855696e+15
5.500000e-05 1.097561e+17 9.808682e+15
5.505000e-05 1.097089e+17 9.761629e+15
5.510000e-05 1.096617e+17 9.714538e+15
5.515000e-05 1.096145e+17 9.667409e+15
5.520000e-05 1.095672e+17 9.620242e+15
5.525000e-05 1.095198e+17 9.573036e+15
5.530000e-05 1.094725e+17 9.525792e+15
5.535000e-05 1.094251e+17 9.478509e+15
5.540000e-05 1.093776e+17 9.431188e+15
5.545000e-05 1.093301e+17 9.383828e+15
5.550000e-05 1.092826e+17 9.336429e+15
5.555000e-05 1.092350e+17 9.288992e+15
5.560000e-05 1.091874e+17 9.241515e+15
5.565000e-05 1.091398e+17 9.193999e+15
5.570000e-05 1.090921e+17 9.146444e+15
5.575000e-05 1.090444e+17 9.098850e+15
5.580000e-05 1.089966e+17 9.051216e+15
5.585000e-05 1.089488e+17 9.003543e+15
5.590000e-05 1.089009e+17 8.955831e+15
5.595000e-05 1.088530e+17 8.908078e+15
5.600000e-05 1.088051e+17 8.860286e+15
5.605000e-05 1.087572e+17 8.812454e+15
5.610000e-05 1.087091e+17 8.764582e+15
5.615000e-05 1.086611e+17 8.716670e+15
5.620000e-05 1.086130e+17 8.668717e+15
5.625000e-05 1.085649e+17 8.620725e+15
5.630000e-05 1.085167e+17 8.572692e+15
5.635000e-05 1.084685e+17 8.524618e+15
5.640000e-05 1.084203e+17 8.476504e+15
5.645000e-05 1.083720e+17 8.428349e+15
5.650000e-05 1.083236e+17 8.380154e+15
5.655000e-05 1.082753e+17 8.331918e+15
5.660000e-05 1.082268e+17 8.283640e+15
5.665000e-05 1.081784e+17 8.235322e+15
5.670000e-05 1.081299e+17 8.186962e+15
5.675000e-05 1.080813e+17 8.138561e+15
5.680000e-05 1.080328e+17 8.090118e+15
5.685000e-05 1.079841e+17 8.041634e+15
5.690000e-05 1.079355e+17 7.993109e+15
5.695000e-05 1.078868e+17 7.944542e+15
5.700000e-05 1.078380e+17 7.895932e+15
5.705000e-05 1.077892e+17 7.847281e+15
5.710000e-05 1.077404e+17 7.798588e+15
5.715000e-05 1.076915e+17 7.749853e+15
5.720000e-05 1.076426e+17 7.701075e+15
5.725000e-05 1.075936e+17 7.652255e+15
5.730000e-05 1.075446e+17 7.603393e+15
5.735000e-05 1.074956e+17 7.554488e+15
5.740000e-05 1.074465e+17 7.505540e+15
5.745000e-05 1.073974e+17 7.456549e+15
5.750000e-05 1.073482e+17 7.407515e+15
5.755000e-05 1.072990e+17 7.358439e+15
5.760000e-05 1.072497e+17 7.309319e+15
5.765000e-05 1.072004e+17 7.260156e+15
5.770000e-05 1.071510e+17 7.210949e+15
5.775000e-05 1.071017e+17 7.161699e+15
5.780000e-05 1.070522e+17 7.112406e+15
5.785000e-05 1.070027e+17 7.063068e+15
5.790000e-05 1.069532e+17 7.013687e+15
5.795000e-05 1.069036e+17 6.964262e+15
5.800000e-05 1.068540e+17 6.914792e+15
5.805000e-05 1.068044e+17 6.865279e+15
5.810000e-05 1.067547e+17 6.815721e+15
5.815000e-05 1.067049e+17 6.766119e+15
5.820000e-05 1.066551e+17 6.716472e+15
5.825000e-05 1.066053e+17 6.666780e+15
5.830000e-05 1.065554e+17 6.617044e+15
5.835000e-05 1.065055e+17 6.567263e+15
5.840000e-05 1.064556e+17 6.517436e+15
5.845000e-05 1.064055e+17 6.467565e+15
5.850000e-05 1.063555e+17 6.417648e+15
5.855000e-05 1.063054e+17 6.367685e+15
5.860000e-05 1.062552e+17 6.317678e+15
5.865000e-05 1.062050e+17 6.267624e+15
5.870000e-05 1.061548e+17 6.217525e+15
5.875000e-05 1.061045e+17 6.167379e+15
5.880000e-05 1.060542e+17 6.117188e+15
5.885000e-05 1.060038e+17 6.066951e+15
5.890000e-05 1.059534e+17 6.016667e+15
5.895000e-05 1.059030e+17 5.966336e+15
5.900000e-05 1.058524e+17 5.915960e+15
5.905000e-05 1.058019e+17 5.865536e+15
5.910000e-05 1.057513e+17 5.815066e+15
5.915000e-05 1.057007e+17 5.764548e+15
5.920000e-05 1.056500e+17 5.713984e+15
5.925000e-05 1.055992e+17 5.663372e+15
5.930000e-05 1.055484e+17 5.612713e+15
5.935000e-05 1.054976e+17 5.562007e+15
5.940000e-05 1.054467e+17 5.511253e+15
5.945000e-05 1.053958e+17 5.460451e+15
5.950000e-05 1.053449e+17 5.409601e+15
5.955000e-05 1.052938e+17 5.358703e+15
5.960000e-05 1.052428e+17 5.307757e+15
5.965000e-05 1.051917e+17 5.256763e+15
5.970000e-05 1.051405e+17 5.205720e+15
5.975000e-05 1.050893e+17 5.154629e+15
5.980000e-05 1.050381e+17 5.103488e+15
5.985000e-05 1.049868e+17 5.052299e+15
5.990000e-05 1.049355e+17 5.001061e+15
5.995000e-05 1.048841e+17 4.949774e+15
6.000000e-05 1.048327e+17 4.898438e+15
6.005000e-05 1.047812e+17 4.847052e+15
6.010000e-05 1.047297e+17 4.795616e+15
6.015000e-05 1.046781e+17 4.744131e+15
6.020000e-05 1.046265e+17 4.692596e+15
6.025000e-05 1.045748e+17 4.641011e+15
6.030000e-05 1.045231e+17 4.589376e+15
6.035000e-05 1.044714e+17 4.537690e+15
6.040000e-05 1.044196e+17 4.485954e+15
6.045000e-05 1.043678e+17 4.434167e+15
6.050000e-05 1.043159e+17 4.382329e+15
6.055000e-05 1.042639e+17 4.330441e+15
6.060000e-05 1.042120e+17 4.278501e+15
6.065000e-05 1.041599e+17 4.226511e+15
6.070000e-05 1.041079e+17 4.174469e+15
6.075000e-05 1.040558e+17 4.122375e+15
6.080000e-05 1.040036e+17 4.070230e+15
6.085000e-05 1.039514e+17 4.018032e+15
6.090000e-05 1.038991e+17 3.965783e+15
6.095000e-05 1.038469e+17 3.913482e+15
6.100000e-05 1.037945e+17 3.861128e+15
6.105000e-05 1.037421e+17 3.808722e+15
6.110000e-05 1.036897e+17 3.756263e+15
6.115000e-05 1.036372e+17 3.703751e+15
6.120000e-05 1.035847e+17 3.651187e+15
6.125000e-05 1.035322e+17 3.598569e+15
6.130000e-05 1.034796e+17 3.545898e+15
6.135000e-05 1.034269e+17 3.493174e+15
6.140000e-05 1.033742e+17 3.440396e+15
6.145000e-05 1.033215e+17 3.387564e+15
6.150000e-05 1.032687e+17 3.334679e+15
6.155000e-05 1.032159e+17 3.281739e+15
6.160000e-05 1.031631e+17 3.228745e+15
6.165000e-05 1.031102e+17 3.175696e+15
6.170000e-05 1.030572e+17 3.122593e+15
6.175000e-05 1.030042e+17 3.069435e+15
6.180000e-05 1.029512e+17 3.016223e+15
6.185000e-05 1.028982e+17 2.962955e+15
6.190000e-05 1.028451e+17 2.909632e+15
6.195000e-05 1.027919e+17 2.856253e+15
6.200000e-05 1.027387e+17 2.802819e+15
6.205000e-05 1.026855e+17 2.749329e+15
6.210000e-05 1.026323e+17 2.695783e+15
6.215000e-05 1.025790e+17 2.642181e+15
6.220000e-05 1.025257e+17 2.588523e+15
6.225000e-05 1.024723e+17 2.534808e+15
6.230000e-05 1.024189e+17 2.481037e+15
6.235000e-05 1.023655e+17 2.427209e+15
6.240000e-05 1.023120e+17 2.373324e+15
6.245000e-05 1.022585e+17 2.319381e+15
6.250000e-05 1.022050e+17 2.265382e+15
6.255000e-05 1.021515e+17 2.211325e+15
6.260000e-05 1.020979e+17 2.157210e+15
6.265000e-05 1.020443e+17 2.103037e+15
6.270000e-05 1.019906e+17 2.048807e+15
6.275000e-05 1.019370e+17 1.994518e+15
6.280000e-05 1.018833e+17 1.940171e+15
6.285000e-05 1.018295e+17 1.885765e+15
6.290000e-05 1.017758e+17 1.831301e+15
6.295000e-05 1.017220e+17 1.776777e+15
6.300000e-05 1.016683e+17 1.722195e+15
6.305000e-05 1.016144e+17 1.667554e+15
6.310000e-05 1.015606e+17 1.612853e+15
6.315000e-05 1.015068e+17 1.558092e+15
6.320000e-05 1.014529e+17 1.503272e+15
6.325000e-05 1.013990e+17 1.448392e+15
6.330000e-05 1.013452e+17 1.393452e+15
6.335000e-05 1.012913e+17 1.338452e+15
6.340000e-05 1.012373e+17 1.283392e+15
6.345000e-05 1.011834e+17 1.228270e+15
6.350000e-05 1.011295e+17 1.173089e+15
6.355000e-05 1.010756e+17 1.117846e+15
6.360000e-05 1.010217e+17 1.062542e+15
6.365000e-05 1.009677e+17 1.007178e+15
6.370000e-05 1.009138e+17 9.517514e+14
6.375000e-05 1.008599e+17 8.962639e+14
6.380000e-05 1.008060e+17 8.407148e+14
6.385000e-05 1.007521e+17 7.851039e+14
6.390000e-05 1.006982e+17 7.294312e+14
6.395000e-05 1.006443e+17 6.736965e+14
6.400000e-05 1.005904e+17 6.178997e+14
6.405000e-05 1.005366e+17 5.620405e+14
6.410000e-05 1.004828e+17 5.061190e+14
6.415000e-05 1.004290e+17 4.501350e+14
6.420000e-05 1.003752e+17 3.940884e+14
6.425000e-05 1.003215e+17 3.379790e+14
6.430000e-05 1.002678e+17 2.818068e+14
6.435000e-05 1.002141e+17 2.255717e+14
6.440000e-05 1.001605e+17 1.692735e+14
6.445000e-05 1.001070e+17 1.129122e+14
6.450000e-05 1.000535e+17 5.648774e+13
6.455000e-05 1.000535e+17 5.648774e+13
