0.000000e+00 5.679747e-02 -1.761113e+00
5.000000e-08 5.679747e-02 -1.761113e+00
1.000000e-07 5.682642e-02 -1.761084e+00
1.500000e-07 5.685536e-02 -1.761055e+00
2.000000e-07 5.688430e-02 -1.761026e+00
2.500000e-07 5.691324e-02 -1.760997e+00
3.000000e-07 5.694217e-02 -1.760968e+00
3.500000e-07 5.697110e-02 -1.760939e+00
4.000000e-07 5.700002e-02 -1.760910e+00
4.500000e-07 5.702893e-02 -1.760881e+00
5.000000e-07 5.705783e-02 -1.760852e+00
5.500000e-07 5.708672e-02 -1.760823e+00
6.000000e-07 5.711560e-02 -1.760794e+00
6.500000e-07 5.714447e-02 -1.760766e+00
7.000000e-07 5.717333e-02 -1.760737e+00
7.500000e-07 5.720217e-02 -1.760708e+00
8.000000e-07 5.723100e-02 -1.760679e+00
8.500000e-07 5.725982e-02 -1.760650e+00
9.000000e-07 5.728862e-02 -1.760621e+00
9.500000e-07 5.731741e-02 -1.760593e+00
1.000000e-06 5.734618e-02 -1.760564e+00
1.050000e-06 5.737493e-02 -1.760535e+00
1.100000e-06 5.740367e-02 -1.760506e+00
1.150000e-06 5.743239e-02 -1.760478e+00
1.200000e-06 5.746109e-02 -1.760449e+00
1.250000e-06 5.748978e-02 -1.760420e+00
1.300000e-06 5.751844e-02 -1.760392e+00
1.350000e-06 5.754709e-02 -1.760363e+00
1.400000e-06 5.757571e-02 -1.760334e+00
1.450000e-06 5.760432e-02 -1.760306e+00
1.500000e-06 5.763291e-02 -1.760277e+00
1.550000e-06 5.766147e-02 -1.760249e+00
1.600000e-06 5.769002e-02 -1.760220e+00
1.650000e-06 5.771854e-02 -1.760191e+00
1.700000e-06 5.774704e-02 -1.760163e+00
1.750000e-06 5.777552e-02 -1.760134e+00
1.800000e-06 5.780398e-02 -1.760106e+00
1.850000e-06 5.783241e-02 -1.760078e+00
1.900000e-06 5.786082e-02 -1.760049e+00
1.950000e-06 5.788921e-02 -1.760021e+00
2.000000e-06 5.791758e-02 -1.759992e+00
2.050000e-06 5.794593e-02 -1.759964e+00
2.100000e-06 5.797425e-02 -1.759936e+00
2.150000e-06 5.800254e-02 -1.759907e+00
2.200000e-06 5.803081e-02 -1.759879e+00
2.250000e-06 5.805906e-02 -1.759851e+00
2.300000e-06 5.808729e-02 -1.759823e+00
2.350000e-06 5.811549e-02 -1.759795e+00
2.400000e-06 5.814366e-02 -1.759766e+00
2.450000e-06 5.817182e-02 -1.759738e+00
2.500000e-06 5.819994e-02 -1.759710e+00
2.550000e-06 5.822804e-02 -1.759682e+00
2.600000e-06 5.825612e-02 -1.759654e+00
2.650000e-06 5.828417e-02 -1.759626e+00
2.700000e-06 5.831220e-02 -1.759598e+00
2.750000e-06 5.834020e-02 -1.759570e+00
2.800000e-06 5.836818e-02 -1.759542e+00
2.850000e-06 5.839613e-02 -1.759514e+00
2.900000e-06 5.842406e-02 -1.759486e+00
2.950000e-06 5.845196e-02 -1.759458e+00
3.000000e-06 5.847983e-02 -1.759430e+00
3.050000e-06 5.850768e-02 -1.759402e+00
3.100000e-06 5.853551e-02 -1.759374e+00
3.150000e-06 5.856330e-02 -1.759347e+00
3.200000e-06 5.859108e-02 -1.759319e+00
3.250000e-06 5.861882e-02 -1.759291e+00
3.300000e-06 5.864654e-02 -1.759263e+00
3.350000e-06 5.867424e-02 -1.759236e+00
3.400000e-06 5.870191e-02 -1.759208e+00
3.450000e-06 5.872955e-02 -1.759180e+00
3.500000e-06 5.875717e-02 -1.759153e+00
3.550000e-06 5.878476e-02 -1.759125e+00
3.600000e-06 5.881233e-02 -1.759098e+00
3.650000e-06 5.883987e-02 -1.759070e+00
3.700000e-06 5.886739e-02 -1.759043e+00
3.750000e-06 5.889488e-02 -1.759015e+00
3.800000e-06 5.892234e-02 -1.758988e+00
3.850000e-06 5.894978e-02 -1.758960e+00
3.900000e-06 5.897719e-02 -1.758933e+00
3.950000e-06 5.900457e-02 -1.758905e+00
4.000000e-06 5.903193e-02 -1.758878e+00
4.050000e-06 5.905927e-02 -1.758851e+00
4.100000e-06 5.908657e-02 -1.758823e+00
4.150000e-06 5.911386e-02 -1.758796e+00
4.200000e-06 5.914111e-02 -1.758769e+00
4.250000e-06 5.916835e-02 -1.758742e+00
4.300000e-06 5.919555e-02 -1.758714e+00
4.350000e-06 5.922273e-02 -1.758687e+00
4.400000e-06 5.924988e-02 -1.758660e+00
4.450000e-06 5.927701e-02 -1.758633e+00
4.500000e-06 5.930412e-02 -1.758606e+00
4.550000e-06 5.933119e-02 -1.758579e+00
4.600000e-06 5.935825e-02 -1.758552e+00
4.650000e-06 5.938527e-02 -1.758525e+00
4.700000e-06 5.941227e-02 -1.758498e+00
4.750000e-06 5.943925e-02 -1.758471e+00
4.800000e-06 5.946620e-02 -1.758444e+00
4.850000e-06 5.949313e-02 -1.758417e+00
4.900000e-06 5.952003e-02 -1.758390e+00
4.950000e-06 5.954690e-02 -1.758363e+00
5.000000e-06 5.957375e-02 -1.758336e+00
5.050000e-06 5.960057e-02 -1.758309e+00
5.100000e-06 5.962737e-02 -1.758283e+00
5.150000e-06 5.965415e-02 -1.758256e+00
5.200000e-06 5.968090e-02 -1.758229e+00
5.250000e-06 5.970762e-02 -1.758202e+00
5.300000e-06 5.973432e-02 -1.758176e+00
5.350000e-06 5.976100e-02 -1.758149e+00
5.400000e-06 5.978765e-02 -1.758122e+00
5.450000e-06 5.981427e-02 -1.758096e+00
5.500000e-06 5.984087e-02 -1.758069e+00
5.550000e-06 5.986745e-02 -1.758043e+00
5.600000e-06 5.989400e-02 -1.758016e+00
5.650000e-06 5.992053e-02 -1.757989e+00
5.700000e-06 5.994703e-02 -1.757963e+00
5.750000e-06 5.997351e-02 -1.757936e+00
5.800000e-06 5.999996e-02 -1.757910e+00
5.850000e-06 6.002639e-02 -1.757884e+00
5.900000e-06 6.005279e-02 -1.757857e+00
5.950000e-06 6.007917e-02 -1.757831e+00
6.000000e-06 6.010553e-02 -1.757804e+00
6.050000e-06 6.013186e-02 -1.757778e+00
6.100000e-06 6.015817e-02 -1.757752e+00
6.150000e-06 6.018446e-02 -1.757726e+00
6.200000e-06 6.021072e-02 -1.757699e+00
6.250000e-06 6.023695e-02 -1.757673e+00
6.300000e-06 6.026316e-02 -1.757647e+00
6.350000e-06 6.028935e-02 -1.757621e+00
6.400000e-06 6.031552e-02 -1.757594e+00
6.450000e-06 6.034166e-02 -1.757568e+00
6.500000e-06 6.036778e-02 -1.757542e+00
6.550000e-06 6.039387e-02 -1.757516e+00
6.600000e-06 6.041994e-02 -1.757490e+00
6.650000e-06 6.044599e-02 -1.757464e+00
6.700000e-06 6.047201e-02 -1.757438e+00
6.750000e-06 6.049802e-02 -1.757412e+00
6.800000e-06 6.052399e-02 -1.757386e+00
6.850000e-06 6.054995e-02 -1.757360e+00
6.900000e-06 6.057588e-02 -1.757334e+00
6.950000e-06 6.060179e-02 -1.757308e+00
7.000000e-06 6.062767e-02 -1.757282e+00
7.050000e-06 6.065353e-02 -1.757256e+00
7.100000e-06 6.067937e-02 -1.757231e+00
7.150000e-06 6.070519e-02 -1.757205e+00
7.200000e-06 6.073098e-02 -1.757179e+00
7.250000e-06 6.075675e-02 -1.757153e+00
7.300000e-06 6.078250e-02 -1.757128e+00
7.350000e-06 6.080822e-02 -1.757102e+00
7.400000e-06 6.083393e-02 -1.757076e+00
7.450000e-06 6.085961e-02 -1.757050e+00
7.500000e-06 6.088526e-02 -1.757025e+00
7.550000e-06 6.091090e-02 -1.756999e+00
7.600000e-06 6.093651e-02 -1.756973e+00
7.650000e-06 6.096210e-02 -1.756948e+00
7.700000e-06 6.098767e-02 -1.756922e+00
7.750000e-06 6.101321e-02 -1.756897e+00
7.800000e-06 6.103874e-02 -1.756871e+00
7.850000e-06 6.106424e-02 -1.756846e+00
7.900000e-06 6.108972e-02 -1.756820e+00
7.950000e-06 6.111518e-02 -1.756795e+00
8.000000e-06 6.114061e-02 -1.756769e+00
8.050000e-06 6.116603e-02 -1.756744e+00
8.100000e-06 6.119142e-02 -1.756719e+00
8.150000e-06 6.121679e-02 -1.756693e+00
8.200000e-06 6.124214e-02 -1.756668e+00
8.250000e-06 6.126746e-02 -1.756643e+00
8.300000e-06 6.129277e-02 -1.756617e+00
8.350000e-06 6.131805e-02 -1.756592e+00
8.400000e-06 6.134331e-02 -1.756567e+00
8.450000e-06 6.136855e-02 -1.756541e+00
8.500000e-06 6.139377e-02 -1.756516e+00
8.550000e-06 6.141897e-02 -1.756491e+00
8.600000e-06 6.144415e-02 -1.756466e+00
8.650000e-06 6.146930e-02 -1.756441e+00
8.700000e-06 6.149443e-02 -1.756416e+00
8.750000e-06 6.151955e-02 -1.756390e+00
8.800000e-06 6.154464e-02 -1.756365e+00
8.850000e-06 6.156971e-02 -1.756340e+00
8.900000e-06 6.159476e-02 -1.756315e+00
8.950000e-06 6.161979e-02 -1.756290e+00
9.000000e-06 6.164479e-02 -1.756265e+00
9.050000e-06 6.166978e-02 -1.756240e+00
9.100000e-06 6.169475e-02 -1.756215e+00
9.150000e-06 6.171969e-02 -1.756190e+00
9.200000e-06 6.174462e-02 -1.756165e+00
9.250000e-06 6.176952e-02 -1.756140e+00
9.300000e-06 6.179440e-02 -1.756116e+00
9.350000e-06 6.181927e-02 -1.756091e+00
9.400000e-06 6.184411e-02 -1.756066e+00
9.450000e-06 6.186893e-02 -1.756041e+00
9.500000e-06 6.189373e-02 -1.756016e+00
9.550000e-06 6.191851e-02 -1.755991e+00
9.600000e-06 6.194328e-02 -1.755967e+00
9.650000e-06 6.196802e-02 -1.755942e+00
9.700000e-06 6.199274e-02 -1.755917e+00
9.750000e-06 6.201744e-02 -1.755893e+00
9.800000e-06 6.204212e-02 -1.755868e+00
9.850000e-06 6.206678e-02 -1.755843e+00
9.900000e-06 6.209142e-02 -1.755819e+00
9.950000e-06 6.211604e-02 -1.755794e+00
1.000000e-05 6.214064e-02 -1.755769e+00
1.005000e-05 6.216522e-02 -1.755745e+00
1.010000e-05 6.218978e-02 -1.755720e+00
1.015000e-05 6.221432e-02 -1.755696e+00
1.020000e-05 6.223884e-02 -1.755671e+00
1.025000e-05 6.226334e-02 -1.755647e+00
1.030000e-05 6.228782e-02 -1.755622e+00
1.035000e-05 6.231229e-02 -1.755598e+00
1.040000e-05 6.233673e-02 -1.755573e+00
1.045000e-05 6.236115e-02 -1.755549e+00
1.050000e-05 6.238556e-02 -1.755524e+00
1.055000e-05 6.240994e-02 -1.755500e+00
1.060000e-05 6.243431e-02 -1.755476e+00
1.065000e-05 6.245865e-02 -1.755451e+00
1.070000e-05 6.248298e-02 -1.755427e+00
1.075000e-05 6.250729e-02 -1.755403e+00
1.080000e-05 6.253157e-02 -1.755378e+00
1.085000e-05 6.255584e-02 -1.755354e+00
1.090000e-05 6.258009e-02 -1.755330e+00
1.095000e-05 6.260432e-02 -1.755306e+00
1.100000e-05 6.262854e-02 -1.755281e+00
1.105000e-05 6.265273e-02 -1.755257e+00
1.110000e-05 6.267690e-02 -1.755233e+00
1.115000e-05 6.270106e-02 -1.755209e+00
1.120000e-05 6.272520e-02 -1.755185e+00
1.125000e-05 6.274931e-02 -1.755161e+00
1.130000e-05 6.277341e-02 -1.755137e+00
1.135000e-05 6.279749e-02 -1.755113e+00
1.140000e-05 6.282155e-02 -1.755088e+00
1.145000e-05 6.284560e-02 -1.755064e+00
1.150000e-05 6.286962e-02 -1.755040e+00
1.155000e-05 6.289363e-02 -1.755016e+00
1.160000e-05 6.291762e-02 -1.754992e+00
1.165000e-05 6.294159e-02 -1.754968e+00
1.170000e-05 6.296554e-02 -1.754944e+00
1.175000e-05 6.298947e-02 -1.754921e+00
1.180000e-05 6.301338e-02 -1.754897e+00
1.185000e-05 6.303728e-02 -1.754873e+00
1.190000e-05 6.306116e-02 -1.754849e+00
1.195000e-05 6.308502e-02 -1.754825e+00
1.200000e-05 6.310886e-02 -1.754801e+00
1.205000e-05 6.313268e-02 -1.754777e+00
1.210000e-05 6.315649e-02 -1.754754e+00
1.215000e-05 6.318027e-02 -1.754730e+00
1.220000e-05 6.320404e-02 -1.754706e+00
1.225000e-05 6.322779e-02 -1.754682e+00
1.230000e-05 6.325153e-02 -1.754658e+00
1.235000e-05 6.327524e-02 -1.754635e+00
1.240000e-05 6.329894e-02 -1.754611e+00
1.245000e-05 6.332262e-02 -1.754587e+00
1.250000e-05 6.334628e-02 -1.754564e+00
1.255000e-05 6.336993e-02 -1.754540e+00
1.260000e-05 6.339355e-02 -1.754516e+00
1.265000e-05 6.341716e-02 -1.754493e+00
1.270000e-05 6.344076e-02 -1.754469e+00
1.275000e-05 6.346433e-02 -1.754446e+00
1.280000e-05 6.348789e-02 -1.754422e+00
1.285000e-05 6.351143e-02 -1.754399e+00
1.290000e-05 6.353495e-02 -1.754375e+00
1.295000e-05 6.355845e-02 -1.754352e+00
1.300000e-05 6.358194e-02 -1.754328e+00
1.305000e-05 6.360541e-02 -1.754305e+00
1.310000e-05 6.362886e-02 -1.754281e+00
1.315000e-05 6.365230e-02 -1.754258e+00
1.320000e-05 6.367572e-02 -1.754234e+00
1.325000e-05 6.369912e-02 -1.754211e+00
1.330000e-05 6.372250e-02 -1.754187e+00
1.335000e-05 6.374587e-02 -1.754164e+00
1.340000e-05 6.376922e-02 -1.754141e+00
1.345000e-05 6.379255e-02 -1.754117e+00
1.350000e-05 6.381587e-02 -1.754094e+00
1.355000e-05 6.383916e-02 -1.754071e+00
1.360000e-05 6.386245e-02 -1.754048e+00
1.365000e-05 6.388571e-02 -1.754024e+00
1.370000e-05 6.390896e-02 -1.754001e+00
1.375000e-05 6.393219e-02 -1.753978e+00
1.380000e-05 6.395541e-02 -1.753955e+00
1.385000e-05 6.397860e-02 -1.753931e+00
1.390000e-05 6.400178e-02 -1.753908e+00
1.395000e-05 6.402495e-02 -1.753885e+00
1.400000e-05 6.404810e-02 -1.753862e+00
1.405000e-05 6.407123e-02 -1.753839e+00
1.410000e-05 6.409434e-02 -1.753816e+00
1.415000e-05 6.411744e-02 -1.753793e+00
1.420000e-05 6.414052e-02 -1.753769e+00
1.425000e-05 6.416359e-02 -1.753746e+00
1.430000e-05 6.418664e-02 -1.753723e+00
1.435000e-05 6.420967e-02 -1.753700e+00
1.440000e-05 6.423269e-02 -1.753677e+00
1.445000e-05 6.425569e-02 -1.753654e+00
1.450000e-05 6.427867e-02 -1.753631e+00
1.455000e-05 6.430164e-02 -1.753608e+00
1.460000e-05 6.432459e-02 -1.753585e+00
1.465000e-05 6.434752e-02 -1.753562e+00
1.470000e-05 6.437044e-02 -1.753540e+00
1.475000e-05 6.439335e-02 -1.753517e+00
1.480000e-05 6.441623e-02 -1.753494e+00
1.485000e-05 6.443910e-02 -1.753471e+00
1.490000e-05 6.446196e-02 -1.753448e+00
1.495000e-05 6.448480e-02 -1.753425e+00
1.500000e-05 6.450762e-02 -1.753402e+00
1.505000e-05 6.453043e-02 -1.753380e+00
1.510000e-05 6.455322e-02 -1.753357e+00
1.515000e-05 6.457599e-02 -1.753334e+00
1.520000e-05 6.459875e-02 -1.753311e+00
1.525000e-05 6.462149e-02 -1.753289e+00
1.530000e-05 6.464422e-02 -1.753266e+00
1.535000e-05 6.466693e-02 -1.753243e+00
1.540000e-05 6.468963e-02 -1.753220e+00
1.545000e-05 6.471231e-02 -1.753198e+00
1.550000e-05 6.473497e-02 -1.753175e+00
1.555000e-05 6.475762e-02 -1.753152e+00
1.560000e-05 6.478026e-02 -1.753130e+00
1.565000e-05 6.480287e-02 -1.753107e+00
1.570000e-05 6.482548e-02 -1.753085e+00
1.575000e-05 6.484806e-02 -1.753062e+00
1.580000e-05 6.487063e-02 -1.753039e+00
1.585000e-05 6.489319e-02 -1.753017e+00
1.590000e-05 6.491573e-02 -1.752994e+00
1.595000e-05 6.493826e-02 -1.752972e+00
1.600000e-05 6.496077e-02 -1.752949e+00
1.605000e-05 6.498326e-02 -1.752927e+00
1.610000e-05 6.500574e-02 -1.752904e+00
1.615000e-05 6.502820e-02 -1.752882e+00
1.620000e-05 6.505065e-02 -1.752859e+00
1.625000e-05 6.507308e-02 -1.752837e+00
1.630000e-05 6.509550e-02 -1.752814e+00
1.635000e-05 6.511790e-02 -1.752792e+00
1.640000e-05 6.514029e-02 -1.752770e+00
1.645000e-05 6.516266e-02 -1.752747e+00
1.650000e-05 6.518502e-02 -1.752725e+00
1.655000e-05 6.520736e-02 -1.752703e+00
1.660000e-05 6.522969e-02 -1.752680e+00
1.665000e-05 6.525200e-02 -1.752658e+00
1.670000e-05 6.527430e-02 -1.752636e+00
1.675000e-05 6.529658e-02 -1.752613e+00
1.680000e-05 6.531884e-02 -1.752591e+00
1.685000e-05 6.534110e-02 -1.752569e+00
1.690000e-05 6.536333e-02 -1.752547e+00
1.695000e-05 6.538555e-02 -1.752524e+00
1.700000e-05 6.540776e-02 -1.752502e+00
1.705000e-05 6.542995e-02 -1.752480e+00
1.710000e-05 6.545213e-02 -1.752458e+00
1.715000e-05 6.547429e-02 -1.752436e+00
1.720000e-05 6.549644e-02 -1.752414e+00
1.725000e-05 6.551857e-02 -1.752391e+00
1.730000e-05 6.554069e-02 -1.752369e+00
1.735000e-05 6.556279e-02 -1.752347e+00
1.740000e-05 6.558488e-02 -1.752325e+00
1.745000e-05 6.560695e-02 -1.752303e+00
1.750000e-05 6.562900e-02 -1.752281e+00
1.755000e-05 6.565105e-02 -1.752259e+00
1.760000e-05 6.567308e-02 -1.752237e+00
1.765000e-05 6.569509e-02 -1.752215e+00
1.770000e-05 6.571709e-02 -1.752193e+00
1.775000e-05 6.573907e-02 -1.752171e+00
1.780000e-05 6.576104e-02 -1.752149e+00
1.785000e-05 6.578299e-02 -1.752127e+00
1.790000e-05 6.580493e-02 -1.752105e+00
1.795000e-05 6.582686e-02 -1.752083e+00
1.800000e-05 6.584877e-02 -1.752061e+00
1.805000e-05 6.587066e-02 -1.752039e+00
1.810000e-05 6.589254e-02 -1.752017e+00
1.815000e-05 6.591440e-02 -1.751996e+00
1.820000e-05 6.593625e-02 -1.751974e+00
1.825000e-05 6.595809e-02 -1.751952e+00
1.830000e-05 6.597991e-02 -1.751930e+00
1.835000e-05 6.600171e-02 -1.751908e+00
1.840000e-05 6.602350e-02 -1.751886e+00
1.845000e-05 6.604528e-02 -1.751865e+00
1.850000e-05 6.606704e-02 -1.751843e+00
1.855000e-05 6.608879e-02 -1.751821e+00
1.860000e-05 6.611052e-02 -1.751799e+00
1.865000e-05 6.613223e-02 -1.751778e+00
1.870000e-05 6.615393e-02 -1.751756e+00
1.875000e-05 6.617562e-02 -1.751734e+00
1.880000e-05 6.619729e-02 -1.751713e+00
1.885000e-05 6.621894e-02 -1.751691e+00
1.890000e-05 6.624058e-02 -1.751669e+00
1.895000e-05 6.626221e-02 -1.751648e+00
1.900000e-05 6.628381e-02 -1.751626e+00
1.905000e-05 6.630541e-02 -1.751605e+00
1.910000e-05 6.632699e-02 -1.751583e+00
1.915000e-05 6.634855e-02 -1.751561e+00
1.920000e-05 6.637010e-02 -1.751540e+00
1.925000e-05 6.639163e-02 -1.751518e+00
1.930000e-05 6.641314e-02 -1.751497e+00
1.935000e-05 6.643464e-02 -1.751475e+00
1.940000e-05 6.645613e-02 -1.751454e+00
1.945000e-05 6.647759e-02 -1.751432e+00
1.950000e-05 6.649904e-02 -1.751411e+00
1.955000e-05 6.652048e-02 -1.751390e+00
1.960000e-05 6.654190e-02 -1.751368e+00
1.965000e-05 6.656330e-02 -1.751347e+00
1.970000e-05 6.658469e-02 -1.751325e+00
1.975000e-05 6.660606e-02 -1.751304e+00
1.980000e-05 6.662741e-02 -1.751283e+00
1.985000e-05 6.664875e-02 -1.751261e+00
1.990000e-05 6.667006e-02 -1.751240e+00
1.995000e-05 6.669137e-02 -1.751219e+00
2.000000e-05 6.671265e-02 -1.751197e+00
2.005000e-05 6.673392e-02 -1.751176e+00
2.010000e-05 6.675516e-02 -1.751155e+00
2.015000e-05 6.677639e-02 -1.751134e+00
2.020000e-05 6.679761e-02 -1.751112e+00
2.025000e-05 6.681880e-02 -1.751091e+00
2.030000e-05 6.683998e-02 -1.751070e+00
2.035000e-05 6.686113e-02 -1.751049e+00
2.040000e-05 6.688227e-02 -1.751028e+00
2.045000e-05 6.690339e-02 -1.751007e+00
2.050000e-05 6.692448e-02 -1.750986e+00
2.055000e-05 6.694556e-02 -1.750964e+00
2.060000e-05 6.696662e-02 -1.750943e+00
2.065000e-05 6.698766e-02 -1.750922e+00
2.070000e-05 6.700867e-02 -1.750901e+00
2.075000e-05 6.702967e-02 -1.750880e+00
2.080000e-05 6.705064e-02 -1.750859e+00
2.085000e-05 6.707159e-02 -1.750838e+00
2.090000e-05 6.709252e-02 -1.750817e+00
2.095000e-05 6.711342e-02 -1.750797e+00
2.100000e-05 6.713431e-02 -1.750776e+00
2.105000e-05 6.715516e-02 -1.750755e+00
2.110000e-05 6.717600e-02 -1.750734e+00
2.115000e-05 6.719681e-02 -1.750713e+00
2.120000e-05 6.721759e-02 -1.750692e+00
2.125000e-05 6.723835e-02 -1.750672e+00
2.130000e-05 6.725908e-02 -1.750651e+00
2.135000e-05 6.727978e-02 -1.750630e+00
2.140000e-05 6.730045e-02 -1.750610e+00
2.145000e-05 6.732110e-02 -1.750589e+00
2.150000e-05 6.734172e-02 -1.750568e+00
2.155000e-05 6.736230e-02 -1.750548e+00
2.160000e-05 6.738286e-02 -1.750527e+00
2.165000e-05 6.740338e-02 -1.750507e+00
2.170000e-05 6.742387e-02 -1.750486e+00
2.175000e-05 6.744433e-02 -1.750466e+00
2.180000e-05 6.746475e-02 -1.750445e+00
2.185000e-05 6.748514e-02 -1.750425e+00
2.190000e-05 6.750549e-02 -1.750405e+00
2.195000e-05 6.752580e-02 -1.750384e+00
2.200000e-05 6.754607e-02 -1.750364e+00
2.205000e-05 6.756630e-02 -1.750344e+00
2.210000e-05 6.758650e-02 -1.750324e+00
2.215000e-05 6.760664e-02 -1.750303e+00
2.220000e-05 6.762675e-02 -1.750283e+00
2.225000e-05 6.764680e-02 -1.750263e+00
2.230000e-05 6.766681e-02 -1.750243e+00
2.235000e-05 6.768677e-02 -1.750223e+00
2.240000e-05 6.770668e-02 -1.750203e+00
2.245000e-05 6.772654e-02 -1.750183e+00
2.250000e-05 6.774634e-02 -1.750164e+00
2.255000e-05 6.776608e-02 -1.750144e+00
2.260000e-05 6.778577e-02 -1.750124e+00
2.265000e-05 6.780539e-02 -1.750105e+00
2.270000e-05 6.782495e-02 -1.750085e+00
2.275000e-05 6.784445e-02 -1.750066e+00
2.280000e-05 6.786388e-02 -1.750046e+00
2.285000e-05 6.788324e-02 -1.750027e+00
2.290000e-05 6.790252e-02 -1.750007e+00
2.295000e-05 6.792173e-02 -1.749988e+00
2.300000e-05 6.794086e-02 -1.749969e+00
2.305000e-05 6.795990e-02 -1.749950e+00
2.310000e-05 6.797886e-02 -1.749931e+00
2.315000e-05 6.799773e-02 -1.749912e+00
2.320000e-05 6.801651e-02 -1.749893e+00
2.325000e-05 6.803519e-02 -1.749875e+00
2.330000e-05 6.805376e-02 -1.749856e+00
2.335000e-05 6.807224e-02 -1.749838e+00
2.340000e-05 6.809060e-02 -1.749819e+00
2.345000e-05 6.810885e-02 -1.749801e+00
2.350000e-05 6.812698e-02 -1.749783e+00
2.355000e-05 6.814499e-02 -1.749765e+00
2.360000e-05 6.816287e-02 -1.749747e+00
2.365000e-05 6.818061e-02 -1.749729e+00
2.370000e-05 6.819821e-02 -1.749712e+00
2.375000e-05 6.821567e-02 -1.749694e+00
2.380000e-05 6.823297e-02 -1.749677e+00
2.385000e-05 6.825011e-02 -1.749660e+00
2.390000e-05 6.826709e-02 -1.749643e+00
2.395000e-05 6.828389e-02 -1.749626e+00
2.400000e-05 6.830051e-02 -1.749609e+00
2.405000e-05 6.831693e-02 -1.749593e+00
2.410000e-05 6.833316e-02 -1.749577e+00
2.415000e-05 6.834919e-02 -1.749561e+00
2.420000e-05 6.836499e-02 -1.749545e+00
2.425000e-05 6.838057e-02 -1.749529e+00
2.430000e-05 6.839592e-02 -1.749514e+00
2.435000e-05 6.841101e-02 -1.749499e+00
2.440000e-05 6.842585e-02 -1.749484e+00
2.445000e-05 6.844042e-02 -1.749470e+00
2.450000e-05 6.845470e-02 -1.749455e+00
2.455000e-05 6.846869e-02 -1.749441e+00
2.460000e-05 6.848237e-02 -1.749428e+00
2.465000e-05 6.849573e-02 -1.749414e+00
2.470000e-05 6.850875e-02 -1.749401e+00
2.475000e-05 6.852141e-02 -1.749389e+00
2.480000e-05 6.853371e-02 -1.749376e+00
2.485000e-05 6.854562e-02 -1.749364e+00
2.490000e-05 6.855713e-02 -1.749353e+00
2.495000e-05 6.856821e-02 -1.749342e+00
2.500000e-05 6.857885e-02 -1.749331e+00
2.505000e-05 6.858903e-02 -1.749321e+00
2.510000e-05 6.859872e-02 -1.749311e+00
2.515000e-05 6.860791e-02 -1.749302e+00
2.520000e-05 6.861656e-02 -1.749293e+00
2.525000e-05 6.862466e-02 -1.749285e+00
2.530000e-05 6.863218e-02 -1.749278e+00
2.535000e-05 6.863909e-02 -1.749271e+00
2.540000e-05 6.864536e-02 -1.749265e+00
2.545000e-05 6.865096e-02 -1.749259e+00
2.550000e-05 6.865587e-02 -1.749254e+00
2.555000e-05 6.866005e-02 -1.749250e+00
2.560000e-05 6.866346e-02 -1.749247e+00
2.565000e-05 6.866607e-02 -1.749244e+00
2.570000e-05 6.866784e-02 -1.749242e+00
2.575000e-05 6.866874e-02 -1.749241e+00
2.580000e-05 6.866872e-02 -1.749241e+00
2.585000e-05 6.866773e-02 -1.749242e+00
2.590000e-05 6.866574e-02 -1.749244e+00
2.595000e-05 6.866269e-02 -1.749247e+00
2.600000e-05 6.865854e-02 -1.749251e+00
2.605000e-05 6.865323e-02 -1.749257e+00
2.610000e-05 6.864671e-02 -1.749263e+00
2.615000e-05 6.863892e-02 -1.749271e+00
2.620000e-05 6.862980e-02 -1.749280e+00
2.625000e-05 6.861929e-02 -1.749291e+00
2.630000e-05 6.860733e-02 -1.749303e+00
2.635000e-05 6.859384e-02 -1.749316e+00
2.640000e-05 6.857876e-02 -1.749331e+00
2.645000e-05 6.856200e-02 -1.749348e+00
2.650000e-05 6.854349e-02 -1.749367e+00
2.655000e-05 6.852315e-02 -1.749387e+00
2.660000e-05 6.850089e-02 -1.749409e+00
2.665000e-05 6.847662e-02 -1.749433e+00
2.670000e-05 6.845024e-02 -1.749460e+00
2.675000e-05 6.842165e-02 -1.749488e+00
2.680000e-05 6.839076e-02 -1.749519e+00
2.685000e-05 6.835745e-02 -1.749553e+00
2.690000e-05 6.832160e-02 -1.749588e+00
2.695000e-05 6.828311e-02 -1.749627e+00
2.700000e-05 6.824184e-02 -1.749668e+00
2.705000e-05 6.819766e-02 -1.749712e+00
2.710000e-05 6.815045e-02 -1.749760e+00
2.715000e-05 6.810004e-02 -1.749810e+00
2.720000e-05 6.804630e-02 -1.749864e+00
2.725000e-05 6.798907e-02 -1.749921e+00
2.730000e-05 6.792818e-02 -1.749982e+00
2.735000e-05 6.786346e-02 -1.750047e+00
2.740000e-05 6.779474e-02 -1.750115e+00
2.745000e-05 6.772182e-02 -1.750188e+00
2.750000e-05 6.764452e-02 -1.750265e+00
2.755000e-05 6.756262e-02 -1.750347e+00
2.760000e-05 6.747591e-02 -1.750434e+00
2.765000e-05 6.738417e-02 -1.750526e+00
2.770000e-05 6.728717e-02 -1.750623e+00
2.775000e-05 6.718465e-02 -1.750725e+00
2.780000e-05 6.707637e-02 -1.750834e+00
2.785000e-05 6.696206e-02 -1.750948e+00
2.790000e-05 6.684144e-02 -1.751069e+00
2.795000e-05 6.671422e-02 -1.751196e+00
2.800000e-05 6.658009e-02 -1.751330e+00
2.805000e-05 6.643875e-02 -1.751471e+00
2.810000e-05 6.628985e-02 -1.751620e+00
2.815000e-05 6.613305e-02 -1.751777e+00
2.820000e-05 6.596800e-02 -1.751942e+00
2.825000e-05 6.579431e-02 -1.752116e+00
2.830000e-05 6.561160e-02 -1.752298e+00
2.835000e-05 6.541945e-02 -1.752491e+00
2.840000e-05 6.521745e-02 -1.752693e+00
2.845000e-05 6.500514e-02 -1.752905e+00
2.850000e-05 6.478206e-02 -1.753128e+00
2.855000e-05 6.454774e-02 -1.753362e+00
2.860000e-05 6.430166e-02 -1.753608e+00
2.865000e-05 6.404331e-02 -1.753867e+00
2.870000e-05 6.377215e-02 -1.754138e+00
2.875000e-05 6.348760e-02 -1.754422e+00
2.880000e-05 6.318907e-02 -1.754721e+00
2.885000e-05 6.287596e-02 -1.755034e+00
2.890000e-05 6.254762e-02 -1.755362e+00
2.895000e-05 6.220340e-02 -1.755707e+00
2.900000e-05 6.184259e-02 -1.756067e+00
2.905000e-05 6.146450e-02 -1.756446e+00
2.910000e-05 6.106836e-02 -1.756842e+00
2.915000e-05 6.065340e-02 -1.757257e+00
2.920000e-05 6.021883e-02 -1.757691e+00
2.925000e-05 5.976380e-02 -1.758146e+00
2.930000e-05 5.928746e-02 -1.758623e+00
2.935000e-05 5.878889e-02 -1.759121e+00
2.940000e-05 5.826716e-02 -1.759643e+00
2.945000e-05 5.772130e-02 -1.760189e+00
2.950000e-05 5.715031e-02 -1.760760e+00
2.955000e-05 5.655314e-02 -1.761357e+00
2.960000e-05 5.592869e-02 -1.761981e+00
2.965000e-05 5.527584e-02 -1.762634e+00
2.970000e-05 5.459342e-02 -1.763317e+00
2.975000e-05 5.388021e-02 -1.764030e+00
2.980000e-05 5.313494e-02 -1.764775e+00
2.985000e-05 5.235630e-02 -1.765554e+00
2.990000e-05 5.154291e-02 -1.766367e+00
2.995000e-05 5.069334e-02 -1.767217e+00
3.000000e-05 -1.505459e-01 -1.572846e+00
3.005000e-05 -1.507525e-01 -1.573053e+00
3.010000e-05 -1.507563e-01 -1.573056e+00
3.015000e-05 -1.506809e-01 -1.572981e+00
3.020000e-05 -1.505520e-01 -1.572852e+00
3.025000e-05 -1.503841e-01 -1.572684e+00
3.030000e-05 5.001930e-02 -1.767891e+00
3.035000e-05 5.006886e-02 -1.767841e+00
3.040000e-05 5.011670e-02 -1.767793e+00
3.045000e-05 5.016286e-02 -1.767747e+00
3.050000e-05 5.020737e-02 -1.767703e+00
3.055000e-05 5.025026e-02 -1.767660e+00
3.060000e-05 5.029157e-02 -1.767618e+00
3.065000e-05 5.033132e-02 -1.767579e+00
3.070000e-05 5.036953e-02 -1.767540e+00
3.075000e-05 5.040622e-02 -1.767504e+00
3.080000e-05 5.044142e-02 -1.767469e+00
3.085000e-05 5.047513e-02 -1.767435e+00
3.090000e-05 5.050738e-02 -1.767403e+00
3.095000e-05 5.053817e-02 -1.767372e+00
3.100000e-05 5.056752e-02 -1.767342e+00
3.105000e-05 5.059542e-02 -1.767315e+00
3.110000e-05 5.062189e-02 -1.767288e+00
3.115000e-05 5.064692e-02 -1.767263e+00
3.120000e-05 5.067052e-02 -1.767239e+00
3.125000e-05 5.069267e-02 -1.767217e+00
3.130000e-05 5.071338e-02 -1.767197e+00
3.135000e-05 5.073263e-02 -1.767177e+00
3.140000e-05 5.075042e-02 -1.767160e+00
3.145000e-05 5.076674e-02 -1.767143e+00
3.150000e-05 5.078156e-02 -1.767128e+00
3.155000e-05 5.079486e-02 -1.767115e+00
3.160000e-05 5.080664e-02 -1.767103e+00
3.165000e-05 5.081686e-02 -1.767093e+00
3.170000e-05 5.082549e-02 -1.767085e+00
3.175000e-05 5.083252e-02 -1.767077e+00
3.180000e-05 5.083791e-02 -1.767072e+00
3.185000e-05 5.084161e-02 -1.767068e+00
3.190000e-05 5.084361e-02 -1.767066e+00
3.195000e-05 5.084386e-02 -1.767066e+00
3.200000e-05 5.084231e-02 -1.767068e+00
3.205000e-05 5.083891e-02 -1.767071e+00
3.210000e-05 5.083363e-02 -1.767076e+00
3.215000e-05 5.082641e-02 -1.767084e+00
3.220000e-05 5.081719e-02 -1.767093e+00
3.225000e-05 5.080591e-02 -1.767104e+00
3.230000e-05 -1.495595e-01 -1.571860e+00
3.235000e-05 -1.495361e-01 -1.571836e+00
3.240000e-05 -1.494801e-01 -1.571780e+00
3.245000e-05 -1.493915e-01 -1.571692e+00
3.250000e-05 -1.492688e-01 -1.571569e+00
3.255000e-05 -1.491392e-01 -1.571439e+00
3.260000e-05 5.111767e-02 -1.766792e+00
3.265000e-05 5.102036e-02 -1.766890e+00
3.270000e-05 5.092076e-02 -1.766989e+00
3.275000e-05 5.081864e-02 -1.767091e+00
3.280000e-05 5.071380e-02 -1.767196e+00
3.285000e-05 5.060602e-02 -1.767304e+00
3.290000e-05 5.049507e-02 -1.767415e+00
3.295000e-05 5.038072e-02 -1.767529e+00
3.300000e-05 5.026273e-02 -1.767647e+00
3.305000e-05 5.014087e-02 -1.767769e+00
3.310000e-05 5.001488e-02 -1.767895e+00
3.315000e-05 4.988450e-02 -1.768025e+00
3.320000e-05 4.974948e-02 -1.768161e+00
3.325000e-05 4.960953e-02 -1.768300e+00
3.330000e-05 4.946439e-02 -1.768446e+00
3.335000e-05 4.931375e-02 -1.768596e+00
3.340000e-05 4.915733e-02 -1.768753e+00
3.345000e-05 4.899481e-02 -1.768915e+00
3.350000e-05 4.882587e-02 -1.769084e+00
3.355000e-05 4.865018e-02 -1.769260e+00
3.360000e-05 4.846740e-02 -1.769443e+00
3.365000e-05 4.827718e-02 -1.769633e+00
3.370000e-05 4.807914e-02 -1.769831e+00
3.375000e-05 4.787291e-02 -1.770037e+00
3.380000e-05 4.765808e-02 -1.770252e+00
3.385000e-05 4.743425e-02 -1.770476e+00
3.390000e-05 4.720099e-02 -1.770709e+00
3.395000e-05 4.695785e-02 -1.770952e+00
3.400000e-05 4.670437e-02 -1.771206e+00
3.405000e-05 4.644007e-02 -1.771470e+00
3.410000e-05 4.616444e-02 -1.771746e+00
3.415000e-05 4.587697e-02 -1.772033e+00
3.420000e-05 4.557711e-02 -1.772333e+00
3.425000e-05 4.526429e-02 -1.772646e+00
3.430000e-05 4.493792e-02 -1.772972e+00
3.435000e-05 4.459738e-02 -1.773313e+00
3.440000e-05 4.424203e-02 -1.773668e+00
3.445000e-05 4.387118e-02 -1.774039e+00
3.450000e-05 4.348414e-02 -1.774426e+00
3.455000e-05 4.308017e-02 -1.774830e+00
3.460000e-05 4.265850e-02 -1.775252e+00
3.465000e-05 4.225585e-02 -1.775654e+00
3.470000e-05 4.187147e-02 -1.776039e+00
3.475000e-05 4.150458e-02 -1.776405e+00
3.480000e-05 4.115448e-02 -1.776756e+00
3.485000e-05 4.082047e-02 -1.777090e+00
3.490000e-05 4.050188e-02 -1.777408e+00
3.495000e-05 4.019806e-02 -1.777712e+00
3.500000e-05 3.990841e-02 -1.778002e+00
3.505000e-05 3.963232e-02 -1.778278e+00
3.510000e-05 3.936922e-02 -1.778541e+00
3.515000e-05 3.911856e-02 -1.778791e+00
3.520000e-05 3.887982e-02 -1.779030e+00
3.525000e-05 3.865249e-02 -1.779258e+00
3.530000e-05 3.843608e-02 -1.779474e+00
3.535000e-05 3.823013e-02 -1.779680e+00
3.540000e-05 3.803419e-02 -1.779876e+00
3.545000e-05 3.784782e-02 -1.780062e+00
3.550000e-05 3.767061e-02 -1.780239e+00
3.555000e-05 3.750217e-02 -1.780408e+00
3.560000e-05 3.734212e-02 -1.780568e+00
3.565000e-05 3.719008e-02 -1.780720e+00
3.570000e-05 3.704573e-02 -1.780864e+00
3.575000e-05 3.690871e-02 -1.781001e+00
3.580000e-05 3.677870e-02 -1.781131e+00
3.585000e-05 3.665541e-02 -1.781255e+00
3.590000e-05 3.653853e-02 -1.781371e+00
3.595000e-05 3.642779e-02 -1.781482e+00
3.600000e-05 3.632291e-02 -1.781587e+00
3.605000e-05 3.622363e-02 -1.781686e+00
3.610000e-05 3.612971e-02 -1.781780e+00
3.615000e-05 3.604091e-02 -1.781869e+00
3.620000e-05 3.595700e-02 -1.781953e+00
3.625000e-05 3.587777e-02 -1.782032e+00
3.630000e-05 3.580301e-02 -1.782107e+00
3.635000e-05 3.573252e-02 -1.782177e+00
3.640000e-05 3.566611e-02 -1.782244e+00
3.645000e-05 3.560359e-02 -1.782306e+00
3.650000e-05 3.554480e-02 -1.782365e+00
3.655000e-05 3.548956e-02 -1.782420e+00
3.660000e-05 3.543773e-02 -1.782472e+00
3.665000e-05 3.538914e-02 -1.782521e+00
3.670000e-05 3.534365e-02 -1.782566e+00
3.675000e-05 3.530112e-02 -1.782609e+00
3.680000e-05 3.526143e-02 -1.782649e+00
3.685000e-05 3.522443e-02 -1.782686e+00
3.690000e-05 3.519002e-02 -1.782720e+00
3.695000e-05 3.515808e-02 -1.782752e+00
3.700000e-05 3.512849e-02 -1.782782e+00
3.705000e-05 3.510114e-02 -1.782809e+00
3.710000e-05 3.507595e-02 -1.782834e+00
3.715000e-05 3.505281e-02 -1.782857e+00
3.720000e-05 3.503162e-02 -1.782878e+00
3.725000e-05 3.501231e-02 -1.782898e+00
3.730000e-05 3.499479e-02 -1.782915e+00
3.735000e-05 3.497897e-02 -1.782931e+00
3.740000e-05 3.496478e-02 -1.782945e+00
3.745000e-05 3.495215e-02 -1.782958e+00
3.750000e-05 3.494101e-02 -1.782969e+00
3.755000e-05 3.493128e-02 -1.782979e+00
3.760000e-05 3.492291e-02 -1.782987e+00
3.765000e-05 3.491584e-02 -1.782994e+00
3.770000e-05 3.491000e-02 -1.783000e+00
3.775000e-05 3.490535e-02 -1.783005e+00
3.780000e-05 3.490182e-02 -1.783008e+00
3.785000e-05 3.489937e-02 -1.783011e+00
3.790000e-05 3.489795e-02 -1.783012e+00
3.795000e-05 3.489752e-02 -1.783012e+00
3.800000e-05 3.489802e-02 -1.783012e+00
3.805000e-05 3.489942e-02 -1.783011e+00
3.810000e-05 3.490167e-02 -1.783008e+00
3.815000e-05 3.490474e-02 -1.783005e+00
3.820000e-05 3.490860e-02 -1.783001e+00
3.825000e-05 3.491320e-02 -1.782997e+00
3.830000e-05 3.491852e-02 -1.782991e+00
3.835000e-05 3.492451e-02 -1.782985e+00
3.840000e-05 3.493116e-02 -1.782979e+00
3.845000e-05 3.493843e-02 -1.782972e+00
3.850000e-05 3.494630e-02 -1.782964e+00
3.855000e-05 3.495473e-02 -1.782955e+00
3.860000e-05 3.496371e-02 -1.782946e+00
3.865000e-05 3.497320e-02 -1.782937e+00
3.870000e-05 3.498319e-02 -1.782927e+00
3.875000e-05 3.499365e-02 -1.782916e+00
3.880000e-05 3.500457e-02 -1.782905e+00
3.885000e-05 3.501591e-02 -1.782894e+00
3.890000e-05 3.502768e-02 -1.782882e+00
3.895000e-05 3.503983e-02 -1.782870e+00
3.900000e-05 3.505237e-02 -1.782858e+00
3.905000e-05 3.506526e-02 -1.782845e+00
3.910000e-05 3.507850e-02 -1.782831e+00
3.915000e-05 3.509207e-02 -1.782818e+00
3.920000e-05 3.510596e-02 -1.782804e+00
3.925000e-05 3.512015e-02 -1.782790e+00
3.930000e-05 3.513463e-02 -1.782775e+00
3.935000e-05 3.514938e-02 -1.782761e+00
3.940000e-05 3.516440e-02 -1.782746e+00
3.945000e-05 3.517967e-02 -1.782730e+00
3.950000e-05 3.519518e-02 -1.782715e+00
3.955000e-05 3.521092e-02 -1.782699e+00
3.960000e-05 3.522689e-02 -1.782683e+00
3.965000e-05 3.524306e-02 -1.782667e+00
3.970000e-05 3.525944e-02 -1.782651e+00
3.975000e-05 3.527602e-02 -1.782634e+00
3.980000e-05 3.529278e-02 -1.782617e+00
3.985000e-05 3.530971e-02 -1.782600e+00
3.990000e-05 3.532682e-02 -1.782583e+00
3.995000e-05 3.534409e-02 -1.782566e+00
4.000000e-05 3.536152e-02 -1.782548e+00
4.005000e-05 3.537910e-02 -1.782531e+00
4.010000e-05 3.539682e-02 -1.782513e+00
4.015000e-05 3.541468e-02 -1.782495e+00
4.020000e-05 3.543267e-02 -1.782477e+00
4.025000e-05 3.545078e-02 -1.782459e+00
4.030000e-05 3.546902e-02 -1.782441e+00
4.035000e-05 3.548738e-02 -1.782423e+00
4.040000e-05 3.550584e-02 -1.782404e+00
4.045000e-05 3.552442e-02 -1.782386e+00
4.050000e-05 3.554309e-02 -1.782367e+00
4.055000e-05 3.556187e-02 -1.782348e+00
4.060000e-05 3.558074e-02 -1.782329e+00
4.065000e-05 3.559970e-02 -1.782310e+00
4.070000e-05 3.561874e-02 -1.782291e+00
4.075000e-05 3.563788e-02 -1.782272e+00
4.080000e-05 3.565709e-02 -1.782253e+00
4.085000e-05 3.567638e-02 -1.782234e+00
4.090000e-05 3.569574e-02 -1.782214e+00
4.095000e-05 3.571518e-02 -1.782195e+00
4.100000e-05 3.573469e-02 -1.782175e+00
4.105000e-05 3.575426e-02 -1.782156e+00
4.110000e-05 3.577390e-02 -1.782136e+00
4.115000e-05 3.579359e-02 -1.782116e+00
4.120000e-05 3.581335e-02 -1.782097e+00
4.125000e-05 3.583317e-02 -1.782077e+00
4.130000e-05 3.585304e-02 -1.782057e+00
4.135000e-05 3.587296e-02 -1.782037e+00
4.140000e-05 3.589294e-02 -1.782017e+00
4.145000e-05 3.591296e-02 -1.781997e+00
4.150000e-05 3.593303e-02 -1.781977e+00
4.155000e-05 3.595315e-02 -1.781957e+00
4.160000e-05 3.597332e-02 -1.781937e+00
4.165000e-05 3.599353e-02 -1.781916e+00
4.170000e-05 3.601378e-02 -1.781896e+00
4.175000e-05 3.603407e-02 -1.781876e+00
4.180000e-05 3.605440e-02 -1.781856e+00
4.185000e-05 3.607476e-02 -1.781835e+00
4.190000e-05 3.609517e-02 -1.781815e+00
4.195000e-05 3.611561e-02 -1.781794e+00
4.200000e-05 3.613608e-02 -1.781774e+00
4.205000e-05 3.615659e-02 -1.781753e+00
4.210000e-05 3.617713e-02 -1.781733e+00
4.215000e-05 3.619771e-02 -1.781712e+00
4.220000e-05 3.621831e-02 -1.781692e+00
4.225000e-05 3.623895e-02 -1.781671e+00
4.230000e-05 3.625961e-02 -1.781650e+00
4.235000e-05 3.628030e-02 -1.781630e+00
4.240000e-05 3.630102e-02 -1.781609e+00
4.245000e-05 3.632177e-02 -1.781588e+00
4.250000e-05 3.634255e-02 -1.781567e+00
4.255000e-05 3.636335e-02 -1.781547e+00
4.260000e-05 3.638417e-02 -1.781526e+00
4.265000e-05 3.640502e-02 -1.781505e+00
4.270000e-05 3.642590e-02 -1.781484e+00
4.275000e-05 3.644679e-02 -1.781463e+00
4.280000e-05 3.646772e-02 -1.781442e+00
4.285000e-05 3.648866e-02 -1.781421e+00
4.290000e-05 3.650963e-02 -1.781400e+00
4.295000e-05 3.653061e-02 -1.781379e+00
4.300000e-05 3.655162e-02 -1.781358e+00
4.305000e-05 3.657265e-02 -1.781337e+00
4.310000e-05 3.659370e-02 -1.781316e+00
4.315000e-05 3.661477e-02 -1.781295e+00
4.320000e-05 3.663586e-02 -1.781274e+00
4.325000e-05 3.665698e-02 -1.781253e+00
4.330000e-05 3.667810e-02 -1.781232e+00
4.335000e-05 3.669925e-02 -1.781211e+00
4.340000e-05 3.672042e-02 -1.781190e+00
4.345000e-05 3.674161e-02 -1.781168e+00
4.350000e-05 3.676281e-02 -1.781147e+00
4.355000e-05 3.678403e-02 -1.781126e+00
4.360000e-05 3.680527e-02 -1.781105e+00
4.365000e-05 3.682653e-02 -1.781083e+00
4.370000e-05 3.684780e-02 -1.781062e+00
4.375000e-05 3.686910e-02 -1.781041e+00
4.380000e-05 3.689040e-02 -1.781020e+00
4.385000e-05 3.691173e-02 -1.780998e+00
4.390000e-05 3.693307e-02 -1.780977e+00
4.395000e-05 3.695443e-02 -1.780956e+00
4.400000e-05 3.697580e-02 -1.780934e+00
4.405000e-05 3.699719e-02 -1.780913e+00
4.410000e-05 3.701860e-02 -1.780891e+00
4.415000e-05 3.704002e-02 -1.780870e+00
4.420000e-05 3.706146e-02 -1.780849e+00
4.425000e-05 3.708292e-02 -1.780827e+00
4.430000e-05 3.710438e-02 -1.780806e+00
4.435000e-05 3.712587e-02 -1.780784e+00
4.440000e-05 3.714737e-02 -1.780763e+00
4.445000e-05 3.716888e-02 -1.780741e+00
4.450000e-05 3.719042e-02 -1.780720e+00
4.455000e-05 3.721196e-02 -1.780698e+00
4.460000e-05 3.723352e-02 -1.780676e+00
4.465000e-05 3.725510e-02 -1.780655e+00
4.470000e-05 3.727669e-02 -1.780633e+00
4.475000e-05 3.729829e-02 -1.780612e+00
4.480000e-05 3.731991e-02 -1.780590e+00
4.485000e-05 3.734155e-02 -1.780568e+00
4.490000e-05 3.736319e-02 -1.780547e+00
4.495000e-05 3.738486e-02 -1.780525e+00
4.500000e-05 3.740654e-02 -1.780503e+00
4.505000e-05 3.742823e-02 -1.780482e+00
4.510000e-05 3.744994e-02 -1.780460e+00
4.515000e-05 3.747166e-02 -1.780438e+00
4.520000e-05 3.749339e-02 -1.780417e+00
4.525000e-05 3.751514e-02 -1.780395e+00
4.530000e-05 3.753691e-02 -1.780373e+00
4.535000e-05 3.755868e-02 -1.780351e+00
4.540000e-05 3.758048e-02 -1.780330e+00
4.545000e-05 3.760228e-02 -1.780308e+00
4.550000e-05 3.762411e-02 -1.780286e+00
4.555000e-05 3.764594e-02 -1.780264e+00
4.560000e-05 3.766779e-02 -1.780242e+00
4.565000e-05 3.768965e-02 -1.780220e+00
4.570000e-05 3.771153e-02 -1.780198e+00
4.575000e-05 3.773342e-02 -1.780177e+00
4.580000e-05 3.775533e-02 -1.780155e+00
4.585000e-05 3.777725e-02 -1.780133e+00
4.590000e-05 3.779918e-02 -1.780111e+00
4.595000e-05 3.782113e-02 -1.780089e+00
4.600000e-05 3.784309e-02 -1.780067e+00
4.605000e-05 3.786507e-02 -1.780045e+00
4.610000e-05 3.788706e-02 -1.780023e+00
4.615000e-05 3.790907e-02 -1.780001e+00
4.620000e-05 3.793109e-02 -1.779979e+00
4.625000e-05 3.795312e-02 -1.779957e+00
4.630000e-05 3.797516e-02 -1.779935e+00
4.635000e-05 3.799723e-02 -1.779913e+00
4.640000e-05 3.801930e-02 -1.779891e+00
4.645000e-05 3.804139e-02 -1.779869e+00
4.650000e-05 3.806349e-02 -1.779847e+00
4.655000e-05 3.808561e-02 -1.779824e+00
4.660000e-05 3.810774e-02 -1.779802e+00
4.665000e-05 3.812989e-02 -1.779780e+00
4.670000e-05 3.815205e-02 -1.779758e+00
4.675000e-05 3.817422e-02 -1.779736e+00
4.680000e-05 3.819641e-02 -1.779714e+00
4.685000e-05 3.821861e-02 -1.779691e+00
4.690000e-05 3.824083e-02 -1.779669e+00
4.695000e-05 3.826306e-02 -1.779647e+00
4.700000e-05 3.828531e-02 -1.779625e+00
4.705000e-05 3.830757e-02 -1.779602e+00
4.710000e-05 3.832984e-02 -1.779580e+00
4.715000e-05 3.835213e-02 -1.779558e+00
4.720000e-05 3.837443e-02 -1.779536e+00
4.725000e-05 3.839675e-02 -1.779513e+00
4.730000e-05 3.841908e-02 -1.779491e+00
4.735000e-05 3.844143e-02 -1.779469e+00
4.740000e-05 3.846379e-02 -1.779446e+00
4.745000e-05 3.848616e-02 -1.779424e+00
4.750000e-05 3.850855e-02 -1.779401e+00
4.755000e-05 3.853095e-02 -1.779379e+00
4.760000e-05 3.855337e-02 -1.779357e+00
4.765000e-05 3.857580e-02 -1.779334e+00
4.770000e-05 3.859825e-02 -1.779312e+00
4.775000e-05 3.862071e-02 -1.779289e+00
4.780000e-05 3.864319e-02 -1.779267e+00
4.785000e-05 3.866568e-02 -1.779244e+00
4.790000e-05 3.868818e-02 -1.779222e+00
4.795000e-05 3.871070e-02 -1.779199e+00
4.800000e-05 3.873324e-02 -1.779177e+00
4.805000e-05 3.875579e-02 -1.779154e+00
4.810000e-05 3.877835e-02 -1.779132e+00
4.815000e-05 3.880093e-02 -1.779109e+00
4.820000e-05 3.882352e-02 -1.779086e+00
4.825000e-05 3.884613e-02 -1.779064e+00
4.830000e-05 3.886875e-02 -1.779041e+00
4.835000e-05 3.889139e-02 -1.779019e+00
4.840000e-05 3.891404e-02 -1.778996e+00
4.845000e-05 3.893671e-02 -1.778973e+00
4.850000e-05 3.895939e-02 -1.778951e+00
4.855000e-05 3.898209e-02 -1.778928e+00
4.860000e-05 3.900480e-02 -1.778905e+00
4.865000e-05 3.902753e-02 -1.778882e+00
4.870000e-05 3.905027e-02 -1.778860e+00
4.875000e-05 3.907303e-02 -1.778837e+00
4.880000e-05 3.909580e-02 -1.778814e+00
4.885000e-05 3.911859e-02 -1.778791e+00
4.890000e-05 3.914139e-02 -1.778769e+00
4.895000e-05 3.916421e-02 -1.778746e+00
4.900000e-05 3.918704e-02 -1.778723e+00
4.905000e-05 3.920989e-02 -1.778700e+00
4.910000e-05 3.923275e-02 -1.778677e+00
4.915000e-05 3.925563e-02 -1.778654e+00
4.920000e-05 3.927853e-02 -1.778631e+00
4.925000e-05 3.930144e-02 -1.778609e+00
4.930000e-05 3.932436e-02 -1.778586e+00
4.935000e-05 3.934730e-02 -1.778563e+00
4.940000e-05 3.937026e-02 -1.778540e+00
4.945000e-05 3.939323e-02 -1.778517e+00
4.950000e-05 3.941621e-02 -1.778494e+00
4.955000e-05 3.943922e-02 -1.778471e+00
4.960000e-05 3.946223e-02 -1.778448e+00
4.965000e-05 3.948527e-02 -1.778425e+00
4.970000e-05 3.950831e-02 -1.778402e+00
4.975000e-05 3.953138e-02 -1.778379e+00
4.980000e-05 3.955446e-02 -1.778356e+00
4.985000e-05 3.957755e-02 -1.778332e+00
4.990000e-05 3.960067e-02 -1.778309e+00
4.995000e-05 3.962379e-02 -1.778286e+00
5.000000e-05 3.964694e-02 -1.778263e+00
5.005000e-05 3.967010e-02 -1.778240e+00
5.010000e-05 3.969327e-02 -1.778217e+00
5.015000e-05 3.971646e-02 -1.778194e+00
5.020000e-05 3.973967e-02 -1.778170e+00
5.025000e-05 3.976289e-02 -1.778147e+00
5.030000e-05 3.978613e-02 -1.778124e+00
5.035000e-05 3.980938e-02 -1.778101e+00
5.040000e-05 3.983265e-02 -1.778077e+00
5.045000e-05 3.985594e-02 -1.778054e+00
5.050000e-05 3.987924e-02 -1.778031e+00
5.055000e-05 3.990256e-02 -1.778007e+00
5.060000e-05 3.992590e-02 -1.777984e+00
5.065000e-05 3.994925e-02 -1.777961e+00
5.070000e-05 3.997261e-02 -1.777937e+00
5.075000e-05 3.999600e-02 -1.777914e+00
5.080000e-05 4.001940e-02 -1.777891e+00
5.085000e-05 4.004282e-02 -1.777867e+00
5.090000e-05 4.006625e-02 -1.777844e+00
5.095000e-05 4.008970e-02 -1.777820e+00
5.100000e-05 4.011316e-02 -1.777797e+00
5.105000e-05 4.013665e-02 -1.777773e+00
5.110000e-05 4.016014e-02 -1.777750e+00
5.115000e-05 4.018366e-02 -1.777726e+00
5.120000e-05 4.020719e-02 -1.777703e+00
5.125000e-05 4.023074e-02 -1.777679e+00
5.130000e-05 4.025431e-02 -1.777656e+00
5.135000e-05 4.027789e-02 -1.777632e+00
5.140000e-05 4.030149e-02 -1.777609e+00
5.145000e-05 4.032510e-02 -1.777585e+00
5.150000e-05 4.034873e-02 -1.777561e+00
5.155000e-05 4.037238e-02 -1.777538e+00
5.160000e-05 4.039605e-02 -1.777514e+00
5.165000e-05 4.041973e-02 -1.777490e+00
5.170000e-05 4.044343e-02 -1.777467e+00
5.175000e-05 4.046715e-02 -1.777443e+00
5.180000e-05 4.049088e-02 -1.777419e+00
5.185000e-05 4.051464e-02 -1.777395e+00
5.190000e-05 4.053840e-02 -1.777372e+00
5.195000e-05 4.056219e-02 -1.777348e+00
5.200000e-05 4.058599e-02 -1.777324e+00
5.205000e-05 4.060981e-02 -1.777300e+00
5.210000e-05 4.063365e-02 -1.777276e+00
5.215000e-05 4.065750e-02 -1.777252e+00
5.220000e-05 4.068137e-02 -1.777229e+00
5.225000e-05 4.070526e-02 -1.777205e+00
5.230000e-05 4.072917e-02 -1.777181e+00
5.235000e-05 4.075309e-02 -1.777157e+00
5.240000e-05 4.077703e-02 -1.777133e+00
5.245000e-05 4.080099e-02 -1.777109e+00
5.250000e-05 4.082497e-02 -1.777085e+00
5.255000e-05 4.084896e-02 -1.777061e+00
5.260000e-05 4.087298e-02 -1.777037e+00
5.265000e-05 4.089701e-02 -1.777013e+00
5.270000e-05 4.092105e-02 -1.776989e+00
5.275000e-05 4.094512e-02 -1.776965e+00
5.280000e-05 4.096920e-02 -1.776941e+00
5.285000e-05 4.099330e-02 -1.776917e+00
5.290000e-05 4.101742e-02 -1.776893e+00
5.295000e-05 4.104156e-02 -1.776868e+00
5.300000e-05 4.106571e-02 -1.776844e+00
5.305000e-05 4.108988e-02 -1.776820e+00
5.310000e-05 4.111407e-02 -1.776796e+00
5.315000e-05 4.113828e-02 -1.776772e+00
5.320000e-05 4.116251e-02 -1.776747e+00
5.325000e-05 4.118675e-02 -1.776723e+00
5.330000e-05 4.121102e-02 -1.776699e+00
5.335000e-05 4.123530e-02 -1.776675e+00
5.340000e-05 4.125960e-02 -1.776650e+00
5.345000e-05 4.128392e-02 -1.776626e+00
5.350000e-05 4.130825e-02 -1.776602e+00
5.355000e-05 4.133261e-02 -1.776577e+00
5.360000e-05 4.135698e-02 -1.776553e+00
5.365000e-05 4.138137e-02 -1.776529e+00
5.370000e-05 4.140578e-02 -1.776504e+00
5.375000e-05 4.143021e-02 -1.776480e+00
5.380000e-05 4.145466e-02 -1.776455e+00
5.385000e-05 4.147912e-02 -1.776431e+00
5.390000e-05 4.150361e-02 -1.776406e+00
5.395000e-05 4.152811e-02 -1.776382e+00
5.400000e-05 4.155263e-02 -1.776357e+00
5.405000e-05 4.157718e-02 -1.776333e+00
5.410000e-05 4.160174e-02 -1.776308e+00
5.415000e-05 4.162632e-02 -1.776284e+00
5.420000e-05 4.165091e-02 -1.776259e+00
5.425000e-05 4.167553e-02 -1.776234e+00
5.430000e-05 4.170017e-02 -1.776210e+00
5.435000e-05 4.172482e-02 -1.776185e+00
5.440000e-05 4.174950e-02 -1.776161e+00
5.445000e-05 4.177419e-02 -1.776136e+00
5.450000e-05 4.179890e-02 -1.776111e+00
5.455000e-05 4.182364e-02 -1.776086e+00
5.460000e-05 4.184839e-02 -1.776062e+00
5.465000e-05 4.187316e-02 -1.776037e+00
5.470000e-05 4.189795e-02 -1.776012e+00
5.475000e-05 4.192276e-02 -1.775987e+00
5.480000e-05 4.194759e-02 -1.775962e+00
5.485000e-05 4.197244e-02 -1.775938e+00
5.490000e-05 4.199731e-02 -1.775913e+00
5.495000e-05 4.202219e-02 -1.775888e+00
5.500000e-05 4.204710e-02 -1.775863e+00
5.505000e-05 4.207203e-02 -1.775838e+00
5.510000e-05 4.209698e-02 -1.775813e+00
5.515000e-05 4.212194e-02 -1.775788e+00
5.520000e-05 4.214693e-02 -1.775763e+00
5.525000e-05 4.217194e-02 -1.775738e+00
5.530000e-05 4.219697e-02 -1.775713e+00
5.535000e-05 4.222201e-02 -1.775688e+00
5.540000e-05 4.224708e-02 -1.775663e+00
5.545000e-05 4.227217e-02 -1.775638e+00
5.550000e-05 4.229728e-02 -1.775613e+00
5.555000e-05 4.232240e-02 -1.775588e+00
5.560000e-05 4.234755e-02 -1.775562e+00
5.565000e-05 4.237272e-02 -1.775537e+00
5.570000e-05 4.239791e-02 -1.775512e+00
5.575000e-05 4.242312e-02 -1.775487e+00
5.580000e-05 4.244835e-02 -1.775462e+00
5.585000e-05 4.247360e-02 -1.775436e+00
5.590000e-05 4.249887e-02 -1.775411e+00
5.595000e-05 4.252416e-02 -1.775386e+00
5.600000e-05 4.254948e-02 -1.775361e+00
5.605000e-05 4.257481e-02 -1.775335e+00
5.610000e-05 4.260016e-02 -1.775310e+00
5.615000e-05 4.262554e-02 -1.775284e+00
5.620000e-05 4.265093e-02 -1.775259e+00
5.625000e-05 4.267635e-02 -1.775234e+00
5.630000e-05 4.270179e-02 -1.775208e+00
5.635000e-05 4.272725e-02 -1.775183e+00
5.640000e-05 4.275273e-02 -1.775157e+00
5.645000e-05 4.277823e-02 -1.775132e+00
5.650000e-05 4.280375e-02 -1.775106e+00
5.655000e-05 4.282929e-02 -1.775081e+00
5.660000e-05 4.285486e-02 -1.775055e+00
5.665000e-05 4.288044e-02 -1.775030e+00
5.670000e-05 4.290605e-02 -1.775004e+00
5.675000e-05 4.293168e-02 -1.774978e+00
5.680000e-05 4.295733e-02 -1.774953e+00
5.685000e-05 4.298300e-02 -1.774927e+00
5.690000e-05 4.300869e-02 -1.774901e+00
5.695000e-05 4.303441e-02 -1.774876e+00
5.700000e-05 4.306014e-02 -1.774850e+00
5.705000e-05 4.308590e-02 -1.774824e+00
5.710000e-05 4.311168e-02 -1.774798e+00
5.715000e-05 4.313749e-02 -1.774773e+00
5.720000e-05 4.316331e-02 -1.774747e+00
5.725000e-05 4.318916e-02 -1.774721e+00
5.730000e-05 4.321502e-02 -1.774695e+00
5.735000e-05 4.324091e-02 -1.774669e+00
5.740000e-05 4.326683e-02 -1.774643e+00
5.745000e-05 4.329276e-02 -1.774617e+00
5.750000e-05 4.331872e-02 -1.774591e+00
5.755000e-05 4.334470e-02 -1.774565e+00
5.760000e-05 4.337070e-02 -1.774539e+00
5.765000e-05 4.339672e-02 -1.774513e+00
5.770000e-05 4.342277e-02 -1.774487e+00
5.775000e-05 4.344884e-02 -1.774461e+00
5.780000e-05 4.347493e-02 -1.774435e+00
5.785000e-05 4.350104e-02 -1.774409e+00
5.790000e-05 4.352718e-02 -1.774383e+00
5.795000e-05 4.355334e-02 -1.774357e+00
5.800000e-05 4.357952e-02 -1.774330e+00
5.805000e-05 4.360573e-02 -1.774304e+00
5.810000e-05 4.363195e-02 -1.774278e+00
5.815000e-05 4.365820e-02 -1.774252e+00
5.820000e-05 4.368448e-02 -1.774226e+00
5.825000e-05 4.371077e-02 -1.774199e+00
5.830000e-05 4.373709e-02 -1.774173e+00
5.835000e-05 4.376344e-02 -1.774147e+00
5.840000e-05 4.378980e-02 -1.774120e+00
5.845000e-05 4.381619e-02 -1.774094e+00
5.850000e-05 4.384261e-02 -1.774067e+00
5.855000e-05 4.386904e-02 -1.774041e+00
5.860000e-05 4.389550e-02 -1.774014e+00
5.865000e-05 4.392199e-02 -1.773988e+00
5.870000e-05 4.394849e-02 -1.773962e+00
5.875000e-05 4.397502e-02 -1.773935e+00
5.880000e-05 4.400158e-02 -1.773908e+00
5.885000e-05 4.402815e-02 -1.773882e+00
5.890000e-05 4.405475e-02 -1.773855e+00
5.895000e-05 4.408138e-02 -1.773829e+00
5.900000e-05 4.410803e-02 -1.773802e+00
5.905000e-05 4.413470e-02 -1.773775e+00
5.910000e-05 4.416140e-02 -1.773749e+00
5.915000e-05 4.418812e-02 -1.773722e+00
5.920000e-05 4.421486e-02 -1.773695e+00
5.925000e-05 4.424163e-02 -1.773668e+00
5.930000e-05 4.426842e-02 -1.773642e+00
5.935000e-05 4.429524e-02 -1.773615e+00
5.940000e-05 4.432208e-02 -1.773588e+00
5.945000e-05 4.434894e-02 -1.773561e+00
5.950000e-05 4.437583e-02 -1.773534e+00
5.955000e-05 4.440275e-02 -1.773507e+00
5.960000e-05 4.442969e-02 -1.773480e+00
5.965000e-05 4.445665e-02 -1.773453e+00
5.970000e-05 4.448363e-02 -1.773426e+00
5.975000e-05 4.451065e-02 -1.773399e+00
5.980000e-05 4.453768e-02 -1.773372e+00
5.985000e-05 4.456474e-02 -1.773345e+00
5.990000e-05 4.459183e-02 -1.773318e+00
5.995000e-05 4.461894e-02 -1.773291e+00
6.000000e-05 4.464607e-02 -1.773264e+00
6.005000e-05 4.467323e-02 -1.773237e+00
6.010000e-05 4.470041e-02 -1.773210e+00
6.015000e-05 4.472762e-02 -1.773182e+00
6.020000e-05 4.475486e-02 -1.773155e+00
6.025000e-05 4.478211e-02 -1.773128e+00
6.030000e-05 4.480940e-02 -1.773101e+00
6.035000e-05 4.483671e-02 -1.773073e+00
6.040000e-05 4.486404e-02 -1.773046e+00
6.045000e-05 4.489140e-02 -1.773019e+00
6.050000e-05 4.491878e-02 -1.772991e+00
6.055000e-05 4.494619e-02 -1.772964e+00
6.060000e-05 4.497362e-02 -1.772936e+00
6.065000e-05 4.500108e-02 -1.772909e+00
6.070000e-05 4.502856e-02 -1.772881e+00
6.075000e-05 4.505607e-02 -1.772854e+00
6.080000e-05 4.508360e-02 -1.772826e+00
6.085000e-05 4.511116e-02 -1.772799e+00
6.090000e-05 4.513874e-02 -1.772771e+00
6.095000e-05 4.516635e-02 -1.772744e+00
6.100000e-05 4.519398e-02 -1.772716e+00
6.105000e-05 4.522164e-02 -1.772688e+00
6.110000e-05 4.524932e-02 -1.772661e+00
6.115000e-05 4.527703e-02 -1.772633e+00
6.120000e-05 4.530476e-02 -1.772605e+00
6.125000e-05 4.533252e-02 -1.772577e+00
6.130000e-05 4.536030e-02 -1.772550e+00
6.135000e-05 4.538811e-02 -1.772522e+00
6.140000e-05 4.541594e-02 -1.772494e+00
6.145000e-05 4.544380e-02 -1.772466e+00
6.150000e-05 4.547168e-02 -1.772438e+00
6.155000e-05 4.549959e-02 -1.772410e+00
6.160000e-05 4.552752e-02 -1.772382e+00
6.165000e-05 4.555548e-02 -1.772355e+00
6.170000e-05 4.558346e-02 -1.772327e+00
6.175000e-05 4.561146e-02 -1.772299e+00
6.180000e-05 4.563949e-02 -1.772271e+00
6.185000e-05 4.566755e-02 -1.772242e+00
6.190000e-05 4.569563e-02 -1.772214e+00
6.195000e-05 4.572373e-02 -1.772186e+00
6.200000e-05 4.575186e-02 -1.772158e+00
6.205000e-05 4.578001e-02 -1.772130e+00
6.210000e-05 4.580818e-02 -1.772102e+00
6.215000e-05 4.583638e-02 -1.772074e+00
6.220000e-05 4.586460e-02 -1.772045e+00
6.225000e-05 4.589285e-02 -1.772017e+00
6.230000e-05 4.592112e-02 -1.771989e+00
6.235000e-05 4.594941e-02 -1.771961e+00
6.240000e-05 4.597773e-02 -1.771932e+00
6.245000e-05 4.600607e-02 -1.771904e+00
6.250000e-05 4.603443e-02 -1.771876e+00
6.255000e-05 4.606282e-02 -1.771847e+00
6.260000e-05 4.609122e-02 -1.771819e+00
6.265000e-05 4.611965e-02 -1.771790e+00
6.270000e-05 4.614811e-02 -1.771762e+00
6.275000e-05 4.617658e-02 -1.771733e+00
6.280000e-05 4.620507e-02 -1.771705e+00
6.285000e-05 4.623359e-02 -1.771676e+00
6.290000e-05 4.626213e-02 -1.771648e+00
6.295000e-05 4.629069e-02 -1.771619e+00
6.300000e-05 4.631927e-02 -1.771591e+00
6.305000e-05 4.634786e-02 -1.771562e+00
6.310000e-05 4.637648e-02 -1.771534e+00
6.315000e-05 4.640512e-02 -1.771505e+00
6.320000e-05 4.643378e-02 -1.771476e+00
6.325000e-05 4.646246e-02 -1.771448e+00
6.330000e-05 4.649115e-02 -1.771419e+00
6.335000e-05 4.651987e-02 -1.771390e+00
6.340000e-05 4.654860e-02 -1.771361e+00
6.345000e-05 4.657735e-02 -1.771333e+00
6.350000e-05 4.660611e-02 -1.771304e+00
6.355000e-05 4.663489e-02 -1.771275e+00
6.360000e-05 4.666369e-02 -1.771246e+00
6.365000e-05 4.669251e-02 -1.771217e+00
6.370000e-05 4.672133e-02 -1.771189e+00
6.375000e-05 4.675018e-02 -1.771160e+00
6.380000e-05 4.677903e-02 -1.771131e+00
6.385000e-05 4.680790e-02 -1.771102e+00
6.390000e-05 4.683678e-02 -1.771073e+00
6.395000e-05 4.686567e-02 -1.771044e+00
6.400000e-05 4.689458e-02 -1.771015e+00
6.405000e-05 4.692349e-02 -1.770987e+00
6.410000e-05 4.695242e-02 -1.770958e+00
6.415000e-05 4.698135e-02 -1.770929e+00
6.420000e-05 4.701029e-02 -1.770900e+00
6.425000e-05 4.703924e-02 -1.770871e+00
6.430000e-05 4.706819e-02 -1.770842e+00
6.435000e-05 4.709715e-02 -1.770813e+00
6.440000e-05 4.712611e-02 -1.770784e+00
6.445000e-05 4.715508e-02 -1.770755e+00
6.450000e-05 4.718405e-02 -1.770726e+00
6.455000e-05 4.718405e-02 -1.770726e+00
