0.000000e+00 7.559616e+08 5.000000e+18
2.000000e-08 7.559616e+08 5.000000e+18
4.000000e-08 1.511923e+09 5.000000e+18
6.000000e-08 2.267885e+09 5.000000e+18
8.000000e-08 3.023846e+09 5.000000e+18
1.000000e-07 3.779808e+09 5.000000e+18
1.200000e-07 4.535770e+09 5.000000e+18
1.400000e-07 5.291731e+09 5.000000e+18
1.600000e-07 6.047693e+09 5.000000e+18
1.800000e-07 6.803654e+09 5.000000e+18
2.000000e-07 7.559616e+09 5.000000e+18
2.200000e-07 8.315578e+09 5.000000e+18
2.400000e-07 9.071539e+09 5.000000e+18
2.600000e-07 9.827501e+09 5.000000e+18
2.800000e-07 1.058346e+10 5.000000e+18
3.000000e-07 1.133942e+10 5.000000e+18
3.200000e-07 1.209539e+10 5.000000e+18
3.400000e-07 1.285135e+10 5.000000e+18
3.600000e-07 1.360731e+10 5.000000e+18
3.800000e-07 1.436327e+10 5.000000e+18
4.000000e-07 1.511923e+10 5.000000e+18
4.200000e-07 1.587519e+10 5.000000e+18
4.400000e-07 1.663116e+10 5.000000e+18
4.600000e-07 1.738712e+10 5.000000e+18
4.800000e-07 1.814308e+10 5.000000e+18
5.000000e-07 1.889904e+10 5.000000e+18
5.200000e-07 1.965500e+10 5.000000e+18
5.400000e-07 2.041096e+10 5.000000e+18
5.600000e-07 2.116693e+10 5.000000e+18
5.800000e-07 2.192289e+10 5.000000e+18
6.000000e-07 2.267885e+10 5.000000e+18
6.200000e-07 2.343481e+10 5.000000e+18
6.400000e-07 2.419077e+10 5.000000e+18
6.600000e-07 2.494673e+10 5.000000e+18
6.800000e-07 2.570270e+10 5.000000e+18
7.000000e-07 2.645866e+10 5.000000e+18
7.200000e-07 2.721462e+10 5.000000e+18
7.400000e-07 2.797058e+10 5.000000e+18
7.600000e-07 2.872654e+10 5.000000e+18
7.800000e-07 2.948250e+10 5.000000e+18
8.000000e-07 3.023847e+10 5.000000e+18
8.200000e-07 3.099443e+10 5.000000e+18
8.400000e-07 3.175039e+10 5.000000e+18
8.600000e-07 3.250635e+10 5.000000e+18
8.800000e-07 3.326231e+10 5.000000e+18
9.000000e-07 3.401827e+10 5.000000e+18
9.200000e-07 3.477424e+10 5.000000e+18
9.400000e-07 3.553020e+10 5.000000e+18
9.600000e-07 3.628616e+10 5.000000e+18
9.800000e-07 3.704212e+10 5.000000e+18
1.000000e-06 3.779808e+10 5.000000e+18
1.020000e-06 3.855404e+10 5.000000e+18
1.040000e-06 3.931001e+10 5.000000e+18
1.060000e-06 4.006597e+10 5.000000e+18
1.080000e-06 4.082193e+10 5.000000e+18
1.100000e-06 4.157789e+10 5.000000e+18
1.120000e-06 4.233385e+10 5.000000e+18
1.140000e-06 4.308981e+10 5.000000e+18
1.160000e-06 4.384578e+10 5.000000e+18
1.180000e-06 4.460174e+10 5.000000e+18
1.200000e-06 4.535770e+10 5.000000e+18
1.220000e-06 4.611366e+10 5.000000e+18
1.240000e-06 4.686962e+10 5.000000e+18
1.260000e-06 4.762559e+10 5.000000e+18
1.280000e-06 4.838155e+10 5.000000e+18
1.300000e-06 4.913751e+10 5.000000e+18
1.320000e-06 4.989347e+10 5.000000e+18
1.340000e-06 5.064943e+10 5.000000e+18
1.360000e-06 5.140539e+10 5.000000e+18
1.380000e-06 5.216136e+10 5.000000e+18
1.400000e-06 5.291732e+10 5.000000e+18
1.420000e-06 5.367328e+10 5.000000e+18
1.440000e-06 5.442924e+10 5.000000e+18
1.460000e-06 5.518520e+10 5.000000e+18
1.480000e-06 5.594117e+10 5.000000e+18
1.500000e-06 5.669713e+10 5.000000e+18
1.520000e-06 5.745309e+10 5.000000e+18
1.540000e-06 5.820905e+10 5.000000e+18
1.560000e-06 5.896501e+10 5.000000e+18
1.580000e-06 5.972098e+10 5.000000e+18
1.600000e-06 6.047694e+10 5.000000e+18
1.620000e-06 6.123290e+10 5.000000e+18
1.640000e-06 6.198886e+10 5.000000e+18
1.660000e-06 6.274482e+10 5.000000e+18
1.680000e-06 6.350079e+10 5.000000e+18
1.700000e-06 6.425675e+10 5.000000e+18
1.720000e-06 6.501271e+10 5.000000e+18
1.740000e-06 6.576867e+10 5.000000e+18
1.760000e-06 6.652463e+10 5.000000e+18
1.780000e-06 6.728060e+10 5.000000e+18
1.800000e-06 6.803656e+10 5.000000e+18
1.820000e-06 6.879252e+10 5.000000e+18
1.840000e-06 6.954848e+10 5.000000e+18
1.860000e-06 7.030444e+10 5.000000e+18
1.880000e-06 7.106041e+10 5.000000e+18
1.900000e-06 7.181637e+10 5.000000e+18
1.920000e-06 7.257233e+10 5.000000e+18
1.940000e-06 7.332829e+10 5.000000e+18
1.960000e-06 7.408425e+10 5.000000e+18
1.980000e-06 7.484022e+10 5.000000e+18
2.000000e-06 7.559618e+10 5.000000e+18
2.020000e-06 7.635214e+10 5.000000e+18
2.040000e-06 7.710810e+10 5.000000e+18
2.060000e-06 7.786407e+10 5.000000e+18
2.080000e-06 7.862003e+10 5.000000e+18
2.100000e-06 7.937599e+10 5.000000e+18
2.120000e-06 8.013195e+10 5.000000e+18
2.140000e-06 8.088791e+10 5.000000e+18
2.160000e-06 8.164388e+10 5.000000e+18
2.180000e-06 8.239984e+10 5.000000e+18
2.200000e-06 8.315580e+10 5.000000e+18
2.220000e-06 8.391176e+10 5.000000e+18
2.240000e-06 8.466773e+10 5.000000e+18
2.260000e-06 8.542369e+10 5.000000e+18
2.280000e-06 8.617965e+10 5.000000e+18
2.300000e-06 8.693561e+10 5.000000e+18
2.320000e-06 8.769158e+10 5.000000e+18
2.340000e-06 8.844754e+10 5.000000e+18
2.360000e-06 8.920350e+10 5.000000e+18
2.380000e-06 8.995946e+10 5.000000e+18
2.400000e-06 9.071542e+10 5.000000e+18
2.420000e-06 9.147139e+10 5.000000e+18
2.440000e-06 9.222735e+10 5.000000e+18
2.460000e-06 9.298331e+10 5.000000e+18
2.480000e-06 9.373927e+10 5.000000e+18
2.500000e-06 9.449524e+10 5.000000e+18
2.520000e-06 9.525120e+10 5.000000e+18
2.540000e-06 9.600716e+10 5.000000e+18
2.560000e-06 9.676312e+10 5.000000e+18
2.580000e-06 9.751909e+10 5.000000e+18
2.600000e-06 9.827505e+10 5.000000e+18
2.620000e-06 9.903101e+10 5.000000e+18
2.640000e-06 9.978697e+10 5.000000e+18
2.660000e-06 1.005429e+11 5.000000e+18
2.680000e-06 1.012989e+11 5.000000e+18
2.700000e-06 1.020549e+11 5.000000e+18
2.720000e-06 1.028108e+11 5.000000e+18
2.740000e-06 1.035668e+11 5.000000e+18
2.760000e-06 1.043228e+11 5.000000e+18
2.780000e-06 1.050787e+11 5.000000e+18
2.800000e-06 1.058347e+11 5.000000e+18
2.820000e-06 1.065906e+11 5.000000e+18
2.840000e-06 1.073466e+11 5.000000e+18
2.860000e-06 1.081026e+11 5.000000e+18
2.880000e-06 1.088585e+11 5.000000e+18
2.900000e-06 1.096145e+11 5.000000e+18
2.920000e-06 1.103705e+11 5.000000e+18
2.940000e-06 1.111264e+11 5.000000e+18
2.960000e-06 1.118824e+11 5.000000e+18
2.980000e-06 1.126383e+11 5.000000e+18
3.000000e-06 1.133943e+11 5.000000e+18
3.020000e-06 1.141503e+11 5.000000e+18
3.040000e-06 1.149062e+11 5.000000e+18
3.060000e-06 1.156622e+11 5.000000e+18
3.080000e-06 1.164182e+11 5.000000e+18
3.100000e-06 1.171741e+11 5.000000e+18
3.120000e-06 1.179301e+11 5.000000e+18
3.140000e-06 1.186860e+11 5.000000e+18
3.160000e-06 1.194420e+11 5.000000e+18
3.180000e-06 1.201980e+11 5.000000e+18
3.200000e-06 1.209539e+11 5.000000e+18
3.220000e-06 1.217099e+11 5.000000e+18
3.240000e-06 1.224659e+11 5.000000e+18
3.260000e-06 1.232218e+11 5.000000e+18
3.280000e-06 1.239778e+11 5.000000e+18
3.300000e-06 1.247337e+11 5.000000e+18
3.320000e-06 1.254897e+11 5.000000e+18
3.340000e-06 1.262457e+11 5.000000e+18
3.360000e-06 1.270016e+11 5.000000e+18
3.380000e-06 1.277576e+11 5.000000e+18
3.400000e-06 1.285136e+11 5.000000e+18
3.420000e-06 1.292695e+11 5.000000e+18
3.440000e-06 1.300255e+11 5.000000e+18
3.460000e-06 1.307815e+11 5.000000e+18
3.480000e-06 1.315374e+11 5.000000e+18
3.500000e-06 1.322934e+11 5.000000e+18
3.520000e-06 1.330493e+11 5.000000e+18
3.540000e-06 1.338053e+11 5.000000e+18
3.560000e-06 1.345613e+11 5.000000e+18
3.580000e-06 1.353172e+11 5.000000e+18
3.600000e-06 1.360732e+11 5.000000e+18
3.620000e-06 1.368292e+11 5.000000e+18
3.640000e-06 1.375851e+11 5.000000e+18
3.660000e-06 1.383411e+11 5.000000e+18
3.680000e-06 1.390971e+11 5.000000e+18
3.700000e-06 1.398530e+11 5.000000e+18
3.720000e-06 1.406090e+11 5.000000e+18
3.740000e-06 1.413649e+11 5.000000e+18
3.760000e-06 1.421209e+11 5.000000e+18
3.780000e-06 1.428769e+11 5.000000e+18
3.800000e-06 1.436328e+11 5.000000e+18
3.820000e-06 1.443888e+11 5.000000e+18
3.840000e-06 1.451448e+11 5.000000e+18
3.860000e-06 1.459007e+11 5.000000e+18
3.880000e-06 1.466567e+11 5.000000e+18
3.900000e-06 1.474127e+11 5.000000e+18
3.920000e-06 1.481686e+11 5.000000e+18
3.940000e-06 1.489246e+11 5.000000e+18
3.960000e-06 1.496805e+11 5.000000e+18
3.980000e-06 1.504365e+11 5.000000e+18
4.000000e-06 1.511925e+11 5.000000e+18
4.020000e-06 1.519484e+11 5.000000e+18
4.040000e-06 1.527044e+11 5.000000e+18
4.060000e-06 1.534604e+11 5.000000e+18
4.080000e-06 1.542163e+11 5.000000e+18
4.100000e-06 1.549723e+11 5.000000e+18
4.120000e-06 1.557283e+11 5.000000e+18
4.140000e-06 1.564842e+11 5.000000e+18
4.160000e-06 1.572402e+11 5.000000e+18
4.180000e-06 1.579961e+11 5.000000e+18
4.200000e-06 1.587521e+11 5.000000e+18
4.220000e-06 1.595081e+11 5.000000e+18
4.240000e-06 1.602640e+11 5.000000e+18
4.260000e-06 1.610200e+11 5.000000e+18
4.280000e-06 1.617760e+11 5.000000e+18
4.300000e-06 1.625319e+11 5.000000e+18
4.320000e-06 1.632879e+11 5.000000e+18
4.340000e-06 1.640439e+11 5.000000e+18
4.360000e-06 1.647998e+11 5.000000e+18
4.380000e-06 1.655558e+11 5.000000e+18
4.400000e-06 1.663118e+11 5.000000e+18
4.420000e-06 1.670677e+11 5.000000e+18
4.440000e-06 1.678237e+11 5.000000e+18
4.460000e-06 1.685796e+11 5.000000e+18
4.480000e-06 1.693356e+11 5.000000e+18
4.500000e-06 1.700916e+11 5.000000e+18
4.520000e-06 1.708475e+11 5.000000e+18
4.540000e-06 1.716035e+11 5.000000e+18
4.560000e-06 1.723595e+11 5.000000e+18
4.580000e-06 1.731154e+11 5.000000e+18
4.600000e-06 1.738714e+11 5.000000e+18
4.620000e-06 1.746274e+11 5.000000e+18
4.640000e-06 1.753833e+11 5.000000e+18
4.660000e-06 1.761393e+11 5.000000e+18
4.680000e-06 1.768953e+11 5.000000e+18
4.700000e-06 1.776512e+11 5.000000e+18
4.720000e-06 1.784072e+11 5.000000e+18
4.740000e-06 1.791632e+11 5.000000e+18
4.760000e-06 1.799191e+11 5.000000e+18
4.780000e-06 1.806751e+11 5.000000e+18
4.800000e-06 1.814310e+11 5.000000e+18
4.820000e-06 1.821870e+11 5.000000e+18
4.840000e-06 1.829430e+11 5.000000e+18
4.860000e-06 1.836989e+11 5.000000e+18
4.880000e-06 1.844549e+11 5.000000e+18
4.900000e-06 1.852109e+11 5.000000e+18
4.920000e-06 1.859668e+11 5.000000e+18
4.940000e-06 1.867228e+11 5.000000e+18
4.960000e-06 1.874788e+11 5.000000e+18
4.980000e-06 1.882347e+11 5.000000e+18
5.000000e-06 1.889907e+11 5.000000e+18
5.020000e-06 1.897467e+11 5.000000e+18
5.040000e-06 1.905026e+11 5.000000e+18
5.060000e-06 1.912586e+11 5.000000e+18
5.080000e-06 1.920146e+11 5.000000e+18
5.100000e-06 1.927705e+11 5.000000e+18
5.120000e-06 1.935265e+11 5.000000e+18
5.140000e-06 1.942825e+11 5.000000e+18
5.160000e-06 1.950384e+11 5.000000e+18
5.180000e-06 1.957944e+11 5.000000e+18
5.200000e-06 1.965504e+11 5.000000e+18
5.220000e-06 1.973063e+11 5.000000e+18
5.240000e-06 1.980623e+11 5.000000e+18
5.260000e-06 1.988182e+11 5.000000e+18
5.280000e-06 1.995742e+11 5.000000e+18
5.300000e-06 2.003302e+11 5.000000e+18
5.320000e-06 2.010861e+11 5.000000e+18
5.340000e-06 2.018421e+11 5.000000e+18
5.360000e-06 2.025981e+11 5.000000e+18
5.380000e-06 2.033540e+11 5.000000e+18
5.400000e-06 2.041100e+11 5.000000e+18
5.420000e-06 2.048660e+11 5.000000e+18
5.440000e-06 2.056219e+11 5.000000e+18
5.460000e-06 2.063779e+11 5.000000e+18
5.480000e-06 2.071339e+11 5.000000e+18
5.500000e-06 2.078898e+11 5.000000e+18
5.520000e-06 2.086458e+11 5.000000e+18
5.540000e-06 2.094018e+11 5.000000e+18
5.560000e-06 2.101577e+11 5.000000e+18
5.580000e-06 2.109137e+11 5.000000e+18
5.600000e-06 2.116697e+11 5.000000e+18
5.620000e-06 2.124256e+11 5.000000e+18
5.640000e-06 2.131816e+11 5.000000e+18
5.660000e-06 2.139376e+11 5.000000e+18
5.680000e-06 2.146935e+11 5.000000e+18
5.700000e-06 2.154495e+11 5.000000e+18
5.720000e-06 2.162055e+11 5.000000e+18
5.740000e-06 2.169614e+11 5.000000e+18
5.760000e-06 2.177174e+11 5.000000e+18
5.780000e-06 2.184734e+11 5.000000e+18
5.800000e-06 2.192293e+11 5.000000e+18
5.820000e-06 2.199853e+11 5.000000e+18
5.840000e-06 2.207413e+11 5.000000e+18
5.860000e-06 2.214972e+11 5.000000e+18
5.880000e-06 2.222532e+11 5.000000e+18
5.900000e-06 2.230092e+11 5.000000e+18
5.920000e-06 2.237651e+11 5.000000e+18
5.940000e-06 2.245211e+11 5.000000e+18
5.960000e-06 2.252771e+11 5.000000e+18
5.980000e-06 2.260330e+11 5.000000e+18
6.000000e-06 2.267890e+11 5.000000e+18
6.020000e-06 2.275450e+11 5.000000e+18
6.040000e-06 2.283009e+11 5.000000e+18
6.060000e-06 2.290569e+11 5.000000e+18
6.080000e-06 2.298129e+11 5.000000e+18
6.100000e-06 2.305688e+11 5.000000e+18
6.120000e-06 2.313248e+11 5.000000e+18
6.140000e-06 2.320808e+11 5.000000e+18
6.160000e-06 2.328367e+11 5.000000e+18
6.180000e-06 2.335927e+11 5.000000e+18
6.200000e-06 2.343487e+11 5.000000e+18
6.220000e-06 2.351046e+11 5.000000e+18
6.240000e-06 2.358606e+11 5.000000e+18
6.260000e-06 2.366166e+11 5.000000e+18
6.280000e-06 2.373725e+11 5.000000e+18
6.300000e-06 2.381285e+11 5.000000e+18
6.320000e-06 2.388845e+11 5.000000e+18
6.340000e-06 2.396404e+11 5.000000e+18
6.360000e-06 2.403964e+11 5.000000e+18
6.380000e-06 2.411524e+11 5.000000e+18
6.400000e-06 2.419083e+11 5.000000e+18
6.420000e-06 2.426643e+11 5.000000e+18
6.440000e-06 2.434203e+11 5.000000e+18
6.460000e-06 2.441762e+11 5.000000e+18
6.480000e-06 2.449322e+11 5.000000e+18
6.500000e-06 2.456882e+11 5.000000e+18
6.520000e-06 2.464441e+11 5.000000e+18
6.540000e-06 2.472001e+11 5.000000e+18
6.560000e-06 2.479561e+11 5.000000e+18
6.580000e-06 2.487120e+11 5.000000e+18
6.600000e-06 2.494680e+11 5.000000e+18
6.620000e-06 2.502240e+11 5.000000e+18
6.640000e-06 2.509800e+11 5.000000e+18
6.660000e-06 2.517359e+11 5.000000e+18
6.680000e-06 2.524919e+11 5.000000e+18
6.700000e-06 2.532479e+11 5.000000e+18
6.720000e-06 2.540038e+11 5.000000e+18
6.740000e-06 2.547598e+11 5.000000e+18
6.760000e-06 2.555158e+11 5.000000e+18
6.780000e-06 2.562717e+11 5.000000e+18
6.800000e-06 2.570277e+11 5.000000e+18
6.820000e-06 2.577837e+11 5.000000e+18
6.840000e-06 2.585396e+11 5.000000e+18
6.860000e-06 2.592956e+11 5.000000e+18
6.880000e-06 2.600516e+11 5.000000e+18
6.900000e-06 2.608075e+11 5.000000e+18
6.920000e-06 2.615635e+11 5.000000e+18
6.940000e-06 2.623195e+11 5.000000e+18
6.960000e-06 2.630754e+11 5.000000e+18
6.980000e-06 2.638314e+11 5.000000e+18
7.000000e-06 2.645874e+11 5.000000e+18
7.020000e-06 2.653433e+11 5.000000e+18
7.040000e-06 2.660993e+11 5.000000e+18
7.060000e-06 2.668553e+11 5.000000e+18
7.080000e-06 2.676113e+11 5.000000e+18
7.100000e-06 2.683672e+11 5.000000e+18
7.120000e-06 2.691232e+11 5.000000e+18
7.140000e-06 2.698792e+11 5.000000e+18
7.160000e-06 2.706351e+11 5.000000e+18
7.180000e-06 2.713911e+11 5.000000e+18
7.200000e-06 2.721471e+11 5.000000e+18
7.220000e-06 2.729030e+11 5.000000e+18
7.240000e-06 2.736590e+11 5.000000e+18
7.260000e-06 2.744150e+11 5.000000e+18
7.280000e-06 2.751709e+11 5.000000e+18
7.300000e-06 2.759269e+11 5.000000e+18
7.320000e-06 2.766829e+11 5.000000e+18
7.340000e-06 2.774389e+11 5.000000e+18
7.360000e-06 2.781948e+11 5.000000e+18
7.380000e-06 2.789508e+11 5.000000e+18
7.400000e-06 2.797068e+11 5.000000e+18
7.420000e-06 2.804627e+11 5.000000e+18
7.440000e-06 2.812187e+11 5.000000e+18
7.460000e-06 2.819747e+11 5.000000e+18
7.480000e-06 2.827306e+11 5.000000e+18
7.500000e-06 2.834866e+11 5.000000e+18
7.520000e-06 2.842426e+11 5.000000e+18
7.540000e-06 2.849986e+11 5.000000e+18
7.560000e-06 2.857545e+11 5.000000e+18
7.580000e-06 2.865105e+11 5.000000e+18
7.600000e-06 2.872665e+11 5.000000e+18
7.620000e-06 2.880224e+11 5.000000e+18
7.640000e-06 2.887784e+11 5.000000e+18
7.660000e-06 2.895344e+11 5.000000e+18
7.680000e-06 2.902903e+11 5.000000e+18
7.700000e-06 2.910463e+11 5.000000e+18
7.720000e-06 2.918023e+11 5.000000e+18
7.740000e-06 2.925583e+11 5.000000e+18
7.760000e-06 2.933142e+11 5.000000e+18
7.780000e-06 2.940702e+11 5.000000e+18
7.800000e-06 2.948262e+11 5.000000e+18
7.820000e-06 2.955821e+11 5.000000e+18
7.840000e-06 2.963381e+11 5.000000e+18
7.860000e-06 2.970941e+11 5.000000e+18
7.880000e-06 2.978500e+11 5.000000e+18
7.900000e-06 2.986060e+11 5.000000e+18
7.920000e-06 2.993620e+11 5.000000e+18
7.940000e-06 3.001180e+11 5.000000e+18
7.960000e-06 3.008739e+11 5.000000e+18
7.980000e-06 3.016299e+11 5.000000e+18
8.000000e-06 3.023859e+11 5.000000e+18
8.020000e-06 3.031418e+11 5.000000e+18
8.040000e-06 3.038978e+11 5.000000e+18
8.060000e-06 3.046538e+11 5.000000e+18
8.080000e-06 3.054098e+11 5.000000e+18
8.100000e-06 3.061657e+11 5.000000e+18
8.120000e-06 3.069217e+11 5.000000e+18
8.140000e-06 3.076777e+11 5.000000e+18
8.160000e-06 3.084336e+11 5.000000e+18
8.180000e-06 3.091896e+11 5.000000e+18
8.200000e-06 3.099456e+11 5.000000e+18
8.220000e-06 3.107015e+11 5.000000e+18
8.240000e-06 3.114575e+11 5.000000e+18
8.260000e-06 3.122135e+11 5.000000e+18
8.280000e-06 3.129695e+11 5.000000e+18
8.300000e-06 3.137254e+11 5.000000e+18
8.320000e-06 3.144814e+11 5.000000e+18
8.340000e-06 3.152374e+11 5.000000e+18
8.360000e-06 3.159934e+11 5.000000e+18
8.380000e-06 3.167493e+11 5.000000e+18
8.400000e-06 3.175053e+11 5.000000e+18
8.420000e-06 3.182613e+11 5.000000e+18
8.440000e-06 3.190172e+11 5.000000e+18
8.460000e-06 3.197732e+11 5.000000e+18
8.480000e-06 3.205292e+11 5.000000e+18
8.500000e-06 3.212852e+11 5.000000e+18
8.520000e-06 3.220411e+11 5.000000e+18
8.540000e-06 3.227971e+11 5.000000e+18
8.560000e-06 3.235531e+11 5.000000e+18
8.580000e-06 3.243090e+11 5.000000e+18
8.600000e-06 3.250650e+11 5.000000e+18
8.620000e-06 3.258210e+11 5.000000e+18
8.640000e-06 3.265770e+11 5.000000e+18
8.660000e-06 3.273329e+11 5.000000e+18
8.680000e-06 3.280889e+11 5.000000e+18
8.700000e-06 3.288449e+11 5.000000e+18
8.720000e-06 3.296008e+11 5.000000e+18
8.740000e-06 3.303568e+11 5.000000e+18
8.760000e-06 3.311128e+11 5.000000e+18
8.780000e-06 3.318688e+11 5.000000e+18
8.800000e-06 3.326247e+11 5.000000e+18
8.820000e-06 3.333807e+11 5.000000e+18
8.840000e-06 3.341367e+11 5.000000e+18
8.860000e-06 3.348927e+11 5.000000e+18
8.880000e-06 3.356486e+11 5.000000e+18
8.900000e-06 3.364046e+11 5.000000e+18
8.920000e-06 3.371606e+11 5.000000e+18
8.940000e-06 3.379166e+11 5.000000e+18
8.960000e-06 3.386725e+11 5.000000e+18
8.980000e-06 3.394285e+11 5.000000e+18
9.000000e-06 3.401845e+11 5.000000e+18
9.020000e-06 3.409404e+11 5.000000e+18
9.040000e-06 3.416964e+11 5.000000e+18
9.060000e-06 3.424524e+11 5.000000e+18
9.080000e-06 3.432084e+11 5.000000e+18
9.100000e-06 3.439643e+11 5.000000e+18
9.120000e-06 3.447203e+11 5.000000e+18
9.140000e-06 3.454763e+11 5.000000e+18
9.160000e-06 3.462323e+11 5.000000e+18
9.180000e-06 3.469882e+11 5.000000e+18
9.200000e-06 3.477442e+11 5.000000e+18
9.220000e-06 3.485002e+11 5.000000e+18
9.240000e-06 3.492562e+11 5.000000e+18
9.260000e-06 3.500121e+11 5.000000e+18
9.280000e-06 3.507681e+11 5.000000e+18
9.300000e-06 3.515241e+11 5.000000e+18
9.320000e-06 3.522801e+11 5.000000e+18
9.340000e-06 3.530360e+11 5.000000e+18
9.360000e-06 3.537920e+11 5.000000e+18
9.380000e-06 3.545480e+11 5.000000e+18
9.400000e-06 3.553039e+11 5.000000e+18
9.420000e-06 3.560599e+11 5.000000e+18
9.440000e-06 3.568159e+11 5.000000e+18
9.460000e-06 3.575719e+11 5.000000e+18
9.480000e-06 3.583278e+11 5.000000e+18
9.500000e-06 3.590838e+11 5.000000e+18
9.520000e-06 3.598398e+11 5.000000e+18
9.540000e-06 3.605958e+11 5.000000e+18
9.560000e-06 3.613517e+11 5.000000e+18
9.580000e-06 3.621077e+11 5.000000e+18
9.600000e-06 3.628637e+11 5.000000e+18
9.620000e-06 3.636197e+11 5.000000e+18
9.640000e-06 3.643756e+11 5.000000e+18
9.660000e-06 3.651316e+11 5.000000e+18
9.680000e-06 3.658876e+11 5.000000e+18
9.700000e-06 3.666436e+11 5.000000e+18
9.720000e-06 3.673995e+11 5.000000e+18
9.740000e-06 3.681555e+11 5.000000e+18
9.760000e-06 3.689115e+11 5.000000e+18
9.780000e-06 3.696675e+11 5.000000e+18
9.800000e-06 3.704234e+11 5.000000e+18
9.820000e-06 3.711794e+11 5.000000e+18
9.840000e-06 3.719354e+11 5.000000e+18
9.860000e-06 3.726914e+11 5.000000e+18
9.880000e-06 3.734473e+11 5.000000e+18
9.900000e-06 3.742033e+11 5.000000e+18
9.920000e-06 3.749593e+11 5.000000e+18
9.940000e-06 3.757153e+11 5.000000e+18
9.960000e-06 3.764713e+11 5.000000e+18
9.980000e-06 3.772272e+11 5.000000e+18
1.000000e-05 3.779832e+11 5.000000e+18
1.002000e-05 3.787392e+11 5.000000e+18
1.004000e-05 3.794952e+11 5.000000e+18
1.006000e-05 3.802511e+11 5.000000e+18
1.008000e-05 3.810071e+11 5.000000e+18
1.010000e-05 3.817631e+11 5.000000e+18
1.012000e-05 3.825191e+11 5.000000e+18
1.014000e-05 3.832750e+11 5.000000e+18
1.016000e-05 3.840310e+11 5.000000e+18
1.018000e-05 3.847870e+11 5.000000e+18
1.020000e-05 3.855430e+11 5.000000e+18
1.022000e-05 3.862989e+11 5.000000e+18
1.024000e-05 3.870549e+11 5.000000e+18
1.026000e-05 3.878109e+11 5.000000e+18
1.028000e-05 3.885669e+11 5.000000e+18
1.030000e-05 3.893229e+11 5.000000e+18
1.032000e-05 3.900788e+11 5.000000e+18
1.034000e-05 3.908348e+11 5.000000e+18
1.036000e-05 3.915908e+11 5.000000e+18
1.038000e-05 3.923468e+11 5.000000e+18
1.040000e-05 3.931027e+11 5.000000e+18
1.042000e-05 3.938587e+11 5.000000e+18
1.044000e-05 3.946147e+11 5.000000e+18
1.046000e-05 3.953707e+11 5.000000e+18
1.048000e-05 3.961266e+11 5.000000e+18
1.050000e-05 3.968826e+11 5.000000e+18
1.052000e-05 3.976386e+11 5.000000e+18
1.054000e-05 3.983946e+11 5.000000e+18
1.056000e-05 3.991506e+11 5.000000e+18
1.058000e-05 3.999065e+11 5.000000e+18
1.060000e-05 4.006625e+11 5.000000e+18
1.062000e-05 4.014185e+11 5.000000e+18
1.064000e-05 4.021745e+11 5.000000e+18
1.066000e-05 4.029304e+11 5.000000e+18
1.068000e-05 4.036864e+11 5.000000e+18
1.070000e-05 4.044424e+11 5.000000e+18
1.072000e-05 4.051984e+11 5.000000e+18
1.074000e-05 4.059544e+11 5.000000e+18
1.076000e-05 4.067103e+11 5.000000e+18
1.078000e-05 4.074663e+11 5.000000e+18
1.080000e-05 4.082223e+11 5.000000e+18
1.082000e-05 4.089783e+11 5.000000e+18
1.084000e-05 4.097343e+11 5.000000e+18
1.086000e-05 4.104902e+11 5.000000e+18
1.088000e-05 4.112462e+11 5.000000e+18
1.090000e-05 4.120022e+11 5.000000e+18
1.092000e-05 4.127582e+11 5.000000e+18
1.094000e-05 4.135141e+11 5.000000e+18
1.096000e-05 4.142701e+11 5.000000e+18
1.098000e-05 4.150261e+11 5.000000e+18
1.100000e-05 4.157821e+11 5.000000e+18
1.102000e-05 4.165381e+11 5.000000e+18
1.104000e-05 4.172940e+11 5.000000e+18
1.106000e-05 4.180500e+11 5.000000e+18
1.108000e-05 4.188060e+11 5.000000e+18
1.110000e-05 4.195620e+11 5.000000e+18
1.112000e-05 4.203180e+11 5.000000e+18
1.114000e-05 4.210739e+11 5.000000e+18
1.116000e-05 4.218299e+11 5.000000e+18
1.118000e-05 4.225859e+11 5.000000e+18
1.120000e-05 4.233419e+11 5.000000e+18
1.122000e-05 4.240979e+11 5.000000e+18
1.124000e-05 4.248538e+11 5.000000e+18
1.126000e-05 4.256098e+11 5.000000e+18
1.128000e-05 4.263658e+11 5.000000e+18
1.130000e-05 4.271218e+11 5.000000e+18
1.132000e-05 4.278778e+11 5.000000e+18
1.134000e-05 4.286337e+11 5.000000e+18
1.136000e-05 4.293897e+11 5.000000e+18
1.138000e-05 4.301457e+11 5.000000e+18
1.140000e-05 4.309017e+11 5.000000e+18
1.142000e-05 4.316577e+11 5.000000e+18
1.144000e-05 4.324136e+11 5.000000e+18
1.146000e-05 4.331696e+11 5.000000e+18
1.148000e-05 4.339256e+11 5.000000e+18
1.150000e-05 4.346816e+11 5.000000e+18
1.152000e-05 4.354376e+11 5.000000e+18
1.154000e-05 4.361935e+11 5.000000e+18
1.156000e-05 4.369495e+11 5.000000e+18
1.158000e-05 4.377055e+11 5.000000e+18
1.160000e-05 4.384615e+11 5.000000e+18
1.162000e-05 4.392175e+11 5.000000e+18
1.164000e-05 4.399734e+11 5.000000e+18
1.166000e-05 4.407294e+11 5.000000e+18
1.168000e-05 4.414854e+11 5.000000e+18
1.170000e-05 4.422414e+11 5.000000e+18
1.172000e-05 4.429974e+11 5.000000e+18
1.174000e-05 4.437534e+11 5.000000e+18
1.176000e-05 4.445093e+11 5.000000e+18
1.178000e-05 4.452653e+11 5.000000e+18
1.180000e-05 4.460213e+11 5.000000e+18
1.182000e-05 4.467773e+11 5.000000e+18
1.184000e-05 4.475333e+11 5.000000e+18
1.186000e-05 4.482892e+11 5.000000e+18
1.188000e-05 4.490452e+11 5.000000e+18
1.190000e-05 4.498012e+11 5.000000e+18
1.192000e-05 4.505572e+11 5.000000e+18
1.194000e-05 4.513132e+11 5.000000e+18
1.196000e-05 4.520692e+11 5.000000e+18
1.198000e-05 4.528251e+11 5.000000e+18
1.200000e-05 4.535811e+11 5.000000e+18
1.202000e-05 4.543371e+11 5.000000e+18
1.204000e-05 4.550931e+11 5.000000e+18
1.206000e-05 4.558491e+11 5.000000e+18
1.208000e-05 4.566051e+11 5.000000e+18
1.210000e-05 4.573610e+11 5.000000e+18
1.212000e-05 4.581170e+11 5.000000e+18
1.214000e-05 4.588730e+11 5.000000e+18
1.216000e-05 4.596290e+11 5.000000e+18
1.218000e-05 4.603850e+11 5.000000e+18
1.220000e-05 4.611410e+11 5.000000e+18
1.222000e-05 4.618969e+11 5.000000e+18
1.224000e-05 4.626529e+11 5.000000e+18
1.226000e-05 4.634089e+11 5.000000e+18
1.228000e-05 4.641649e+11 5.000000e+18
1.230000e-05 4.649209e+11 5.000000e+18
1.232000e-05 4.656769e+11 5.000000e+18
1.234000e-05 4.664328e+11 5.000000e+18
1.236000e-05 4.671888e+11 5.000000e+18
1.238000e-05 4.679448e+11 5.000000e+18
1.240000e-05 4.687008e+11 5.000000e+18
1.242000e-05 4.694568e+11 5.000000e+18
1.244000e-05 4.702128e+11 5.000000e+18
1.246000e-05 4.709687e+11 5.000000e+18
1.248000e-05 4.717247e+11 5.000000e+18
1.250000e-05 4.724807e+11 5.000000e+18
1.252000e-05 4.732367e+11 5.000000e+18
1.254000e-05 4.739927e+11 5.000000e+18
1.256000e-05 4.747487e+11 5.000000e+18
1.258000e-05 4.755046e+11 5.000000e+18
1.260000e-05 4.762606e+11 5.000000e+18
1.262000e-05 4.770166e+11 5.000000e+18
1.264000e-05 4.777726e+11 5.000000e+18
1.266000e-05 4.785286e+11 5.000000e+18
1.268000e-05 4.792846e+11 5.000000e+18
1.270000e-05 4.800406e+11 5.000000e+18
1.272000e-05 4.807965e+11 5.000000e+18
1.274000e-05 4.815525e+11 5.000000e+18
1.276000e-05 4.823085e+11 5.000000e+18
1.278000e-05 4.830645e+11 5.000000e+18
1.280000e-05 4.838205e+11 5.000000e+18
1.282000e-05 4.845765e+11 5.000000e+18
1.284000e-05 4.853325e+11 5.000000e+18
1.286000e-05 4.860884e+11 5.000000e+18
1.288000e-05 4.868444e+11 5.000000e+18
1.290000e-05 4.876004e+11 5.000000e+18
1.292000e-05 4.883564e+11 5.000000e+18
1.294000e-05 4.891124e+11 5.000000e+18
1.296000e-05 4.898684e+11 5.000000e+18
1.298000e-05 4.906244e+11 5.000000e+18
1.300000e-05 4.913803e+11 5.000000e+18
1.302000e-05 4.921363e+11 5.000000e+18
1.304000e-05 4.928923e+11 5.000000e+18
1.306000e-05 4.936483e+11 5.000000e+18
1.308000e-05 4.944043e+11 5.000000e+18
1.310000e-05 4.951603e+11 5.000000e+18
1.312000e-05 4.959163e+11 5.000000e+18
1.314000e-05 4.966722e+11 5.000000e+18
1.316000e-05 4.974282e+11 5.000000e+18
1.318000e-05 4.981842e+11 5.000000e+18
1.320000e-05 4.989402e+11 5.000000e+18
1.322000e-05 4.996962e+11 5.000001e+18
1.324000e-05 5.004522e+11 5.000001e+18
1.326000e-05 5.012082e+11 5.000001e+18
1.328000e-05 5.019642e+11 5.000001e+18
1.330000e-05 5.027201e+11 5.000001e+18
1.332000e-05 5.034761e+11 5.000001e+18
1.334000e-05 5.042321e+11 5.000001e+18
1.336000e-05 5.049881e+11 5.000001e+18
1.338000e-05 5.057441e+11 5.000001e+18
1.340000e-05 5.065001e+11 5.000001e+18
1.342000e-05 5.072561e+11 5.000001e+18
1.344000e-05 5.080121e+11 5.000001e+18
1.346000e-05 5.087680e+11 5.000001e+18
1.348000e-05 5.095240e+11 5.000001e+18
1.350000e-05 5.102800e+11 5.000001e+18
1.352000e-05 5.110360e+11 5.000001e+18
1.354000e-05 5.117920e+11 5.000001e+18
1.356000e-05 5.125480e+11 5.000001e+18
1.358000e-05 5.133040e+11 5.000001e+18
1.360000e-05 5.140600e+11 5.000001e+18
1.362000e-05 5.148159e+11 5.000001e+18
1.364000e-05 5.155719e+11 5.000001e+18
1.366000e-05 5.163279e+11 5.000001e+18
1.368000e-05 5.170839e+11 5.000001e+18
1.370000e-05 5.178399e+11 5.000001e+18
1.372000e-05 5.185959e+11 5.000001e+18
1.374000e-05 5.193519e+11 5.000001e+18
1.376000e-05 5.201079e+11 5.000001e+18
1.378000e-05 5.208639e+11 5.000001e+18
1.380000e-05 5.216198e+11 5.000001e+18
1.382000e-05 5.223758e+11 5.000001e+18
1.384000e-05 5.231318e+11 5.000001e+18
1.386000e-05 5.238878e+11 5.000001e+18
1.388000e-05 5.246438e+11 5.000001e+18
1.390000e-05 5.253998e+11 5.000001e+18
1.392000e-05 5.261558e+11 5.000001e+18
1.394000e-05 5.269118e+11 5.000001e+18
1.396000e-05 5.276678e+11 5.000001e+18
1.398000e-05 5.284238e+11 5.000001e+18
1.400000e-05 5.291797e+11 5.000001e+18
1.402000e-05 5.299357e+11 5.000001e+18
1.404000e-05 5.306917e+11 5.000001e+18
1.406000e-05 5.314477e+11 5.000001e+18
1.408000e-05 5.322037e+11 5.000001e+18
1.410000e-05 5.329597e+11 5.000001e+18
1.412000e-05 5.337157e+11 5.000001e+18
1.414000e-05 5.344717e+11 5.000001e+18
1.416000e-05 5.352277e+11 5.000001e+18
1.418000e-05 5.359837e+11 5.000001e+18
1.420000e-05 5.367396e+11 5.000001e+18
1.422000e-05 5.374956e+11 5.000001e+18
1.424000e-05 5.382516e+11 5.000001e+18
1.426000e-05 5.390076e+11 5.000001e+18
1.428000e-05 5.397636e+11 5.000001e+18
1.430000e-05 5.405196e+11 5.000001e+18
1.432000e-05 5.412756e+11 5.000001e+18
1.434000e-05 5.420316e+11 5.000001e+18
1.436000e-05 5.427876e+11 5.000001e+18
1.438000e-05 5.435436e+11 5.000001e+18
1.440000e-05 5.442996e+11 5.000001e+18
1.442000e-05 5.450555e+11 5.000001e+18
1.444000e-05 5.458115e+11 5.000001e+18
1.446000e-05 5.465675e+11 5.000001e+18
1.448000e-05 5.473235e+11 5.000001e+18
1.450000e-05 5.480795e+11 5.000001e+18
1.452000e-05 5.488355e+11 5.000001e+18
1.454000e-05 5.495915e+11 5.000001e+18
1.456000e-05 5.503475e+11 5.000001e+18
1.458000e-05 5.511035e+11 5.000001e+18
1.460000e-05 5.518595e+11 5.000001e+18
1.462000e-05 5.526155e+11 5.000001e+18
1.464000e-05 5.533715e+11 5.000001e+18
1.466000e-05 5.541275e+11 5.000001e+18
1.468000e-05 5.548835e+11 5.000001e+18
1.470000e-05 5.556394e+11 5.000001e+18
1.472000e-05 5.563954e+11 5.000001e+18
1.474000e-05 5.571514e+11 5.000001e+18
1.476000e-05 5.579074e+11 5.000001e+18
1.478000e-05 5.586634e+11 5.000001e+18
1.480000e-05 5.594194e+11 5.000001e+18
1.482000e-05 5.601754e+11 5.000001e+18
1.484000e-05 5.609314e+11 5.000001e+18
1.486000e-05 5.616874e+11 5.000001e+18
1.488000e-05 5.624434e+11 5.000001e+18
1.490000e-05 5.631994e+11 5.000001e+18
1.492000e-05 5.639554e+11 5.000001e+18
1.494000e-05 5.647114e+11 5.000001e+18
1.496000e-05 5.654674e+11 5.000001e+18
1.498000e-05 5.662234e+11 5.000001e+18
1.500000e-05 5.669793e+11 5.000001e+18
1.502000e-05 5.677353e+11 5.000001e+18
1.504000e-05 5.684913e+11 5.000001e+18
1.506000e-05 5.692473e+11 5.000001e+18
1.508000e-05 5.700033e+11 5.000001e+18
1.510000e-05 5.707593e+11 5.000001e+18
1.512000e-05 5.715153e+11 5.000001e+18
1.514000e-05 5.722713e+11 5.000001e+18
1.516000e-05 5.730273e+11 5.000001e+18
1.518000e-05 5.737833e+11 5.000001e+18
1.520000e-05 5.745393e+11 5.000001e+18
1.522000e-05 5.752953e+11 5.000001e+18
1.524000e-05 5.760513e+11 5.000001e+18
1.526000e-05 5.768073e+11 5.000001e+18
1.528000e-05 5.775633e+11 5.000001e+18
1.530000e-05 5.783193e+11 5.000001e+18
1.532000e-05 5.790753e+11 5.000001e+18
1.534000e-05 5.798313e+11 5.000001e+18
1.536000e-05 5.805873e+11 5.000001e+18
1.538000e-05 5.813433e+11 5.000001e+18
1.540000e-05 5.820993e+11 5.000001e+18
1.542000e-05 5.828552e+11 5.000001e+18
1.544000e-05 5.836112e+11 5.000001e+18
1.546000e-05 5.843672e+11 5.000001e+18
1.548000e-05 5.851232e+11 5.000001e+18
1.550000e-05 5.858792e+11 5.000001e+18
1.552000e-05 5.866352e+11 5.000001e+18
1.554000e-05 5.873912e+11 5.000001e+18
1.556000e-05 5.881472e+11 5.000001e+18
1.558000e-05 5.889032e+11 5.000001e+18
1.560000e-05 5.896592e+11 5.000001e+18
1.562000e-05 5.904152e+11 5.000001e+18
1.564000e-05 5.911712e+11 5.000001e+18
1.566000e-05 5.919272e+11 5.000001e+18
1.568000e-05 5.926832e+11 5.000001e+18
1.570000e-05 5.934392e+11 5.000001e+18
1.572000e-05 5.941952e+11 5.000001e+18
1.574000e-05 5.949512e+11 5.000001e+18
1.576000e-05 5.957072e+11 5.000001e+18
1.578000e-05 5.964632e+11 5.000001e+18
1.580000e-05 5.972192e+11 5.000001e+18
1.582000e-05 5.979752e+11 5.000001e+18
1.584000e-05 5.987312e+11 5.000001e+18
1.586000e-05 5.994872e+11 5.000001e+18
1.588000e-05 6.002432e+11 5.000001e+18
1.590000e-05 6.009992e+11 5.000001e+18
1.592000e-05 6.017552e+11 5.000001e+18
1.594000e-05 6.025112e+11 5.000001e+18
1.596000e-05 6.032672e+11 5.000001e+18
1.598000e-05 6.040232e+11 5.000001e+18
1.600000e-05 6.047792e+11 5.000001e+18
1.602000e-05 6.055352e+11 5.000001e+18
1.604000e-05 6.062912e+11 5.000001e+18
1.606000e-05 6.070472e+11 5.000001e+18
1.608000e-05 6.078032e+11 5.000001e+18
1.610000e-05 6.085592e+11 5.000001e+18
1.612000e-05 6.093152e+11 5.000001e+18
1.614000e-05 6.100712e+11 5.000001e+18
1.616000e-05 6.108272e+11 5.000001e+18
1.618000e-05 6.115832e+11 5.000001e+18
1.620000e-05 6.123392e+11 5.000001e+18
1.622000e-05 6.130952e+11 5.000001e+18
1.624000e-05 6.138512e+11 5.000001e+18
1.626000e-05 6.146072e+11 5.000001e+18
1.628000e-05 6.153632e+11 5.000001e+18
1.630000e-05 6.161192e+11 5.000001e+18
1.632000e-05 6.168752e+11 5.000001e+18
1.634000e-05 6.176312e+11 5.000001e+18
1.636000e-05 6.183872e+11 5.000001e+18
1.638000e-05 6.191432e+11 5.000001e+18
1.640000e-05 6.198992e+11 5.000001e+18
1.642000e-05 6.206552e+11 5.000001e+18
1.644000e-05 6.214112e+11 5.000001e+18
1.646000e-05 6.221672e+11 5.000001e+18
1.648000e-05 6.229232e+11 5.000001e+18
1.650000e-05 6.236792e+11 5.000001e+18
1.652000e-05 6.244352e+11 5.000001e+18
1.654000e-05 6.251912e+11 5.000001e+18
1.656000e-05 6.259472e+11 5.000001e+18
1.658000e-05 6.267032e+11 5.000001e+18
1.660000e-05 6.274592e+11 5.000001e+18
1.662000e-05 6.282152e+11 5.000001e+18
1.664000e-05 6.289712e+11 5.000001e+18
1.666000e-05 6.297272e+11 5.000001e+18
1.668000e-05 6.304832e+11 5.000001e+18
1.670000e-05 6.312392e+11 5.000001e+18
1.672000e-05 6.319952e+11 5.000001e+18
1.674000e-05 6.327512e+11 5.000001e+18
1.676000e-05 6.335072e+11 5.000001e+18
1.678000e-05 6.342632e+11 5.000001e+18
1.680000e-05 6.350192e+11 5.000001e+18
1.682000e-05 6.357752e+11 5.000001e+18
1.684000e-05 6.365312e+11 5.000001e+18
1.686000e-05 6.372872e+11 5.000001e+18
1.688000e-05 6.380432e+11 5.000001e+18
1.690000e-05 6.387992e+11 5.000001e+18
1.692000e-05 6.395552e+11 5.000001e+18
1.694000e-05 6.403112e+11 5.000001e+18
1.696000e-05 6.410672e+11 5.000001e+18
1.698000e-05 6.418232e+11 5.000001e+18
1.700000e-05 6.425792e+11 5.000001e+18
1.702000e-05 6.433352e+11 5.000001e+18
1.704000e-05 6.440912e+11 5.000001e+18
1.706000e-05 6.448472e+11 5.000001e+18
1.708000e-05 6.456032e+11 5.000001e+18
1.710000e-05 6.463593e+11 5.000001e+18
1.712000e-05 6.471153e+11 5.000001e+18
1.714000e-05 6.478713e+11 5.000001e+18
1.716000e-05 6.486273e+11 5.000001e+18
1.718000e-05 6.493833e+11 5.000001e+18
1.720000e-05 6.501393e+11 5.000001e+18
1.722000e-05 6.508953e+11 5.000001e+18
1.724000e-05 6.516513e+11 5.000001e+18
1.726000e-05 6.524073e+11 5.000001e+18
1.728000e-05 6.531633e+11 5.000001e+18
1.730000e-05 6.539193e+11 5.000001e+18
1.732000e-05 6.546753e+11 5.000001e+18
1.734000e-05 6.554313e+11 5.000001e+18
1.736000e-05 6.561873e+11 5.000001e+18
1.738000e-05 6.569433e+11 5.000001e+18
1.740000e-05 6.576993e+11 5.000001e+18
1.742000e-05 6.584553e+11 5.000001e+18
1.744000e-05 6.592113e+11 5.000001e+18
1.746000e-05 6.599673e+11 5.000001e+18
1.748000e-05 6.607233e+11 5.000001e+18
1.750000e-05 6.614794e+11 5.000001e+18
1.752000e-05 6.622354e+11 5.000001e+18
1.754000e-05 6.629914e+11 5.000001e+18
1.756000e-05 6.637474e+11 5.000001e+18
1.758000e-05 6.645034e+11 5.000001e+18
1.760000e-05 6.652594e+11 5.000001e+18
1.762000e-05 6.660154e+11 5.000001e+18
1.764000e-05 6.667714e+11 5.000001e+18
1.766000e-05 6.675274e+11 5.000001e+18
1.768000e-05 6.682834e+11 5.000001e+18
1.770000e-05 6.690394e+11 5.000001e+18
1.772000e-05 6.697954e+11 5.000001e+18
1.774000e-05 6.705514e+11 5.000001e+18
1.776000e-05 6.713074e+11 5.000001e+18
1.778000e-05 6.720634e+11 5.000001e+18
1.780000e-05 6.728195e+11 5.000001e+18
1.782000e-05 6.735755e+11 5.000001e+18
1.784000e-05 6.743315e+11 5.000001e+18
1.786000e-05 6.750875e+11 5.000001e+18
1.788000e-05 6.758435e+11 5.000001e+18
1.790000e-05 6.765995e+11 5.000001e+18
1.792000e-05 6.773555e+11 5.000001e+18
1.794000e-05 6.781115e+11 5.000001e+18
1.796000e-05 6.788675e+11 5.000001e+18
1.798000e-05 6.796235e+11 5.000001e+18
1.800000e-05 6.803795e+11 5.000001e+18
1.802000e-05 6.811355e+11 5.000001e+18
1.804000e-05 6.818916e+11 5.000001e+18
1.806000e-05 6.826476e+11 5.000001e+18
1.808000e-05 6.834036e+11 5.000001e+18
1.810000e-05 6.841596e+11 5.000001e+18
1.812000e-05 6.849156e+11 5.000001e+18
1.814000e-05 6.856716e+11 5.000001e+18
1.816000e-05 6.864276e+11 5.000001e+18
1.818000e-05 6.871836e+11 5.000001e+18
1.820000e-05 6.879396e+11 5.000001e+18
1.822000e-05 6.886956e+11 5.000001e+18
1.824000e-05 6.894517e+11 5.000001e+18
1.826000e-05 6.902077e+11 5.000001e+18
1.828000e-05 6.909637e+11 5.000001e+18
1.830000e-05 6.917197e+11 5.000001e+18
1.832000e-05 6.924757e+11 5.000001e+18
1.834000e-05 6.932317e+11 5.000001e+18
1.836000e-05 6.939877e+11 5.000001e+18
1.838000e-05 6.947437e+11 5.000001e+18
1.840000e-05 6.954997e+11 5.000001e+18
1.842000e-05 6.962557e+11 5.000001e+18
1.844000e-05 6.970118e+11 5.000001e+18
1.846000e-05 6.977678e+11 5.000001e+18
1.848000e-05 6.985238e+11 5.000001e+18
1.850000e-05 6.992798e+11 5.000001e+18
1.852000e-05 7.000358e+11 5.000001e+18
1.854000e-05 7.007918e+11 5.000001e+18
1.856000e-05 7.015478e+11 5.000001e+18
1.858000e-05 7.023038e+11 5.000001e+18
1.860000e-05 7.030598e+11 5.000001e+18
1.862000e-05 7.038159e+11 5.000001e+18
1.864000e-05 7.045719e+11 5.000001e+18
1.866000e-05 7.053279e+11 5.000001e+18
1.868000e-05 7.060839e+11 5.000001e+18
1.870000e-05 7.068399e+11 5.000001e+18
1.872000e-05 7.075959e+11 5.000001e+18
1.874000e-05 7.083519e+11 5.000001e+18
1.876000e-05 7.091079e+11 5.000001e+18
1.878000e-05 7.098640e+11 5.000001e+18
1.880000e-05 7.106200e+11 5.000001e+18
1.882000e-05 7.113760e+11 5.000001e+18
1.884000e-05 7.121320e+11 5.000001e+18
1.886000e-05 7.128880e+11 5.000001e+18
1.888000e-05 7.136440e+11 5.000001e+18
1.890000e-05 7.144000e+11 5.000001e+18
1.892000e-05 7.151561e+11 5.000001e+18
1.894000e-05 7.159121e+11 5.000001e+18
1.896000e-05 7.166681e+11 5.000001e+18
1.898000e-05 7.174241e+11 5.000001e+18
1.900000e-05 7.181801e+11 5.000001e+18
1.902000e-05 7.189361e+11 5.000001e+18
1.904000e-05 7.196921e+11 5.000001e+18
1.906000e-05 7.204482e+11 5.000001e+18
1.908000e-05 7.212042e+11 5.000001e+18
1.910000e-05 7.219602e+11 5.000001e+18
1.912000e-05 7.227162e+11 5.000001e+18
1.914000e-05 7.234722e+11 5.000001e+18
1.916000e-05 7.242282e+11 5.000001e+18
1.918000e-05 7.249842e+11 5.000001e+18
1.920000e-05 7.257403e+11 5.000001e+18
1.922000e-05 7.264963e+11 5.000001e+18
1.924000e-05 7.272523e+11 5.000001e+18
1.926000e-05 7.280083e+11 5.000001e+18
1.928000e-05 7.287643e+11 5.000001e+18
1.930000e-05 7.295203e+11 5.000001e+18
1.932000e-05 7.302763e+11 5.000001e+18
1.934000e-05 7.310324e+11 5.000001e+18
1.936000e-05 7.317884e+11 5.000001e+18
1.938000e-05 7.325444e+11 5.000001e+18
1.940000e-05 7.333004e+11 5.000001e+18
1.942000e-05 7.340564e+11 5.000001e+18
1.944000e-05 7.348124e+11 5.000001e+18
1.946000e-05 7.355685e+11 5.000001e+18
1.948000e-05 7.363245e+11 5.000001e+18
1.950000e-05 7.370805e+11 5.000001e+18
1.952000e-05 7.378365e+11 5.000001e+18
1.954000e-05 7.385925e+11 5.000001e+18
1.956000e-05 7.393485e+11 5.000001e+18
1.958000e-05 7.401046e+11 5.000001e+18
1.960000e-05 7.408606e+11 5.000001e+18
1.962000e-05 7.416166e+11 5.000001e+18
1.964000e-05 7.423726e+11 5.000001e+18
1.966000e-05 7.431286e+11 5.000001e+18
1.968000e-05 7.438847e+11 5.000001e+18
1.970000e-05 7.446407e+11 5.000001e+18
1.972000e-05 7.453967e+11 5.000001e+18
1.974000e-05 7.461527e+11 5.000001e+18
1.976000e-05 7.469087e+11 5.000001e+18
1.978000e-05 7.476647e+11 5.000001e+18
1.980000e-05 7.484208e+11 5.000001e+18
1.982000e-05 7.491768e+11 5.000001e+18
1.984000e-05 7.499328e+11 5.000001e+18
1.986000e-05 7.506888e+11 5.000001e+18
1.988000e-05 7.514448e+11 5.000001e+18
1.990000e-05 7.522009e+11 5.000001e+18
1.992000e-05 7.529569e+11 5.000001e+18
1.994000e-05 7.537129e+11 5.000001e+18
1.996000e-05 7.544689e+11 5.000001e+18
1.998000e-05 7.552249e+11 5.000001e+18
2.000000e-05 7.559810e+11 5.000001e+18
2.002000e-05 7.567370e+11 5.000001e+18
2.004000e-05 7.574930e+11 5.000001e+18
2.006000e-05 7.582490e+11 5.000001e+18
2.008000e-05 7.590050e+11 5.000001e+18
2.010000e-05 7.597611e+11 5.000001e+18
2.012000e-05 7.605171e+11 5.000001e+18
2.014000e-05 7.612731e+11 5.000001e+18
2.016000e-05 7.620291e+11 5.000001e+18
2.018000e-05 7.627851e+11 5.000001e+18
2.020000e-05 7.635412e+11 5.000001e+18
2.022000e-05 7.642972e+11 5.000001e+18
2.024000e-05 7.650532e+11 5.000001e+18
2.026000e-05 7.658092e+11 5.000001e+18
2.028000e-05 7.665652e+11 5.000001e+18
2.030000e-05 7.673213e+11 5.000001e+18
2.032000e-05 7.680773e+11 5.000001e+18
2.034000e-05 7.688333e+11 5.000001e+18
2.036000e-05 7.695893e+11 5.000001e+18
2.038000e-05 7.703454e+11 5.000001e+18
2.040000e-05 7.711014e+11 5.000001e+18
2.042000e-05 7.718574e+11 5.000001e+18
2.044000e-05 7.726134e+11 5.000001e+18
2.046000e-05 7.733694e+11 5.000001e+18
2.048000e-05 7.741255e+11 5.000001e+18
2.050000e-05 7.748815e+11 5.000001e+18
2.052000e-05 7.756375e+11 5.000001e+18
2.054000e-05 7.763935e+11 5.000001e+18
2.056000e-05 7.771496e+11 5.000001e+18
2.058000e-05 7.779056e+11 5.000001e+18
2.060000e-05 7.786616e+11 5.000001e+18
2.062000e-05 7.794176e+11 5.000001e+18
2.064000e-05 7.801736e+11 5.000001e+18
2.066000e-05 7.809297e+11 5.000001e+18
2.068000e-05 7.816857e+11 5.000001e+18
2.070000e-05 7.824417e+11 5.000001e+18
2.072000e-05 7.831977e+11 5.000001e+18
2.074000e-05 7.839538e+11 5.000001e+18
2.076000e-05 7.847098e+11 5.000001e+18
2.078000e-05 7.854658e+11 5.000001e+18
2.080000e-05 7.862218e+11 5.000001e+18
2.082000e-05 7.869779e+11 5.000001e+18
2.084000e-05 7.877339e+11 5.000001e+18
2.086000e-05 7.884899e+11 5.000001e+18
2.088000e-05 7.892459e+11 5.000001e+18
2.090000e-05 7.900020e+11 5.000001e+18
2.092000e-05 7.907580e+11 5.000001e+18
2.094000e-05 7.915140e+11 5.000001e+18
2.096000e-05 7.922700e+11 5.000001e+18
2.098000e-05 7.930261e+11 5.000001e+18
2.100000e-05 7.937821e+11 5.000001e+18
2.102000e-05 7.945381e+11 5.000001e+18
2.104000e-05 7.952941e+11 5.000001e+18
2.106000e-05 7.960502e+11 5.000001e+18
2.108000e-05 7.968062e+11 5.000001e+18
2.110000e-05 7.975622e+11 5.000001e+18
2.112000e-05 7.983182e+11 5.000001e+18
2.114000e-05 7.990743e+11 5.000001e+18
2.116000e-05 7.998303e+11 5.000001e+18
2.118000e-05 8.005863e+11 5.000001e+18
2.120000e-05 8.013424e+11 5.000001e+18
2.122000e-05 8.020984e+11 5.000001e+18
2.124000e-05 8.028544e+11 5.000001e+18
2.126000e-05 8.036104e+11 5.000001e+18
2.128000e-05 8.043665e+11 5.000001e+18
2.130000e-05 8.051225e+11 5.000001e+18
2.132000e-05 8.058785e+11 5.000001e+18
2.134000e-05 8.066345e+11 5.000001e+18
2.136000e-05 8.073906e+11 5.000001e+18
2.138000e-05 8.081466e+11 5.000001e+18
2.140000e-05 8.089026e+11 5.000001e+18
2.142000e-05 8.096587e+11 5.000001e+18
2.144000e-05 8.104147e+11 5.000001e+18
2.146000e-05 8.111707e+11 5.000001e+18
2.148000e-05 8.119267e+11 5.000001e+18
2.150000e-05 8.126828e+11 5.000001e+18
2.152000e-05 8.134388e+11 5.000001e+18
2.154000e-05 8.141948e+11 5.000001e+18
2.156000e-05 8.149509e+11 5.000001e+18
2.158000e-05 8.157069e+11 5.000001e+18
2.160000e-05 8.164629e+11 5.000001e+18
2.162000e-05 8.172190e+11 5.000001e+18
2.164000e-05 8.179750e+11 5.000001e+18
2.166000e-05 8.187310e+11 5.000001e+18
2.168000e-05 8.194870e+11 5.000001e+18
2.170000e-05 8.202431e+11 5.000001e+18
2.172000e-05 8.209991e+11 5.000001e+18
2.174000e-05 8.217551e+11 5.000001e+18
2.176000e-05 8.225112e+11 5.000001e+18
2.178000e-05 8.232672e+11 5.000001e+18
2.180000e-05 8.240232e+11 5.000001e+18
2.182000e-05 8.247793e+11 5.000001e+18
2.184000e-05 8.255353e+11 5.000001e+18
2.186000e-05 8.262913e+11 5.000001e+18
2.188000e-05 8.270473e+11 5.000001e+18
2.190000e-05 8.278034e+11 5.000001e+18
2.192000e-05 8.285594e+11 5.000001e+18
2.194000e-05 8.293154e+11 5.000001e+18
2.196000e-05 8.300715e+11 5.000001e+18
2.198000e-05 8.308275e+11 5.000001e+18
2.200000e-05 8.315835e+11 5.000001e+18
2.202000e-05 8.323396e+11 5.000001e+18
2.204000e-05 8.330956e+11 5.000001e+18
2.206000e-05 8.338516e+11 5.000001e+18
2.208000e-05 8.346077e+11 5.000001e+18
2.210000e-05 8.353637e+11 5.000001e+18
2.212000e-05 8.361197e+11 5.000001e+18
2.214000e-05 8.368758e+11 5.000001e+18
2.216000e-05 8.376318e+11 5.000001e+18
2.218000e-05 8.383878e+11 5.000001e+18
2.220000e-05 8.391439e+11 5.000001e+18
2.222000e-05 8.398999e+11 5.000001e+18
2.224000e-05 8.406559e+11 5.000001e+18
2.226000e-05 8.414120e+11 5.000001e+18
2.228000e-05 8.421680e+11 5.000001e+18
2.230000e-05 8.429240e+11 5.000001e+18
2.232000e-05 8.436801e+11 5.000001e+18
2.234000e-05 8.444361e+11 5.000001e+18
2.236000e-05 8.451921e+11 5.000001e+18
2.238000e-05 8.459482e+11 5.000001e+18
2.240000e-05 8.467042e+11 5.000001e+18
2.242000e-05 8.474602e+11 5.000001e+18
2.244000e-05 8.482163e+11 5.000001e+18
2.246000e-05 8.489723e+11 5.000001e+18
2.248000e-05 8.497283e+11 5.000001e+18
2.250000e-05 8.504844e+11 5.000001e+18
2.252000e-05 8.512404e+11 5.000001e+18
2.254000e-05 8.519964e+11 5.000001e+18
2.256000e-05 8.527525e+11 5.000001e+18
2.258000e-05 8.535085e+11 5.000001e+18
2.260000e-05 8.542646e+11 5.000001e+18
2.262000e-05 8.550206e+11 5.000001e+18
2.264000e-05 8.557766e+11 5.000001e+18
2.266000e-05 8.565327e+11 5.000001e+18
2.268000e-05 8.572887e+11 5.000001e+18
2.270000e-05 8.580447e+11 5.000001e+18
2.272000e-05 8.588008e+11 5.000001e+18
2.274000e-05 8.595568e+11 5.000001e+18
2.276000e-05 8.603128e+11 5.000001e+18
2.278000e-05 8.610689e+11 5.000001e+18
2.280000e-05 8.618249e+11 5.000001e+18
2.282000e-05 8.625810e+11 5.000001e+18
2.284000e-05 8.633370e+11 5.000001e+18
2.286000e-05 8.640930e+11 5.000001e+18
2.288000e-05 8.648491e+11 5.000001e+18
2.290000e-05 8.656051e+11 5.000001e+18
2.292000e-05 8.663611e+11 5.000001e+18
2.294000e-05 8.671172e+11 5.000001e+18
2.296000e-05 8.678732e+11 5.000001e+18
2.298000e-05 8.686293e+11 5.000001e+18
2.300000e-05 8.693853e+11 5.000001e+18
2.302000e-05 8.701413e+11 5.000001e+18
2.304000e-05 8.708974e+11 5.000001e+18
2.306000e-05 8.716534e+11 5.000001e+18
2.308000e-05 8.724095e+11 5.000001e+18
2.310000e-05 8.731655e+11 5.000001e+18
2.312000e-05 8.739215e+11 5.000001e+18
2.314000e-05 8.746776e+11 5.000001e+18
2.316000e-05 8.754336e+11 5.000001e+18
2.318000e-05 8.761897e+11 5.000001e+18
2.320000e-05 8.769457e+11 5.000001e+18
2.322000e-05 8.777017e+11 5.000001e+18
2.324000e-05 8.784578e+11 5.000001e+18
2.326000e-05 8.792138e+11 5.000001e+18
2.328000e-05 8.799699e+11 5.000001e+18
2.330000e-05 8.807259e+11 5.000001e+18
2.332000e-05 8.814819e+11 5.000001e+18
2.334000e-05 8.822380e+11 5.000001e+18
2.336000e-05 8.829940e+11 5.000001e+18
2.338000e-05 8.837501e+11 5.000001e+18
2.340000e-05 8.845061e+11 5.000001e+18
2.342000e-05 8.852621e+11 5.000001e+18
2.344000e-05 8.860182e+11 5.000001e+18
2.346000e-05 8.867742e+11 5.000001e+18
2.348000e-05 8.875303e+11 5.000001e+18
2.350000e-05 8.882863e+11 5.000001e+18
2.352000e-05 8.890424e+11 5.000001e+18
2.354000e-05 8.897984e+11 5.000001e+18
2.356000e-05 8.905544e+11 5.000001e+18
2.358000e-05 8.913105e+11 5.000001e+18
2.360000e-05 8.920665e+11 5.000001e+18
2.362000e-05 8.928226e+11 5.000001e+18
2.364000e-05 8.935786e+11 5.000001e+18
2.366000e-05 8.943346e+11 5.000001e+18
2.368000e-05 8.950907e+11 5.000001e+18
2.370000e-05 8.958467e+11 5.000001e+18
2.372000e-05 8.966028e+11 5.000001e+18
2.374000e-05 8.973588e+11 5.000001e+18
2.376000e-05 8.981149e+11 5.000001e+18
2.378000e-05 8.988709e+11 5.000001e+18
2.380000e-05 8.996270e+11 5.000001e+18
2.382000e-05 9.003830e+11 5.000001e+18
2.384000e-05 9.011390e+11 5.000001e+18
2.386000e-05 9.018951e+11 5.000001e+18
2.388000e-05 9.026511e+11 5.000001e+18
2.390000e-05 9.034072e+11 5.000001e+18
2.392000e-05 9.041632e+11 5.000001e+18
2.394000e-05 9.049193e+11 5.000001e+18
2.396000e-05 9.056753e+11 5.000001e+18
2.398000e-05 9.064314e+11 5.000001e+18
2.400000e-05 9.071874e+11 5.000001e+18
2.402000e-05 9.079434e+11 5.000001e+18
2.404000e-05 9.086995e+11 5.000001e+18
2.406000e-05 9.094555e+11 5.000001e+18
2.408000e-05 9.102116e+11 5.000001e+18
2.410000e-05 9.109676e+11 5.000001e+18
2.412000e-05 9.117237e+11 5.000001e+18
2.414000e-05 9.124797e+11 5.000001e+18
2.416000e-05 9.132358e+11 5.000001e+18
2.418000e-05 9.139918e+11 5.000001e+18
2.420000e-05 9.147479e+11 5.000001e+18
2.422000e-05 9.155039e+11 5.000001e+18
2.424000e-05 9.162600e+11 5.000001e+18
2.426000e-05 9.170160e+11 5.000001e+18
2.428000e-05 9.177721e+11 5.000001e+18
2.430000e-05 9.185281e+11 5.000001e+18
2.432000e-05 9.192841e+11 5.000001e+18
2.434000e-05 9.200402e+11 5.000001e+18
2.436000e-05 9.207962e+11 5.000001e+18
2.438000e-05 9.215523e+11 5.000001e+18
2.440000e-05 9.223083e+11 5.000001e+18
2.442000e-05 9.230644e+11 5.000001e+18
2.444000e-05 9.238204e+11 5.000001e+18
2.446000e-05 9.245765e+11 5.000001e+18
2.448000e-05 9.253325e+11 5.000001e+18
2.450000e-05 9.260886e+11 5.000001e+18
2.452000e-05 9.268446e+11 5.000001e+18
2.454000e-05 9.276007e+11 5.000001e+18
2.456000e-05 9.283567e+11 5.000001e+18
2.458000e-05 9.291128e+11 5.000001e+18
2.460000e-05 9.298688e+11 5.000001e+18
2.462000e-05 9.306249e+11 5.000001e+18
2.464000e-05 9.313809e+11 5.000001e+18
2.466000e-05 9.321370e+11 5.000001e+18
2.468000e-05 9.328930e+11 5.000001e+18
2.470000e-05 9.336491e+11 5.000001e+18
2.472000e-05 9.344051e+11 5.000001e+18
2.474000e-05 9.351612e+11 5.000001e+18
2.476000e-05 9.359172e+11 5.000001e+18
2.478000e-05 9.366733e+11 5.000001e+18
2.480000e-05 9.374293e+11 5.000001e+18
2.482000e-05 9.381854e+11 5.000001e+18
2.484000e-05 9.389414e+11 5.000001e+18
2.486000e-05 9.396975e+11 5.000001e+18
2.488000e-05 9.404535e+11 5.000001e+18
2.490000e-05 9.412096e+11 5.000001e+18
2.492000e-05 9.419656e+11 5.000001e+18
2.494000e-05 9.427217e+11 5.000001e+18
2.496000e-05 9.434777e+11 5.000001e+18
2.498000e-05 9.442338e+11 5.000001e+18
2.500000e-05 9.449899e+11 5.000001e+18
2.502000e-05 9.457459e+11 5.000001e+18
2.504000e-05 9.465020e+11 5.000001e+18
2.506000e-05 9.472580e+11 5.000001e+18
2.508000e-05 9.480141e+11 5.000001e+18
2.510000e-05 9.487701e+11 5.000001e+18
2.512000e-05 9.495262e+11 5.000001e+18
2.514000e-05 9.502822e+11 5.000001e+18
2.516000e-05 9.510383e+11 5.000001e+18
2.518000e-05 9.517943e+11 5.000001e+18
2.520000e-05 9.525504e+11 5.000001e+18
2.522000e-05 9.533064e+11 5.000001e+18
2.524000e-05 9.540625e+11 5.000001e+18
2.526000e-05 9.548185e+11 5.000001e+18
2.528000e-05 9.555746e+11 5.000001e+18
2.530000e-05 9.563307e+11 5.000001e+18
2.532000e-05 9.570867e+11 5.000001e+18
2.534000e-05 9.578428e+11 5.000001e+18
2.536000e-05 9.585988e+11 5.000001e+18
2.538000e-05 9.593549e+11 5.000001e+18
2.540000e-05 9.601109e+11 5.000001e+18
2.542000e-05 9.608670e+11 5.000001e+18
2.544000e-05 9.616230e+11 5.000001e+18
2.546000e-05 9.623791e+11 5.000001e+18
2.548000e-05 9.631352e+11 5.000001e+18
2.550000e-05 9.638912e+11 5.000001e+18
2.552000e-05 9.646473e+11 5.000001e+18
2.554000e-05 9.654033e+11 5.000001e+18
2.556000e-05 9.661594e+11 5.000001e+18
2.558000e-05 9.669154e+11 5.000001e+18
2.560000e-05 9.676715e+11 5.000001e+18
2.562000e-05 9.684276e+11 5.000001e+18
2.564000e-05 9.691836e+11 5.000001e+18
2.566000e-05 9.699397e+11 5.000001e+18
2.568000e-05 9.706957e+11 5.000001e+18
2.570000e-05 9.714518e+11 5.000001e+18
2.572000e-05 9.722078e+11 5.000001e+18
2.574000e-05 9.729639e+11 5.000001e+18
2.576000e-05 9.737200e+11 5.000001e+18
2.578000e-05 9.744760e+11 5.000001e+18
2.580000e-05 9.752321e+11 5.000001e+18
2.582000e-05 9.759881e+11 5.000001e+18
2.584000e-05 9.767442e+11 5.000001e+18
2.586000e-05 9.775003e+11 5.000001e+18
2.588000e-05 9.782563e+11 5.000001e+18
2.590000e-05 9.790124e+11 5.000001e+18
2.592000e-05 9.797684e+11 5.000001e+18
2.594000e-05 9.805245e+11 5.000001e+18
2.596000e-05 9.812805e+11 5.000001e+18
2.598000e-05 9.820366e+11 5.000001e+18
2.600000e-05 9.827927e+11 5.000001e+18
2.602000e-05 9.835487e+11 5.000001e+18
2.604000e-05 9.843048e+11 5.000001e+18
2.606000e-05 9.850609e+11 5.000001e+18
2.608000e-05 9.858169e+11 5.000001e+18
2.610000e-05 9.865730e+11 5.000001e+18
2.612000e-05 9.873290e+11 5.000001e+18
2.614000e-05 9.880851e+11 5.000001e+18
2.616000e-05 9.888412e+11 5.000001e+18
2.618000e-05 9.895972e+11 5.000001e+18
2.620000e-05 9.903533e+11 5.000001e+18
2.622000e-05 9.911093e+11 5.000001e+18
2.624000e-05 9.918654e+11 5.000001e+18
2.626000e-05 9.926215e+11 5.000001e+18
2.628000e-05 9.933775e+11 5.000001e+18
2.630000e-05 9.941336e+11 5.000001e+18
2.632000e-05 9.948897e+11 5.000001e+18
2.634000e-05 9.956457e+11 5.000001e+18
2.636000e-05 9.964018e+11 5.000001e+18
2.638000e-05 9.971578e+11 5.000001e+18
2.640000e-05 9.979139e+11 5.000001e+18
2.642000e-05 9.986700e+11 5.000001e+18
2.644000e-05 9.994260e+11 5.000001e+18
2.646000e-05 1.000182e+12 5.000001e+18
2.648000e-05 1.000938e+12 5.000001e+18
2.650000e-05 1.001694e+12 5.000001e+18
2.652000e-05 1.002450e+12 5.000001e+18
2.654000e-05 1.003206e+12 5.000001e+18
2.656000e-05 1.003962e+12 5.000001e+18
2.658000e-05 1.004719e+12 5.000001e+18
2.660000e-05 1.005475e+12 5.000001e+18
2.662000e-05 1.006231e+12 5.000001e+18
2.664000e-05 1.006987e+12 5.000001e+18
2.666000e-05 1.007743e+12 5.000001e+18
2.668000e-05 1.008499e+12 5.000001e+18
2.670000e-05 1.009255e+12 5.000001e+18
2.672000e-05 1.010011e+12 5.000001e+18
2.674000e-05 1.010767e+12 5.000001e+18
2.676000e-05 1.011523e+12 5.000001e+18
2.678000e-05 1.012279e+12 5.000001e+18
2.680000e-05 1.013035e+12 5.000001e+18
2.682000e-05 1.013791e+12 5.000000e+18
2.684000e-05 1.014547e+12 5.000000e+18
2.686000e-05 1.015304e+12 5.000000e+18
2.688000e-05 1.016060e+12 5.000000e+18
2.690000e-05 1.016816e+12 5.000000e+18
2.692000e-05 1.017572e+12 5.000000e+18
2.694000e-05 1.018328e+12 5.000000e+18
2.696000e-05 1.019084e+12 5.000000e+18
2.698000e-05 1.019840e+12 5.000000e+18
2.700000e-05 1.020596e+12 4.999999e+18
2.702000e-05 1.021352e+12 4.999999e+18
2.704000e-05 1.022108e+12 4.999999e+18
2.706000e-05 1.022865e+12 4.999999e+18
2.708000e-05 1.023621e+12 4.999998e+18
2.710000e-05 1.024377e+12 4.999998e+18
2.712000e-05 1.025133e+12 4.999998e+18
2.714000e-05 1.025889e+12 4.999997e+18
2.716000e-05 1.026645e+12 4.999997e+18
2.718000e-05 1.027401e+12 4.999996e+18
2.720000e-05 1.028158e+12 4.999995e+18
2.722000e-05 1.028914e+12 4.999995e+18
2.724000e-05 1.029670e+12 4.999994e+18
2.726000e-05 1.030426e+12 4.999993e+18
2.728000e-05 1.031183e+12 4.999992e+18
2.730000e-05 1.031939e+12 4.999991e+18
2.732000e-05 1.032695e+12 4.999990e+18
2.734000e-05 1.033452e+12 4.999988e+18
2.736000e-05 1.034208e+12 4.999986e+18
2.738000e-05 1.034965e+12 4.999984e+18
2.740000e-05 1.035721e+12 4.999982e+18
2.742000e-05 1.036478e+12 4.999980e+18
2.744000e-05 1.037234e+12 4.999977e+18
2.746000e-05 1.037991e+12 4.999974e+18
2.748000e-05 1.038748e+12 4.999971e+18
2.750000e-05 1.039505e+12 4.999967e+18
2.752000e-05 1.040262e+12 4.999962e+18
2.754000e-05 1.041019e+12 4.999957e+18
2.756000e-05 1.041776e+12 4.999952e+18
2.758000e-05 1.042533e+12 4.999946e+18
2.760000e-05 1.043291e+12 4.999938e+18
2.762000e-05 1.044049e+12 4.999930e+18
2.764000e-05 1.044807e+12 4.999921e+18
2.766000e-05 1.045565e+12 4.999911e+18
2.768000e-05 1.046323e+12 4.999899e+18
2.770000e-05 1.047082e+12 4.999886e+18
2.772000e-05 1.047841e+12 4.999872e+18
2.774000e-05 1.048601e+12 4.999855e+18
2.776000e-05 1.049361e+12 4.999836e+18
2.778000e-05 1.050121e+12 4.999815e+18
2.780000e-05 1.050883e+12 4.999791e+18
2.782000e-05 1.051644e+12 4.999764e+18
2.784000e-05 1.052407e+12 4.999733e+18
2.786000e-05 1.053170e+12 4.999699e+18
2.788000e-05 1.053934e+12 4.999660e+18
2.790000e-05 1.054700e+12 4.999616e+18
2.792000e-05 1.055466e+12 4.999567e+18
2.794000e-05 1.056234e+12 4.999511e+18
2.796000e-05 1.057004e+12 4.999448e+18
2.798000e-05 1.057775e+12 4.999377e+18
2.800000e-05 1.058548e+12 4.999297e+18
2.802000e-05 1.059323e+12 4.999206e+18
2.804000e-05 1.060101e+12 4.999104e+18
2.806000e-05 1.060881e+12 4.998988e+18
2.808000e-05 1.061665e+12 4.998858e+18
2.810000e-05 1.062452e+12 4.998711e+18
2.812000e-05 1.063244e+12 4.998545e+18
2.814000e-05 1.064040e+12 4.998358e+18
2.816000e-05 1.064841e+12 4.998147e+18
2.818000e-05 1.065648e+12 4.997908e+18
2.820000e-05 1.066461e+12 4.997639e+18
2.822000e-05 1.067282e+12 4.997335e+18
2.824000e-05 1.068111e+12 4.996993e+18
2.826000e-05 1.068950e+12 4.996606e+18
2.828000e-05 1.069800e+12 4.996169e+18
2.830000e-05 1.070661e+12 4.995677e+18
2.832000e-05 1.071537e+12 4.995121e+18
2.834000e-05 1.072427e+12 4.994493e+18
2.836000e-05 1.073335e+12 4.993786e+18
2.838000e-05 1.074263e+12 4.992987e+18
2.840000e-05 1.075213e+12 4.992085e+18
2.842000e-05 1.076189e+12 4.991068e+18
2.844000e-05 1.077192e+12 4.989921e+18
2.846000e-05 1.078228e+12 4.988626e+18
2.848000e-05 1.079300e+12 4.987165e+18
2.850000e-05 1.080413e+12 4.985517e+18
2.852000e-05 1.081573e+12 4.983658e+18
2.854000e-05 1.082784e+12 4.981561e+18
2.856000e-05 1.084055e+12 4.979196e+18
2.858000e-05 1.085393e+12 4.976528e+18
2.860000e-05 1.086806e+12 4.973519e+18
2.862000e-05 1.088305e+12 4.970126e+18
2.864000e-05 1.089900e+12 4.966300e+18
2.866000e-05 1.091604e+12 4.961987e+18
2.868000e-05 1.093432e+12 4.957125e+18
2.870000e-05 1.095400e+12 4.951645e+18
2.872000e-05 1.097525e+12 4.945470e+18
2.874000e-05 1.099830e+12 4.938513e+18
2.876000e-05 1.102336e+12 4.930676e+18
2.878000e-05 1.105072e+12 4.921852e+18
2.880000e-05 1.108067e+12 4.911917e+18
2.882000e-05 1.111356e+12 4.900737e+18
2.884000e-05 1.114978e+12 4.888159e+18
2.886000e-05 1.118978e+12 4.874015e+18
2.888000e-05 1.123406e+12 4.858116e+18
2.890000e-05 1.128319e+12 4.840255e+18
2.892000e-05 1.133785e+12 4.820202e+18
2.894000e-05 1.139877e+12 4.797701e+18
2.896000e-05 1.146682e+12 4.772473e+18
2.898000e-05 1.154299e+12 4.744212e+18
2.900000e-05 1.162840e+12 4.712583e+18
2.902000e-05 1.172435e+12 4.677220e+18
2.904000e-05 1.183232e+12 4.637731e+18
2.906000e-05 1.195404e+12 4.593694e+18
2.908000e-05 1.209150e+12 4.544657e+18
2.910000e-05 1.224699e+12 4.490144e+18
2.912000e-05 1.242318e+12 4.429657e+18
2.914000e-05 1.262318e+12 4.362683e+18
2.916000e-05 1.285062e+12 4.288699e+18
2.918000e-05 1.310975e+12 4.207186e+18
2.920000e-05 1.340556e+12 4.117638e+18
2.922000e-05 1.374395e+12 4.019583e+18
2.924000e-05 1.413191e+12 3.912599e+18
2.926000e-05 1.457774e+12 3.796337e+18
2.928000e-05 1.509137e+12 3.670553e+18
2.930000e-05 1.568475e+12 3.535128e+18
2.932000e-05 1.637231e+12 3.390106e+18
2.934000e-05 1.717158e+12 3.235723e+18
2.936000e-05 1.810399e+12 3.072434e+18
2.938000e-05 1.919591e+12 2.900943e+18
2.940000e-05 2.048000e+12 2.722217e+18
2.942000e-05 2.199695e+12 2.537496e+18
2.944000e-05 2.379787e+12 2.348293e+18
2.946000e-05 2.594737e+12 2.156365e+18
2.948000e-05 2.852778e+12 1.963681e+18
2.950000e-05 3.164477e+12 1.772364e+18
2.952000e-05 3.543509e+12 1.584618e+18
2.954000e-05 4.007712e+12 1.402642e+18
2.956000e-05 4.580546e+12 1.228536e+18
2.958000e-05 5.293136e+12 1.064207e+18
2.960000e-05 6.187130e+12 9.112813e+17
2.962000e-05 7.318762e+12 7.710308e+17
2.964000e-05 8.764656e+12 6.443258e+17
2.966000e-05 1.063020e+13 5.316092e+17
2.968000e-05 1.306175e+13 4.329015e+17
2.970000e-05 1.626452e+13 3.478320e+17
2.972000e-05 2.052918e+13 2.756929e+17
2.974000e-05 2.627164e+13 2.155089e+17
2.976000e-05 3.409318e+13 1.661162e+17
2.978000e-05 4.487238e+13 1.262418e+17
2.980000e-05 5.990679e+13 9.457738e+16
2.982000e-05 8.113386e+13 6.984327e+16
2.984000e-05 1.114787e+14 5.083740e+16
2.986000e-05 1.554078e+14 3.647029e+16
2.988000e-05 2.198190e+14 2.578541e+16
2.990000e-05 3.154896e+14 1.796694e+16
2.992000e-05 4.594563e+14 1.233756e+16
2.994000e-05 6.789712e+14 8.348953e+15
2.996000e-05 1.018153e+15 5.567717e+15
2.998000e-05 1.549295e+15 3.658985e+15
3.000000e-05 8.875565e+22 8.791443e+22
3.002000e-05 8.833493e+22 8.833313e+22
3.004000e-05 8.833402e+22 8.833402e+22
3.006000e-05 8.833401e+22 8.833401e+22
3.008000e-05 8.833400e+22 8.833400e+22
3.010000e-05 8.833399e+22 8.833400e+22
3.012000e-05 8.833399e+22 8.833399e+22
3.014000e-05 8.833398e+22 8.833398e+22
3.016000e-05 8.833295e+22 8.833499e+22
3.018000e-05 8.786166e+22 8.880879e+22
3.020000e-05 1.479408e+15 2.188098e+17
3.022000e-05 1.641073e+15 1.972578e+17
3.024000e-05 1.819351e+15 1.779312e+17
3.026000e-05 2.015947e+15 1.605815e+17
3.028000e-05 2.232740e+15 1.449912e+17
3.030000e-05 2.471803e+15 1.309696e+17
3.032000e-05 2.735425e+15 1.183489e+17
3.034000e-05 3.026127e+15 1.069807e+17
3.036000e-05 3.346696e+15 9.673417e+16
3.038000e-05 3.700201e+15 8.749311e+16
3.040000e-05 4.090034e+15 7.915440e+16
3.042000e-05 4.519935e+15 7.162627e+16
3.044000e-05 4.994031e+15 6.482694e+16
3.046000e-05 5.516880e+15 5.868340e+16
3.048000e-05 6.093510e+15 5.313040e+16
3.050000e-05 6.729475e+15 4.810952e+16
3.052000e-05 7.430905e+15 4.356844e+16
3.054000e-05 8.204570e+15 3.946019e+16
3.056000e-05 9.057947e+15 3.574262e+16
3.058000e-05 9.999298e+15 3.237783e+16
3.060000e-05 1.103775e+16 2.933173e+16
3.062000e-05 1.218338e+16 2.657364e+16
3.064000e-05 1.344735e+16 2.407591e+16
3.066000e-05 1.484199e+16 2.181364e+16
3.068000e-05 1.638092e+16 1.976434e+16
3.070000e-05 8.876314e+22 8.792123e+22
3.072000e-05 8.834208e+22 8.834027e+22
3.074000e-05 8.834117e+22 8.834117e+22
3.076000e-05 8.834116e+22 8.834116e+22
3.078000e-05 8.834115e+22 8.834115e+22
3.080000e-05 8.834114e+22 8.834115e+22
3.082000e-05 8.834114e+22 8.834114e+22
3.084000e-05 8.834113e+22 8.834113e+22
3.086000e-05 8.834013e+22 8.834211e+22
3.088000e-05 8.788008e+22 8.880455e+22
3.090000e-05 2.078572e+14 2.727851e+16
3.092000e-05 3.458279e+14 1.639656e+16
3.094000e-05 5.669646e+14 1.000167e+16
3.096000e-05 9.159379e+14 6.191159e+15
3.098000e-05 1.458137e+15 3.889065e+15
3.100000e-05 2.287483e+15 2.479069e+15
3.102000e-05 3.536294e+15 1.603613e+15
3.104000e-05 5.387327e+15 1.052628e+15
3.106000e-05 8.087902e+15 7.011509e+14
3.108000e-05 1.196576e+16 4.739204e+14
3.110000e-05 1.744583e+16 3.250506e+14
3.112000e-05 2.506670e+16 2.262251e+14
3.114000e-05 3.549500e+16 1.597587e+14
3.116000e-05 4.953528e+16 1.144743e+14
3.118000e-05 6.813301e+16 8.322481e+13
3.120000e-05 9.236765e+16 6.138670e+13
3.122000e-05 1.234333e+17 4.593466e+13
3.124000e-05 1.626052e+17 3.486670e+13
3.126000e-05 2.111915e+17 2.684318e+13
3.128000e-05 2.704705e+17 2.095785e+13
3.130000e-05 3.416176e+17 1.659099e+13
3.132000e-05 4.256262e+17 1.331430e+13
3.134000e-05 5.232282e+17 1.082871e+13
3.136000e-05 6.348233e+17 8.923212e+12
3.138000e-05 7.604236e+17 7.447474e+12
3.140000e-05 8.996206e+17 6.293306e+12
3.142000e-05 1.051578e+18 5.382111e+12
3.144000e-05 1.215053e+18 4.656248e+12
3.146000e-05 1.388446e+18 4.073060e+12
3.148000e-05 1.569870e+18 3.600691e+12
3.150000e-05 1.757235e+18 3.215142e+12
3.152000e-05 1.948349e+18 2.898181e+12
3.154000e-05 2.141003e+18 2.635841e+12
3.156000e-05 2.333066e+18 2.417333e+12
3.158000e-05 2.522555e+18 2.234260e+12
3.160000e-05 2.707691e+18 2.080034e+12
3.162000e-05 2.886945e+18 1.949449e+12
3.164000e-05 3.059052e+18 1.838361e+12
3.166000e-05 3.223024e+18 1.743448e+12
3.168000e-05 3.378137e+18 1.662029e+12
3.170000e-05 3.523916e+18 1.591928e+12
3.172000e-05 3.660110e+18 1.531363e+12
3.174000e-05 3.786661e+18 1.478873e+12
3.176000e-05 3.903674e+18 1.433246e+12
3.178000e-05 4.011386e+18 1.393476e+12
3.180000e-05 4.110139e+18 1.358723e+12
3.182000e-05 4.200348e+18 1.328280e+12
3.184000e-05 4.282483e+18 1.301552e+12
3.186000e-05 4.357048e+18 1.278034e+12
3.188000e-05 4.424562e+18 1.257297e+12
3.190000e-05 4.485547e+18 1.238974e+12
3.192000e-05 4.540518e+18 1.222751e+12
3.194000e-05 4.589974e+18 1.208359e+12
3.196000e-05 4.634393e+18 1.195565e+12
3.198000e-05 4.674229e+18 1.184168e+12
3.200000e-05 4.709905e+18 1.173995e+12
3.202000e-05 4.741819e+18 1.164893e+12
3.204000e-05 4.770336e+18 1.156733e+12
3.206000e-05 4.795794e+18 1.149398e+12
3.208000e-05 4.818501e+18 1.142790e+12
3.210000e-05 4.838740e+18 1.136820e+12
3.212000e-05 4.856767e+18 1.131413e+12
3.214000e-05 4.872814e+18 1.126501e+12
3.216000e-05 4.887091e+18 1.122026e+12
3.218000e-05 4.899788e+18 1.117936e+12
3.220000e-05 4.911074e+18 1.114185e+12
3.222000e-05 4.921102e+18 1.110734e+12
3.224000e-05 4.930011e+18 1.107547e+12
3.226000e-05 4.937922e+18 1.104594e+12
3.228000e-05 4.944945e+18 1.101847e+12
3.230000e-05 4.951179e+18 1.099282e+12
3.232000e-05 4.956712e+18 1.096879e+12
3.234000e-05 4.961620e+18 1.094617e+12
3.236000e-05 4.965975e+18 1.092482e+12
3.238000e-05 4.969837e+18 1.090458e+12
3.240000e-05 4.973263e+18 1.088531e+12
3.242000e-05 4.976301e+18 1.086692e+12
3.244000e-05 4.978995e+18 1.084930e+12
3.246000e-05 4.981383e+18 1.083236e+12
3.248000e-05 4.983500e+18 1.081602e+12
3.250000e-05 4.985377e+18 1.080021e+12
3.252000e-05 4.987041e+18 1.078487e+12
3.254000e-05 4.988516e+18 1.076995e+12
3.256000e-05 4.989823e+18 1.075540e+12
3.258000e-05 4.990982e+18 1.074117e+12
3.260000e-05 4.992009e+18 1.072723e+12
3.262000e-05 4.992919e+18 1.071355e+12
3.264000e-05 4.993725e+18 1.070009e+12
3.266000e-05 4.994440e+18 1.068683e+12
3.268000e-05 4.995073e+18 1.067375e+12
3.270000e-05 4.995635e+18 1.066083e+12
3.272000e-05 4.996132e+18 1.064804e+12
3.274000e-05 4.996573e+18 1.063538e+12
3.276000e-05 4.996963e+18 1.062282e+12
3.278000e-05 4.997310e+18 1.061037e+12
3.280000e-05 4.997616e+18 1.059799e+12
3.282000e-05 4.997888e+18 1.058569e+12
3.284000e-05 4.998129e+18 1.057346e+12
3.286000e-05 4.998342e+18 1.056129e+12
3.288000e-05 4.998531e+18 1.054917e+12
3.290000e-05 4.998699e+18 1.053709e+12
3.292000e-05 4.998847e+18 1.052506e+12
3.294000e-05 4.998979e+18 1.051306e+12
3.296000e-05 4.999095e+18 1.050109e+12
3.298000e-05 4.999198e+18 1.048915e+12
3.300000e-05 4.999290e+18 1.047724e+12
3.302000e-05 4.999371e+18 1.046535e+12
3.304000e-05 4.999443e+18 1.045348e+12
3.306000e-05 4.999506e+18 1.044163e+12
3.308000e-05 4.999563e+18 1.042979e+12
3.310000e-05 4.999613e+18 1.041796e+12
3.312000e-05 4.999657e+18 1.040615e+12
3.314000e-05 4.999696e+18 1.039435e+12
3.316000e-05 4.999731e+18 1.038255e+12
3.318000e-05 4.999762e+18 1.037077e+12
3.320000e-05 4.999789e+18 1.035899e+12
3.322000e-05 4.999813e+18 1.034722e+12
3.324000e-05 4.999835e+18 1.033546e+12
3.326000e-05 4.999854e+18 1.032370e+12
3.328000e-05 4.999870e+18 1.031194e+12
3.330000e-05 4.999885e+18 1.030019e+12
3.332000e-05 4.999898e+18 1.028844e+12
3.334000e-05 4.999910e+18 1.027670e+12
3.336000e-05 4.999920e+18 1.026496e+12
3.338000e-05 4.999930e+18 1.025322e+12
3.340000e-05 4.999938e+18 1.024148e+12
3.342000e-05 4.999945e+18 1.022975e+12
3.344000e-05 4.999951e+18 1.021801e+12
3.346000e-05 4.999957e+18 1.020628e+12
3.348000e-05 4.999962e+18 1.019455e+12
3.350000e-05 4.999966e+18 1.018282e+12
3.352000e-05 4.999970e+18 1.017110e+12
3.354000e-05 4.999974e+18 1.015937e+12
3.356000e-05 4.999977e+18 1.014764e+12
3.358000e-05 4.999980e+18 1.013592e+12
3.360000e-05 4.999982e+18 1.012419e+12
3.362000e-05 4.999984e+18 1.011247e+12
3.364000e-05 4.999986e+18 1.010074e+12
3.366000e-05 4.999988e+18 1.008902e+12
3.368000e-05 4.999989e+18 1.007730e+12
3.370000e-05 4.999991e+18 1.006557e+12
3.372000e-05 4.999992e+18 1.005385e+12
3.374000e-05 4.999993e+18 1.004213e+12
3.376000e-05 4.999994e+18 1.003041e+12
3.378000e-05 4.999995e+18 1.001869e+12
3.380000e-05 4.999995e+18 1.000696e+12
3.382000e-05 4.999996e+18 9.995244e+11
3.384000e-05 4.999997e+18 9.983522e+11
3.386000e-05 4.999997e+18 9.971802e+11
3.388000e-05 4.999998e+18 9.960081e+11
3.390000e-05 4.999998e+18 9.948360e+11
3.392000e-05 4.999998e+18 9.936639e+11
3.394000e-05 4.999999e+18 9.924919e+11
3.396000e-05 4.999999e+18 9.913198e+11
3.398000e-05 4.999999e+18 9.901478e+11
3.400000e-05 4.999999e+18 9.889758e+11
3.402000e-05 5.000000e+18 9.878038e+11
3.404000e-05 5.000000e+18 9.866317e+11
3.406000e-05 5.000000e+18 9.854597e+11
3.408000e-05 5.000000e+18 9.842877e+11
3.410000e-05 5.000000e+18 9.831157e+11
3.412000e-05 5.000000e+18 9.819437e+11
3.414000e-05 5.000000e+18 9.807717e+11
3.416000e-05 5.000000e+18 9.795997e+11
3.418000e-05 5.000000e+18 9.784277e+11
3.420000e-05 5.000000e+18 9.772557e+11
3.422000e-05 5.000001e+18 9.760837e+11
3.424000e-05 5.000001e+18 9.749117e+11
3.426000e-05 5.000001e+18 9.737398e+11
3.428000e-05 5.000001e+18 9.725678e+11
3.430000e-05 5.000001e+18 9.713958e+11
3.432000e-05 5.000001e+18 9.702238e+11
3.434000e-05 5.000001e+18 9.690518e+11
3.436000e-05 5.000001e+18 9.678798e+11
3.438000e-05 5.000001e+18 9.667079e+11
3.440000e-05 5.000001e+18 9.655359e+11
3.442000e-05 5.000001e+18 9.643639e+11
3.444000e-05 5.000001e+18 9.631919e+11
3.446000e-05 5.000001e+18 9.620200e+11
3.448000e-05 5.000001e+18 9.608480e+11
3.450000e-05 5.000001e+18 9.596760e+11
3.452000e-05 5.000001e+18 9.585041e+11
3.454000e-05 5.000001e+18 9.573321e+11
3.456000e-05 5.000001e+18 9.561601e+11
3.458000e-05 5.000001e+18 9.549882e+11
3.460000e-05 5.000001e+18 9.538162e+11
3.462000e-05 5.000001e+18 9.526442e+11
3.464000e-05 5.000001e+18 9.514723e+11
3.466000e-05 5.000001e+18 9.503003e+11
3.468000e-05 5.000001e+18 9.491283e+11
3.470000e-05 5.000001e+18 9.479564e+11
3.472000e-05 5.000001e+18 9.467844e+11
3.474000e-05 5.000001e+18 9.456125e+11
3.476000e-05 5.000001e+18 9.444405e+11
3.478000e-05 5.000001e+18 9.432685e+11
3.480000e-05 5.000001e+18 9.420966e+11
3.482000e-05 5.000001e+18 9.409246e+11
3.484000e-05 5.000001e+18 9.397527e+11
3.486000e-05 5.000001e+18 9.385807e+11
3.488000e-05 5.000001e+18 9.374088e+11
3.490000e-05 5.000001e+18 9.362368e+11
3.492000e-05 5.000001e+18 9.350648e+11
3.494000e-05 5.000001e+18 9.338929e+11
3.496000e-05 5.000001e+18 9.327209e+11
3.498000e-05 5.000001e+18 9.315490e+11
3.500000e-05 5.000001e+18 9.303770e+11
3.502000e-05 5.000001e+18 9.292051e+11
3.504000e-05 5.000001e+18 9.280331e+11
3.506000e-05 5.000001e+18 9.268612e+11
3.508000e-05 5.000001e+18 9.256892e+11
3.510000e-05 5.000001e+18 9.245173e+11
3.512000e-05 5.000001e+18 9.233454e+11
3.514000e-05 5.000001e+18 9.221734e+11
3.516000e-05 5.000001e+18 9.210015e+11
3.518000e-05 5.000001e+18 9.198295e+11
3.520000e-05 5.000001e+18 9.186576e+11
3.522000e-05 5.000001e+18 9.174856e+11
3.524000e-05 5.000001e+18 9.163137e+11
3.526000e-05 5.000001e+18 9.151418e+11
3.528000e-05 5.000001e+18 9.139698e+11
3.530000e-05 5.000001e+18 9.127979e+11
3.532000e-05 5.000001e+18 9.116259e+11
3.534000e-05 5.000001e+18 9.104540e+11
3.536000e-05 5.000001e+18 9.092821e+11
3.538000e-05 5.000001e+18 9.081101e+11
3.540000e-05 5.000001e+18 9.069382e+11
3.542000e-05 5.000001e+18 9.057663e+11
3.544000e-05 5.000001e+18 9.045943e+11
3.546000e-05 5.000001e+18 9.034224e+11
3.548000e-05 5.000001e+18 9.022505e+11
3.550000e-05 5.000001e+18 9.010785e+11
3.552000e-05 5.000001e+18 8.999066e+11
3.554000e-05 5.000001e+18 8.987347e+11
3.556000e-05 5.000001e+18 8.975627e+11
3.558000e-05 5.000001e+18 8.963908e+11
3.560000e-05 5.000001e+18 8.952189e+11
3.562000e-05 5.000001e+18 8.940469e+11
3.564000e-05 5.000001e+18 8.928750e+11
3.566000e-05 5.000001e+18 8.917031e+11
3.568000e-05 5.000001e+18 8.905312e+11
3.570000e-05 5.000001e+18 8.893592e+11
3.572000e-05 5.000001e+18 8.881873e+11
3.574000e-05 5.000001e+18 8.870154e+11
3.576000e-05 5.000001e+18 8.858435e+11
3.578000e-05 5.000001e+18 8.846715e+11
3.580000e-05 5.000001e+18 8.834996e+11
3.582000e-05 5.000001e+18 8.823277e+11
3.584000e-05 5.000001e+18 8.811558e+11
3.586000e-05 5.000001e+18 8.799839e+11
3.588000e-05 5.000001e+18 8.788119e+11
3.590000e-05 5.000001e+18 8.776400e+11
3.592000e-05 5.000001e+18 8.764681e+11
3.594000e-05 5.000001e+18 8.752962e+11
3.596000e-05 5.000001e+18 8.741243e+11
3.598000e-05 5.000001e+18 8.729523e+11
3.600000e-05 5.000001e+18 8.717804e+11
3.602000e-05 5.000001e+18 8.706085e+11
3.604000e-05 5.000001e+18 8.694366e+11
3.606000e-05 5.000001e+18 8.682647e+11
3.608000e-05 5.000001e+18 8.670928e+11
3.610000e-05 5.000001e+18 8.659209e+11
3.612000e-05 5.000001e+18 8.647490e+11
3.614000e-05 5.000001e+18 8.635770e+11
3.616000e-05 5.000001e+18 8.624051e+11
3.618000e-05 5.000001e+18 8.612332e+11
3.620000e-05 5.000001e+18 8.600613e+11
3.622000e-05 5.000001e+18 8.588894e+11
3.624000e-05 5.000001e+18 8.577175e+11
3.626000e-05 5.000001e+18 8.565456e+11
3.628000e-05 5.000001e+18 8.553737e+11
3.630000e-05 5.000001e+18 8.542018e+11
3.632000e-05 5.000001e+18 8.530299e+11
3.634000e-05 5.000001e+18 8.518580e+11
3.636000e-05 5.000001e+18 8.506861e+11
3.638000e-05 5.000001e+18 8.495142e+11
3.640000e-05 5.000001e+18 8.483423e+11
3.642000e-05 5.000001e+18 8.471704e+11
3.644000e-05 5.000001e+18 8.459985e+11
3.646000e-05 5.000001e+18 8.448266e+11
3.648000e-05 5.000001e+18 8.436547e+11
3.650000e-05 5.000001e+18 8.424828e+11
3.652000e-05 5.000001e+18 8.413109e+11
3.654000e-05 5.000001e+18 8.401390e+11
3.656000e-05 5.000001e+18 8.389671e+11
3.658000e-05 5.000001e+18 8.377952e+11
3.660000e-05 5.000001e+18 8.366233e+11
3.662000e-05 5.000001e+18 8.354514e+11
3.664000e-05 5.000001e+18 8.342795e+11
3.666000e-05 5.000001e+18 8.331076e+11
3.668000e-05 5.000001e+18 8.319357e+11
3.670000e-05 5.000001e+18 8.307638e+11
3.672000e-05 5.000001e+18 8.295919e+11
3.674000e-05 5.000001e+18 8.284200e+11
3.676000e-05 5.000001e+18 8.272481e+11
3.678000e-05 5.000001e+18 8.260763e+11
3.680000e-05 5.000001e+18 8.249044e+11
3.682000e-05 5.000001e+18 8.237325e+11
3.684000e-05 5.000001e+18 8.225606e+11
3.686000e-05 5.000001e+18 8.213887e+11
3.688000e-05 5.000001e+18 8.202168e+11
3.690000e-05 5.000001e+18 8.190449e+11
3.692000e-05 5.000001e+18 8.178730e+11
3.694000e-05 5.000001e+18 8.167012e+11
3.696000e-05 5.000001e+18 8.155293e+11
3.698000e-05 5.000001e+18 8.143574e+11
3.700000e-05 5.000001e+18 8.131855e+11
3.702000e-05 5.000001e+18 8.120136e+11
3.704000e-05 5.000001e+18 8.108417e+11
3.706000e-05 5.000001e+18 8.096699e+11
3.708000e-05 5.000001e+18 8.084980e+11
3.710000e-05 5.000001e+18 8.073261e+11
3.712000e-05 5.000001e+18 8.061542e+11
3.714000e-05 5.000001e+18 8.049823e+11
3.716000e-05 5.000001e+18 8.038105e+11
3.718000e-05 5.000001e+18 8.026386e+11
3.720000e-05 5.000001e+18 8.014667e+11
3.722000e-05 5.000001e+18 8.002948e+11
3.724000e-05 5.000001e+18 7.991230e+11
3.726000e-05 5.000001e+18 7.979511e+11
3.728000e-05 5.000001e+18 7.967792e+11
3.730000e-05 5.000001e+18 7.956073e+11
3.732000e-05 5.000001e+18 7.944355e+11
3.734000e-05 5.000001e+18 7.932636e+11
3.736000e-05 5.000001e+18 7.920917e+11
3.738000e-05 5.000001e+18 7.909199e+11
3.740000e-05 5.000001e+18 7.897480e+11
3.742000e-05 5.000001e+18 7.885761e+11
3.744000e-05 5.000001e+18 7.874042e+11
3.746000e-05 5.000001e+18 7.862324e+11
3.748000e-05 5.000001e+18 7.850605e+11
3.750000e-05 5.000001e+18 7.838886e+11
3.752000e-05 5.000001e+18 7.827168e+11
3.754000e-05 5.000001e+18 7.815449e+11
3.756000e-05 5.000001e+18 7.803730e+11
3.758000e-05 5.000001e+18 7.792012e+11
3.760000e-05 5.000001e+18 7.780293e+11
3.762000e-05 5.000001e+18 7.768574e+11
3.764000e-05 5.000001e+18 7.756856e+11
3.766000e-05 5.000001e+18 7.745137e+11
3.768000e-05 5.000001e+18 7.733419e+11
3.770000e-05 5.000001e+18 7.721700e+11
3.772000e-05 5.000001e+18 7.709981e+11
3.774000e-05 5.000001e+18 7.698263e+11
3.776000e-05 5.000001e+18 7.686544e+11
3.778000e-05 5.000001e+18 7.674826e+11
3.780000e-05 5.000001e+18 7.663107e+11
3.782000e-05 5.000001e+18 7.651388e+11
3.784000e-05 5.000001e+18 7.639670e+11
3.786000e-05 5.000001e+18 7.627951e+11
3.788000e-05 5.000001e+18 7.616233e+11
3.790000e-05 5.000001e+18 7.604514e+11
3.792000e-05 5.000001e+18 7.592796e+11
3.794000e-05 5.000001e+18 7.581077e+11
3.796000e-05 5.000001e+18 7.569359e+11
3.798000e-05 5.000001e+18 7.557640e+11
3.800000e-05 5.000001e+18 7.545922e+11
3.802000e-05 5.000001e+18 7.534203e+11
3.804000e-05 5.000001e+18 7.522484e+11
3.806000e-05 5.000001e+18 7.510766e+11
3.808000e-05 5.000001e+18 7.499047e+11
3.810000e-05 5.000001e+18 7.487329e+11
3.812000e-05 5.000001e+18 7.475610e+11
3.814000e-05 5.000001e+18 7.463892e+11
3.816000e-05 5.000001e+18 7.452174e+11
3.818000e-05 5.000001e+18 7.440455e+11
3.820000e-05 5.000001e+18 7.428737e+11
3.822000e-05 5.000001e+18 7.417018e+11
3.824000e-05 5.000001e+18 7.405300e+11
3.826000e-05 5.000001e+18 7.393581e+11
3.828000e-05 5.000001e+18 7.381863e+11
3.830000e-05 5.000001e+18 7.370144e+11
3.832000e-05 5.000001e+18 7.358426e+11
3.834000e-05 5.000001e+18 7.346707e+11
3.836000e-05 5.000001e+18 7.334989e+11
3.838000e-05 5.000001e+18 7.323271e+11
3.840000e-05 5.000001e+18 7.311552e+11
3.842000e-05 5.000001e+18 7.299834e+11
3.844000e-05 5.000001e+18 7.288115e+11
3.846000e-05 5.000001e+18 7.276397e+11
3.848000e-05 5.000001e+18 7.264679e+11
3.850000e-05 5.000001e+18 7.252960e+11
3.852000e-05 5.000001e+18 7.241242e+11
3.854000e-05 5.000001e+18 7.229524e+11
3.856000e-05 5.000001e+18 7.217805e+11
3.858000e-05 5.000001e+18 7.206087e+11
3.860000e-05 5.000001e+18 7.194368e+11
3.862000e-05 5.000001e+18 7.182650e+11
3.864000e-05 5.000001e+18 7.170932e+11
3.866000e-05 5.000001e+18 7.159213e+11
3.868000e-05 5.000001e+18 7.147495e+11
3.870000e-05 5.000001e+18 7.135777e+11
3.872000e-05 5.000001e+18 7.124058e+11
3.874000e-05 5.000001e+18 7.112340e+11
3.876000e-05 5.000001e+18 7.100622e+11
3.878000e-05 5.000001e+18 7.088904e+11
3.880000e-05 5.000001e+18 7.077185e+11
3.882000e-05 5.000001e+18 7.065467e+11
3.884000e-05 5.000001e+18 7.053749e+11
3.886000e-05 5.000001e+18 7.042030e+11
3.888000e-05 5.000001e+18 7.030312e+11
3.890000e-05 5.000001e+18 7.018594e+11
3.892000e-05 5.000001e+18 7.006876e+11
3.894000e-05 5.000001e+18 6.995157e+11
3.896000e-05 5.000001e+18 6.983439e+11
3.898000e-05 5.000001e+18 6.971721e+11
3.900000e-05 5.000001e+18 6.960003e+11
3.902000e-05 5.000001e+18 6.948284e+11
3.904000e-05 5.000001e+18 6.936566e+11
3.906000e-05 5.000001e+18 6.924848e+11
3.908000e-05 5.000001e+18 6.913130e+11
3.910000e-05 5.000001e+18 6.901411e+11
3.912000e-05 5.000001e+18 6.889693e+11
3.914000e-05 5.000001e+18 6.877975e+11
3.916000e-05 5.000001e+18 6.866257e+11
3.918000e-05 5.000001e+18 6.854539e+11
3.920000e-05 5.000001e+18 6.842820e+11
3.922000e-05 5.000001e+18 6.831102e+11
3.924000e-05 5.000001e+18 6.819384e+11
3.926000e-05 5.000001e+18 6.807666e+11
3.928000e-05 5.000001e+18 6.795948e+11
3.930000e-05 5.000001e+18 6.784230e+11
3.932000e-05 5.000001e+18 6.772511e+11
3.934000e-05 5.000001e+18 6.760793e+11
3.936000e-05 5.000001e+18 6.749075e+11
3.938000e-05 5.000001e+18 6.737357e+11
3.940000e-05 5.000001e+18 6.725639e+11
3.942000e-05 5.000001e+18 6.713921e+11
3.944000e-05 5.000001e+18 6.702203e+11
3.946000e-05 5.000001e+18 6.690484e+11
3.948000e-05 5.000001e+18 6.678766e+11
3.950000e-05 5.000001e+18 6.667048e+11
3.952000e-05 5.000001e+18 6.655330e+11
3.954000e-05 5.000001e+18 6.643612e+11
3.956000e-05 5.000001e+18 6.631894e+11
3.958000e-05 5.000001e+18 6.620176e+11
3.960000e-05 5.000001e+18 6.608458e+11
3.962000e-05 5.000001e+18 6.596740e+11
3.964000e-05 5.000001e+18 6.585022e+11
3.966000e-05 5.000001e+18 6.573303e+11
3.968000e-05 5.000001e+18 6.561585e+11
3.970000e-05 5.000001e+18 6.549867e+11
3.972000e-05 5.000001e+18 6.538149e+11
3.974000e-05 5.000001e+18 6.526431e+11
3.976000e-05 5.000001e+18 6.514713e+11
3.978000e-05 5.000001e+18 6.502995e+11
3.980000e-05 5.000001e+18 6.491277e+11
3.982000e-05 5.000001e+18 6.479559e+11
3.984000e-05 5.000001e+18 6.467841e+11
3.986000e-05 5.000001e+18 6.456123e+11
3.988000e-05 5.000001e+18 6.444405e+11
3.990000e-05 5.000001e+18 6.432687e+11
3.992000e-05 5.000001e+18 6.420969e+11
3.994000e-05 5.000001e+18 6.409251e+11
3.996000e-05 5.000001e+18 6.397533e+11
3.998000e-05 5.000001e+18 6.385815e+11
4.000000e-05 5.000001e+18 6.374097e+11
4.002000e-05 5.000001e+18 6.362379e+11
4.004000e-05 5.000001e+18 6.350661e+11
4.006000e-05 5.000001e+18 6.338943e+11
4.008000e-05 5.000001e+18 6.327225e+11
4.010000e-05 5.000001e+18 6.315507e+11
4.012000e-05 5.000001e+18 6.303789e+11
4.014000e-05 5.000001e+18 6.292071e+11
4.016000e-05 5.000001e+18 6.280353e+11
4.018000e-05 5.000001e+18 6.268635e+11
4.020000e-05 5.000001e+18 6.256917e+11
4.022000e-05 5.000001e+18 6.245200e+11
4.024000e-05 5.000001e+18 6.233482e+11
4.026000e-05 5.000001e+18 6.221764e+11
4.028000e-05 5.000001e+18 6.210046e+11
4.030000e-05 5.000001e+18 6.198328e+11
4.032000e-05 5.000001e+18 6.186610e+11
4.034000e-05 5.000001e+18 6.174892e+11
4.036000e-05 5.000001e+18 6.163174e+11
4.038000e-05 5.000001e+18 6.151456e+11
4.040000e-05 5.000001e+18 6.139738e+11
4.042000e-05 5.000001e+18 6.128020e+11
4.044000e-05 5.000001e+18 6.116303e+11
4.046000e-05 5.000001e+18 6.104585e+11
4.048000e-05 5.000001e+18 6.092867e+11
4.050000e-05 5.000001e+18 6.081149e+11
4.052000e-05 5.000001e+18 6.069431e+11
4.054000e-05 5.000001e+18 6.057713e+11
4.056000e-05 5.000001e+18 6.045995e+11
4.058000e-05 5.000001e+18 6.034278e+11
4.060000e-05 5.000001e+18 6.022560e+11
4.062000e-05 5.000001e+18 6.010842e+11
4.064000e-05 5.000001e+18 5.999124e+11
4.066000e-05 5.000001e+18 5.987406e+11
4.068000e-05 5.000001e+18 5.975688e+11
4.070000e-05 5.000001e+18 5.963971e+11
4.072000e-05 5.000001e+18 5.952253e+11
4.074000e-05 5.000001e+18 5.940535e+11
4.076000e-05 5.000001e+18 5.928817e+11
4.078000e-05 5.000001e+18 5.917099e+11
4.080000e-05 5.000001e+18 5.905382e+11
4.082000e-05 5.000001e+18 5.893664e+11
4.084000e-05 5.000001e+18 5.881946e+11
4.086000e-05 5.000001e+18 5.870228e+11
4.088000e-05 5.000001e+18 5.858510e+11
4.090000e-05 5.000001e+18 5.846793e+11
4.092000e-05 5.000001e+18 5.835075e+11
4.094000e-05 5.000001e+18 5.823357e+11
4.096000e-05 5.000001e+18 5.811639e+11
4.098000e-05 5.000001e+18 5.799922e+11
4.100000e-05 5.000001e+18 5.788204e+11
4.102000e-05 5.000001e+18 5.776486e+11
4.104000e-05 5.000001e+18 5.764768e+11
4.106000e-05 5.000001e+18 5.753051e+11
4.108000e-05 5.000001e+18 5.741333e+11
4.110000e-05 5.000001e+18 5.729615e+11
4.112000e-05 5.000001e+18 5.717897e+11
4.114000e-05 5.000001e+18 5.706180e+11
4.116000e-05 5.000001e+18 5.694462e+11
4.118000e-05 5.000001e+18 5.682744e+11
4.120000e-05 5.000001e+18 5.671027e+11
4.122000e-05 5.000001e+18 5.659309e+11
4.124000e-05 5.000001e+18 5.647591e+11
4.126000e-05 5.000001e+18 5.635874e+11
4.128000e-05 5.000001e+18 5.624156e+11
4.130000e-05 5.000001e+18 5.612438e+11
4.132000e-05 5.000001e+18 5.600720e+11
4.134000e-05 5.000001e+18 5.589003e+11
4.136000e-05 5.000001e+18 5.577285e+11
4.138000e-05 5.000001e+18 5.565567e+11
4.140000e-05 5.000001e+18 5.553850e+11
4.142000e-05 5.000001e+18 5.542132e+11
4.144000e-05 5.000001e+18 5.530414e+11
4.146000e-05 5.000001e+18 5.518697e+11
4.148000e-05 5.000001e+18 5.506979e+11
4.150000e-05 5.000001e+18 5.495262e+11
4.152000e-05 5.000001e+18 5.483544e+11
4.154000e-05 5.000001e+18 5.471826e+11
4.156000e-05 5.000001e+18 5.460109e+11
4.158000e-05 5.000001e+18 5.448391e+11
4.160000e-05 5.000001e+18 5.436673e+11
4.162000e-05 5.000001e+18 5.424956e+11
4.164000e-05 5.000001e+18 5.413238e+11
4.166000e-05 5.000001e+18 5.401521e+11
4.168000e-05 5.000001e+18 5.389803e+11
4.170000e-05 5.000001e+18 5.378085e+11
4.172000e-05 5.000001e+18 5.366368e+11
4.174000e-05 5.000001e+18 5.354650e+11
4.176000e-05 5.000001e+18 5.342933e+11
4.178000e-05 5.000001e+18 5.331215e+11
4.180000e-05 5.000001e+18 5.319497e+11
4.182000e-05 5.000001e+18 5.307780e+11
4.184000e-05 5.000001e+18 5.296062e+11
4.186000e-05 5.000001e+18 5.284345e+11
4.188000e-05 5.000001e+18 5.272627e+11
4.190000e-05 5.000001e+18 5.260910e+11
4.192000e-05 5.000001e+18 5.249192e+11
4.194000e-05 5.000001e+18 5.237474e+11
4.196000e-05 5.000001e+18 5.225757e+11
4.198000e-05 5.000001e+18 5.214039e+11
4.200000e-05 5.000001e+18 5.202322e+11
4.202000e-05 5.000001e+18 5.190604e+11
4.204000e-05 5.000001e+18 5.178887e+11
4.206000e-05 5.000001e+18 5.167169e+11
4.208000e-05 5.000001e+18 5.155452e+11
4.210000e-05 5.000001e+18 5.143734e+11
4.212000e-05 5.000001e+18 5.132017e+11
4.214000e-05 5.000001e+18 5.120299e+11
4.216000e-05 5.000001e+18 5.108582e+11
4.218000e-05 5.000001e+18 5.096864e+11
4.220000e-05 5.000001e+18 5.085147e+11
4.222000e-05 5.000001e+18 5.073429e+11
4.224000e-05 5.000001e+18 5.061712e+11
4.226000e-05 5.000001e+18 5.049994e+11
4.228000e-05 5.000001e+18 5.038277e+11
4.230000e-05 5.000001e+18 5.026559e+11
4.232000e-05 5.000001e+18 5.014842e+11
4.234000e-05 5.000001e+18 5.003124e+11
4.236000e-05 5.000000e+18 4.991407e+11
4.238000e-05 5.000000e+18 4.979689e+11
4.240000e-05 5.000000e+18 4.967972e+11
4.242000e-05 5.000000e+18 4.956254e+11
4.244000e-05 5.000000e+18 4.944537e+11
4.246000e-05 5.000000e+18 4.932820e+11
4.248000e-05 5.000000e+18 4.921102e+11
4.250000e-05 5.000000e+18 4.909385e+11
4.252000e-05 5.000000e+18 4.897667e+11
4.254000e-05 5.000000e+18 4.885950e+11
4.256000e-05 5.000000e+18 4.874232e+11
4.258000e-05 5.000000e+18 4.862515e+11
4.260000e-05 5.000000e+18 4.850798e+11
4.262000e-05 5.000000e+18 4.839080e+11
4.264000e-05 5.000000e+18 4.827363e+11
4.266000e-05 5.000000e+18 4.815645e+11
4.268000e-05 5.000000e+18 4.803928e+11
4.270000e-05 5.000000e+18 4.792211e+11
4.272000e-05 5.000000e+18 4.780493e+11
4.274000e-05 5.000000e+18 4.768776e+11
4.276000e-05 5.000000e+18 4.757058e+11
4.278000e-05 5.000000e+18 4.745341e+11
4.280000e-05 5.000000e+18 4.733624e+11
4.282000e-05 5.000000e+18 4.721906e+11
4.284000e-05 5.000000e+18 4.710189e+11
4.286000e-05 5.000000e+18 4.698471e+11
4.288000e-05 5.000000e+18 4.686754e+11
4.290000e-05 5.000000e+18 4.675037e+11
4.292000e-05 5.000000e+18 4.663319e+11
4.294000e-05 5.000000e+18 4.651602e+11
4.296000e-05 5.000000e+18 4.639885e+11
4.298000e-05 5.000000e+18 4.628167e+11
4.300000e-05 5.000000e+18 4.616450e+11
4.302000e-05 5.000000e+18 4.604733e+11
4.304000e-05 5.000000e+18 4.593015e+11
4.306000e-05 5.000000e+18 4.581298e+11
4.308000e-05 5.000000e+18 4.569581e+11
4.310000e-05 5.000000e+18 4.557863e+11
4.312000e-05 5.000000e+18 4.546146e+11
4.314000e-05 5.000000e+18 4.534429e+11
4.316000e-05 5.000000e+18 4.522711e+11
4.318000e-05 5.000000e+18 4.510994e+11
4.320000e-05 5.000000e+18 4.499277e+11
4.322000e-05 5.000000e+18 4.487559e+11
4.324000e-05 5.000000e+18 4.475842e+11
4.326000e-05 5.000000e+18 4.464125e+11
4.328000e-05 5.000000e+18 4.452407e+11
4.330000e-05 5.000000e+18 4.440690e+11
4.332000e-05 5.000000e+18 4.428973e+11
4.334000e-05 5.000000e+18 4.417256e+11
4.336000e-05 5.000000e+18 4.405538e+11
4.338000e-05 5.000000e+18 4.393821e+11
4.340000e-05 5.000000e+18 4.382104e+11
4.342000e-05 5.000000e+18 4.370386e+11
4.344000e-05 5.000000e+18 4.358669e+11
4.346000e-05 5.000000e+18 4.346952e+11
4.348000e-05 5.000000e+18 4.335235e+11
4.350000e-05 5.000000e+18 4.323517e+11
4.352000e-05 5.000000e+18 4.311800e+11
4.354000e-05 5.000000e+18 4.300083e+11
4.356000e-05 5.000000e+18 4.288366e+11
4.358000e-05 5.000000e+18 4.276648e+11
4.360000e-05 5.000000e+18 4.264931e+11
4.362000e-05 5.000000e+18 4.253214e+11
4.364000e-05 5.000000e+18 4.241497e+11
4.366000e-05 5.000000e+18 4.229779e+11
4.368000e-05 5.000000e+18 4.218062e+11
4.370000e-05 5.000000e+18 4.206345e+11
4.372000e-05 5.000000e+18 4.194628e+11
4.374000e-05 5.000000e+18 4.182910e+11
4.376000e-05 5.000000e+18 4.171193e+11
4.378000e-05 5.000000e+18 4.159476e+11
4.380000e-05 5.000000e+18 4.147759e+11
4.382000e-05 5.000000e+18 4.136042e+11
4.384000e-05 5.000000e+18 4.124324e+11
4.386000e-05 5.000000e+18 4.112607e+11
4.388000e-05 5.000000e+18 4.100890e+11
4.390000e-05 5.000000e+18 4.089173e+11
4.392000e-05 5.000000e+18 4.077456e+11
4.394000e-05 5.000000e+18 4.065738e+11
4.396000e-05 5.000000e+18 4.054021e+11
4.398000e-05 5.000000e+18 4.042304e+11
4.400000e-05 5.000000e+18 4.030587e+11
4.402000e-05 5.000000e+18 4.018870e+11
4.404000e-05 5.000000e+18 4.007153e+11
4.406000e-05 5.000000e+18 3.995435e+11
4.408000e-05 5.000000e+18 3.983718e+11
4.410000e-05 5.000000e+18 3.972001e+11
4.412000e-05 5.000000e+18 3.960284e+11
4.414000e-05 5.000000e+18 3.948567e+11
4.416000e-05 5.000000e+18 3.936850e+11
4.418000e-05 5.000000e+18 3.925132e+11
4.420000e-05 5.000000e+18 3.913415e+11
4.422000e-05 5.000000e+18 3.901698e+11
4.424000e-05 5.000000e+18 3.889981e+11
4.426000e-05 5.000000e+18 3.878264e+11
4.428000e-05 5.000000e+18 3.866547e+11
4.430000e-05 5.000000e+18 3.854830e+11
4.432000e-05 5.000000e+18 3.843112e+11
4.434000e-05 5.000000e+18 3.831395e+11
4.436000e-05 5.000000e+18 3.819678e+11
4.438000e-05 5.000000e+18 3.807961e+11
4.440000e-05 5.000000e+18 3.796244e+11
4.442000e-05 5.000000e+18 3.784527e+11
4.444000e-05 5.000000e+18 3.772810e+11
4.446000e-05 5.000000e+18 3.761093e+11
4.448000e-05 5.000000e+18 3.749375e+11
4.450000e-05 5.000000e+18 3.737658e+11
4.452000e-05 5.000000e+18 3.725941e+11
4.454000e-05 5.000000e+18 3.714224e+11
4.456000e-05 5.000000e+18 3.702507e+11
4.458000e-05 5.000000e+18 3.690790e+11
4.460000e-05 5.000000e+18 3.679073e+11
4.462000e-05 5.000000e+18 3.667356e+11
4.464000e-05 5.000000e+18 3.655639e+11
4.466000e-05 5.000000e+18 3.643922e+11
4.468000e-05 5.000000e+18 3.632205e+11
4.470000e-05 5.000000e+18 3.620487e+11
4.472000e-05 5.000000e+18 3.608770e+11
4.474000e-05 5.000000e+18 3.597053e+11
4.476000e-05 5.000000e+18 3.585336e+11
4.478000e-05 5.000000e+18 3.573619e+11
4.480000e-05 5.000000e+18 3.561902e+11
4.482000e-05 5.000000e+18 3.550185e+11
4.484000e-05 5.000000e+18 3.538468e+11
4.486000e-05 5.000000e+18 3.526751e+11
4.488000e-05 5.000000e+18 3.515034e+11
4.490000e-05 5.000000e+18 3.503317e+11
4.492000e-05 5.000000e+18 3.491600e+11
4.494000e-05 5.000000e+18 3.479883e+11
4.496000e-05 5.000000e+18 3.468166e+11
4.498000e-05 5.000000e+18 3.456449e+11
4.500000e-05 5.000000e+18 3.444732e+11
4.502000e-05 5.000000e+18 3.433015e+11
4.504000e-05 5.000000e+18 3.421298e+11
4.506000e-05 5.000000e+18 3.409581e+11
4.508000e-05 5.000000e+18 3.397864e+11
4.510000e-05 5.000000e+18 3.386146e+11
4.512000e-05 5.000000e+18 3.374429e+11
4.514000e-05 5.000000e+18 3.362712e+11
4.516000e-05 5.000000e+18 3.350995e+11
4.518000e-05 5.000000e+18 3.339278e+11
4.520000e-05 5.000000e+18 3.327561e+11
4.522000e-05 5.000000e+18 3.315844e+11
4.524000e-05 5.000000e+18 3.304127e+11
4.526000e-05 5.000000e+18 3.292410e+11
4.528000e-05 5.000000e+18 3.280693e+11
4.530000e-05 5.000000e+18 3.268976e+11
4.532000e-05 5.000000e+18 3.257259e+11
4.534000e-05 5.000000e+18 3.245542e+11
4.536000e-05 5.000000e+18 3.233825e+11
4.538000e-05 5.000000e+18 3.222108e+11
4.540000e-05 5.000000e+18 3.210391e+11
4.542000e-05 5.000000e+18 3.198674e+11
4.544000e-05 5.000000e+18 3.186957e+11
4.546000e-05 5.000000e+18 3.175241e+11
4.548000e-05 5.000000e+18 3.163524e+11
4.550000e-05 5.000000e+18 3.151807e+11
4.552000e-05 5.000000e+18 3.140090e+11
4.554000e-05 5.000000e+18 3.128373e+11
4.556000e-05 5.000000e+18 3.116656e+11
4.558000e-05 5.000000e+18 3.104939e+11
4.560000e-05 5.000000e+18 3.093222e+11
4.562000e-05 5.000000e+18 3.081505e+11
4.564000e-05 5.000000e+18 3.069788e+11
4.566000e-05 5.000000e+18 3.058071e+11
4.568000e-05 5.000000e+18 3.046354e+11
4.570000e-05 5.000000e+18 3.034637e+11
4.572000e-05 5.000000e+18 3.022920e+11
4.574000e-05 5.000000e+18 3.011203e+11
4.576000e-05 5.000000e+18 2.999486e+11
4.578000e-05 5.000000e+18 2.987769e+11
4.580000e-05 5.000000e+18 2.976052e+11
4.582000e-05 5.000000e+18 2.964335e+11
4.584000e-05 5.000000e+18 2.952618e+11
4.586000e-05 5.000000e+18 2.940901e+11
4.588000e-05 5.000000e+18 2.929185e+11
4.590000e-05 5.000000e+18 2.917468e+11
4.592000e-05 5.000000e+18 2.905751e+11
4.594000e-05 5.000000e+18 2.894034e+11
4.596000e-05 5.000000e+18 2.882317e+11
4.598000e-05 5.000000e+18 2.870600e+11
4.600000e-05 5.000000e+18 2.858883e+11
4.602000e-05 5.000000e+18 2.847166e+11
4.604000e-05 5.000000e+18 2.835449e+11
4.606000e-05 5.000000e+18 2.823732e+11
4.608000e-05 5.000000e+18 2.812015e+11
4.610000e-05 5.000000e+18 2.800298e+11
4.612000e-05 5.000000e+18 2.788582e+11
4.614000e-05 5.000000e+18 2.776865e+11
4.616000e-05 5.000000e+18 2.765148e+11
4.618000e-05 5.000000e+18 2.753431e+11
4.620000e-05 5.000000e+18 2.741714e+11
4.622000e-05 5.000000e+18 2.729997e+11
4.624000e-05 5.000000e+18 2.718280e+11
4.626000e-05 5.000000e+18 2.706563e+11
4.628000e-05 5.000000e+18 2.694846e+11
4.630000e-05 5.000000e+18 2.683130e+11
4.632000e-05 5.000000e+18 2.671413e+11
4.634000e-05 5.000000e+18 2.659696e+11
4.636000e-05 5.000000e+18 2.647979e+11
4.638000e-05 5.000000e+18 2.636262e+11
4.640000e-05 5.000000e+18 2.624545e+11
4.642000e-05 5.000000e+18 2.612828e+11
4.644000e-05 5.000000e+18 2.601111e+11
4.646000e-05 5.000000e+18 2.589395e+11
4.648000e-05 5.000000e+18 2.577678e+11
4.650000e-05 5.000000e+18 2.565961e+11
4.652000e-05 5.000000e+18 2.554244e+11
4.654000e-05 5.000000e+18 2.542527e+11
4.656000e-05 5.000000e+18 2.530810e+11
4.658000e-05 5.000000e+18 2.519093e+11
4.660000e-05 5.000000e+18 2.507377e+11
4.662000e-05 5.000000e+18 2.495660e+11
4.664000e-05 5.000000e+18 2.483943e+11
4.666000e-05 5.000000e+18 2.472226e+11
4.668000e-05 5.000000e+18 2.460509e+11
4.670000e-05 5.000000e+18 2.448792e+11
4.672000e-05 5.000000e+18 2.437076e+11
4.674000e-05 5.000000e+18 2.425359e+11
4.676000e-05 5.000000e+18 2.413642e+11
4.678000e-05 5.000000e+18 2.401925e+11
4.680000e-05 5.000000e+18 2.390208e+11
4.682000e-05 5.000000e+18 2.378491e+11
4.684000e-05 5.000000e+18 2.366775e+11
4.686000e-05 5.000000e+18 2.355058e+11
4.688000e-05 5.000000e+18 2.343341e+11
4.690000e-05 5.000000e+18 2.331624e+11
4.692000e-05 5.000000e+18 2.319907e+11
4.694000e-05 5.000000e+18 2.308190e+11
4.696000e-05 5.000000e+18 2.296474e+11
4.698000e-05 5.000000e+18 2.284757e+11
4.700000e-05 5.000000e+18 2.273040e+11
4.702000e-05 5.000000e+18 2.261323e+11
4.704000e-05 5.000000e+18 2.249606e+11
4.706000e-05 5.000000e+18 2.237890e+11
4.708000e-05 5.000000e+18 2.226173e+11
4.710000e-05 5.000000e+18 2.214456e+11
4.712000e-05 5.000000e+18 2.202739e+11
4.714000e-05 5.000000e+18 2.191022e+11
4.716000e-05 5.000000e+18 2.179305e+11
4.718000e-05 5.000000e+18 2.167589e+11
4.720000e-05 5.000000e+18 2.155872e+11
4.722000e-05 5.000000e+18 2.144155e+11
4.724000e-05 5.000000e+18 2.132438e+11
4.726000e-05 5.000000e+18 2.120722e+11
4.728000e-05 5.000000e+18 2.109005e+11
4.730000e-05 5.000000e+18 2.097288e+11
4.732000e-05 5.000000e+18 2.085571e+11
4.734000e-05 5.000000e+18 2.073854e+11
4.736000e-05 5.000000e+18 2.062138e+11
4.738000e-05 5.000000e+18 2.050421e+11
4.740000e-05 5.000000e+18 2.038704e+11
4.742000e-05 5.000000e+18 2.026987e+11
4.744000e-05 5.000000e+18 2.015270e+11
4.746000e-05 5.000000e+18 2.003554e+11
4.748000e-05 5.000000e+18 1.991837e+11
4.750000e-05 5.000000e+18 1.980120e+11
4.752000e-05 5.000000e+18 1.968403e+11
4.754000e-05 5.000000e+18 1.956687e+11
4.756000e-05 5.000000e+18 1.944970e+11
4.758000e-05 5.000000e+18 1.933253e+11
4.760000e-05 5.000000e+18 1.921536e+11
4.762000e-05 5.000000e+18 1.909820e+11
4.764000e-05 5.000000e+18 1.898103e+11
4.766000e-05 5.000000e+18 1.886386e+11
4.768000e-05 5.000000e+18 1.874669e+11
4.770000e-05 5.000000e+18 1.862952e+11
4.772000e-05 5.000000e+18 1.851236e+11
4.774000e-05 5.000000e+18 1.839519e+11
4.776000e-05 5.000000e+18 1.827802e+11
4.778000e-05 5.000000e+18 1.816085e+11
4.780000e-05 5.000000e+18 1.804369e+11
4.782000e-05 5.000000e+18 1.792652e+11
4.784000e-05 5.000000e+18 1.780935e+11
4.786000e-05 5.000000e+18 1.769218e+11
4.788000e-05 5.000000e+18 1.757502e+11
4.790000e-05 5.000000e+18 1.745785e+11
4.792000e-05 5.000000e+18 1.734068e+11
4.794000e-05 5.000000e+18 1.722351e+11
4.796000e-05 5.000000e+18 1.710635e+11
4.798000e-05 5.000000e+18 1.698918e+11
4.800000e-05 5.000000e+18 1.687201e+11
4.802000e-05 5.000000e+18 1.675485e+11
4.804000e-05 5.000000e+18 1.663768e+11
4.806000e-05 5.000000e+18 1.652051e+11
4.808000e-05 5.000000e+18 1.640334e+11
4.810000e-05 5.000000e+18 1.628618e+11
4.812000e-05 5.000000e+18 1.616901e+11
4.814000e-05 5.000000e+18 1.605184e+11
4.816000e-05 5.000000e+18 1.593467e+11
4.818000e-05 5.000000e+18 1.581751e+11
4.820000e-05 5.000000e+18 1.570034e+11
4.822000e-05 5.000000e+18 1.558317e+11
4.824000e-05 5.000000e+18 1.546600e+11
4.826000e-05 5.000000e+18 1.534884e+11
4.828000e-05 5.000000e+18 1.523167e+11
4.830000e-05 5.000000e+18 1.511450e+11
4.832000e-05 5.000000e+18 1.499734e+11
4.834000e-05 5.000000e+18 1.488017e+11
4.836000e-05 5.000000e+18 1.476300e+11
4.838000e-05 5.000000e+18 1.464583e+11
4.840000e-05 5.000000e+18 1.452867e+11
4.842000e-05 5.000000e+18 1.441150e+11
4.844000e-05 5.000000e+18 1.429433e+11
4.846000e-05 5.000000e+18 1.417717e+11
4.848000e-05 5.000000e+18 1.406000e+11
4.850000e-05 5.000000e+18 1.394283e+11
4.852000e-05 5.000000e+18 1.382566e+11
4.854000e-05 5.000000e+18 1.370850e+11
4.856000e-05 5.000000e+18 1.359133e+11
4.858000e-05 5.000000e+18 1.347416e+11
4.860000e-05 5.000000e+18 1.335700e+11
4.862000e-05 5.000000e+18 1.323983e+11
4.864000e-05 5.000000e+18 1.312266e+11
4.866000e-05 5.000000e+18 1.300550e+11
4.868000e-05 5.000000e+18 1.288833e+11
4.870000e-05 5.000000e+18 1.277116e+11
4.872000e-05 5.000000e+18 1.265399e+11
4.874000e-05 5.000000e+18 1.253683e+11
4.876000e-05 5.000000e+18 1.241966e+11
4.878000e-05 5.000000e+18 1.230249e+11
4.880000e-05 5.000000e+18 1.218533e+11
4.882000e-05 5.000000e+18 1.206816e+11
4.884000e-05 5.000000e+18 1.195099e+11
4.886000e-05 5.000000e+18 1.183383e+11
4.888000e-05 5.000000e+18 1.171666e+11
4.890000e-05 5.000000e+18 1.159949e+11
4.892000e-05 5.000000e+18 1.148233e+11
4.894000e-05 5.000000e+18 1.136516e+11
4.896000e-05 5.000000e+18 1.124799e+11
4.898000e-05 5.000000e+18 1.113082e+11
4.900000e-05 5.000000e+18 1.101366e+11
4.902000e-05 5.000000e+18 1.089649e+11
4.904000e-05 5.000000e+18 1.077932e+11
4.906000e-05 5.000000e+18 1.066216e+11
4.908000e-05 5.000000e+18 1.054499e+11
4.910000e-05 5.000000e+18 1.042782e+11
4.912000e-05 5.000000e+18 1.031066e+11
4.914000e-05 5.000000e+18 1.019349e+11
4.916000e-05 5.000000e+18 1.007632e+11
4.918000e-05 5.000000e+18 9.959157e+10
4.920000e-05 5.000000e+18 9.841990e+10
4.922000e-05 5.000000e+18 9.724823e+10
4.924000e-05 5.000000e+18 9.607657e+10
4.926000e-05 5.000000e+18 9.490490e+10
4.928000e-05 5.000000e+18 9.373323e+10
4.930000e-05 5.000000e+18 9.256156e+10
4.932000e-05 5.000000e+18 9.138990e+10
4.934000e-05 5.000000e+18 9.021823e+10
4.936000e-05 5.000000e+18 8.904656e+10
4.938000e-05 5.000000e+18 8.787489e+10
4.940000e-05 5.000000e+18 8.670323e+10
4.942000e-05 5.000000e+18 8.553156e+10
4.944000e-05 5.000000e+18 8.435989e+10
4.946000e-05 5.000000e+18 8.318823e+10
4.948000e-05 5.000000e+18 8.201656e+10
4.950000e-05 5.000000e+18 8.084489e+10
4.952000e-05 5.000000e+18 7.967323e+10
4.954000e-05 5.000000e+18 7.850156e+10
4.956000e-05 5.000000e+18 7.732990e+10
4.958000e-05 5.000000e+18 7.615823e+10
4.960000e-05 5.000000e+18 7.498656e+10
4.962000e-05 5.000000e+18 7.381490e+10
4.964000e-05 5.000000e+18 7.264323e+10
4.966000e-05 5.000000e+18 7.147156e+10
4.968000e-05 5.000000e+18 7.029990e+10
4.970000e-05 5.000000e+18 6.912823e+10
4.972000e-05 5.000000e+18 6.795657e+10
4.974000e-05 5.000000e+18 6.678490e+10
4.976000e-05 5.000000e+18 6.561323e+10
4.978000e-05 5.000000e+18 6.444157e+10
4.980000e-05 5.000000e+18 6.326990e+10
4.982000e-05 5.000000e+18 6.209824e+10
4.984000e-05 5.000000e+18 6.092657e+10
4.986000e-05 5.000000e+18 5.975491e+10
4.988000e-05 5.000000e+18 5.858324e+10
4.990000e-05 5.000000e+18 5.741157e+10
4.992000e-05 5.000000e+18 5.623991e+10
4.994000e-05 5.000000e+18 5.506824e+10
4.996000e-05 5.000000e+18 5.389658e+10
4.998000e-05 5.000000e+18 5.272491e+10
5.000000e-05 5.000000e+18 5.155325e+10
5.002000e-05 5.000000e+18 5.038158e+10
5.004000e-05 5.000000e+18 4.920992e+10
5.006000e-05 5.000000e+18 4.803825e+10
5.008000e-05 5.000000e+18 4.686659e+10
5.010000e-05 5.000000e+18 4.569492e+10
5.012000e-05 5.000000e+18 4.452326e+10
5.014000e-05 5.000000e+18 4.335159e+10
5.016000e-05 5.000000e+18 4.217993e+10
5.018000e-05 5.000000e+18 4.100826e+10
5.020000e-05 5.000000e+18 3.983660e+10
5.022000e-05 5.000000e+18 3.866493e+10
5.024000e-05 5.000000e+18 3.749327e+10
5.026000e-05 5.000000e+18 3.632160e+10
5.028000e-05 5.000000e+18 3.514994e+10
5.030000e-05 5.000000e+18 3.397827e+10
5.032000e-05 5.000000e+18 3.280661e+10
5.034000e-05 5.000000e+18 3.163494e+10
5.036000e-05 5.000000e+18 3.046328e+10
5.038000e-05 5.000000e+18 2.929161e+10
5.040000e-05 5.000000e+18 2.811995e+10
5.042000e-05 5.000000e+18 2.694828e+10
5.044000e-05 5.000000e+18 2.577662e+10
5.046000e-05 5.000000e+18 2.460495e+10
5.048000e-05 5.000000e+18 2.343329e+10
5.050000e-05 5.000000e+18 2.226163e+10
5.052000e-05 5.000000e+18 2.108996e+10
5.054000e-05 5.000000e+18 1.991830e+10
5.056000e-05 5.000000e+18 1.874663e+10
5.058000e-05 5.000000e+18 1.757497e+10
5.060000e-05 5.000000e+18 1.640330e+10
5.062000e-05 5.000000e+18 1.523164e+10
5.064000e-05 5.000000e+18 1.405997e+10
5.066000e-05 5.000000e+18 1.288831e+10
5.068000e-05 5.000000e+18 1.171664e+10
5.070000e-05 5.000000e+18 1.054498e+10
5.072000e-05 5.000000e+18 9.373316e+09
5.074000e-05 5.000000e+18 8.201651e+09
5.076000e-05 5.000000e+18 7.029987e+09
5.078000e-05 5.000000e+18 5.858322e+09
5.080000e-05 5.000000e+18 4.686658e+09
5.082000e-05 5.000000e+18 3.514993e+09
5.084000e-05 5.000000e+18 2.343329e+09
5.086000e-05 5.000000e+18 1.171664e+09
5.088000e-05 5.000000e+18 1.171664e+09
