0.000000e+00 1.363012e-06
2.000000e-10 1.363012e-06
4.000000e-10 2.742884e-06
6.000000e-10 4.150968e-06
8.000000e-10 5.621845e-06
1.000000e-09 7.149664e-06
1.200000e-09 8.762983e-06
1.400000e-09 1.046748e-05
1.600000e-09 1.229722e-05
1.800000e-09 1.429778e-05
2.000000e-09 1.650289e-05
2.200000e-09 1.896433e-05
2.400000e-09 2.170463e-05
2.600000e-09 2.473515e-05
2.800000e-09 2.806708e-05
3.000000e-09 3.170092e-05
3.200000e-09 3.564235e-05
3.400000e-09 3.987383e-05
3.600000e-09 4.434426e-05
3.800000e-09 4.901408e-05
4.000000e-09 5.385490e-05
4.200000e-09 5.883231e-05
4.400000e-09 6.387784e-05
4.600000e-09 6.896346e-05
4.800000e-09 7.404943e-05
5.000000e-09 7.910116e-05
5.200000e-09 8.409044e-05
5.400000e-09 8.898287e-05
5.600000e-09 9.374438e-05
5.800000e-09 9.834624e-05
6.000000e-09 1.027831e-04
6.200000e-09 1.070433e-04
6.400000e-09 1.110988e-04
6.600000e-09 1.149494e-04
6.800000e-09 1.185836e-04
7.000000e-09 1.220298e-04
7.200000e-09 1.252598e-04
7.400000e-09 1.282964e-04
7.600000e-09 1.311339e-04
7.800000e-09 1.337834e-04
8.000000e-09 1.362508e-04
8.200000e-09 1.385242e-04
8.400000e-09 1.406270e-04
8.600000e-09 1.425759e-04
8.800000e-09 1.443709e-04
9.000000e-09 1.460009e-04
9.200000e-09 1.475055e-04
9.400000e-09 1.488909e-04
9.600000e-09 1.501624e-04
9.800000e-09 1.513198e-04
1.000000e-08 1.523806e-04
1.020000e-08 1.533615e-04
1.040000e-08 1.542516e-04
1.060000e-08 1.550393e-04
1.080000e-08 1.557529e-04
1.100000e-08 1.564037e-04
1.120000e-08 1.569919e-04
1.140000e-08 1.575347e-04
1.160000e-08 1.580093e-04
1.180000e-08 1.584158e-04
1.200000e-08 1.587936e-04
1.220000e-08 1.591315e-04
1.240000e-08 1.594411e-04
1.260000e-08 1.597169e-04
1.280000e-08 1.599641e-04
1.300000e-08 1.601884e-04
1.320000e-08 1.603959e-04
1.340000e-08 1.605691e-04
1.360000e-08 1.607136e-04
1.380000e-08 1.608526e-04
1.400000e-08 1.609861e-04
1.420000e-08 1.611081e-04
1.440000e-08 1.612074e-04
1.460000e-08 1.612838e-04
1.480000e-08 1.613715e-04
1.500000e-08 1.614596e-04
1.520000e-08 1.615248e-04
1.540000e-08 1.615788e-04
1.560000e-08 1.616213e-04
1.580000e-08 1.616641e-04
1.600000e-08 1.617013e-04
1.620000e-08 1.617271e-04
1.640000e-08 1.617415e-04
1.660000e-08 1.617672e-04
1.680000e-08 1.617873e-04
1.700000e-08 1.618131e-04
1.720000e-08 1.618276e-04
1.740000e-08 1.618308e-04
1.760000e-08 1.618509e-04
1.780000e-08 1.618711e-04
1.800000e-08 1.618857e-04
1.820000e-08 1.619057e-04
1.840000e-08 1.619203e-04
1.860000e-08 1.619402e-04
1.880000e-08 1.619547e-04
1.900000e-08 1.619635e-04
1.920000e-08 1.619552e-04
1.940000e-08 1.619471e-04
1.960000e-08 1.619500e-04
1.980000e-08 1.619533e-04
2.000000e-08 1.619506e-04
2.020000e-08 1.619476e-04
2.040000e-08 1.619450e-04
2.060000e-08 1.619366e-04
2.080000e-08 1.619339e-04
2.100000e-08 1.619313e-04
2.120000e-08 1.619229e-04
2.140000e-08 1.619313e-04
2.160000e-08 1.619344e-04
2.180000e-08 1.619430e-04
2.200000e-08 1.619571e-04
2.220000e-08 1.619602e-04
2.240000e-08 1.619746e-04
2.260000e-08 1.619893e-04
2.280000e-08 1.620094e-04
2.300000e-08 1.620350e-04
2.320000e-08 1.620436e-04
2.340000e-08 1.620524e-04
2.360000e-08 1.620553e-04
2.380000e-08 1.620526e-04
2.400000e-08 1.620612e-04
2.420000e-08 1.620531e-04
2.440000e-08 1.620619e-04
2.460000e-08 1.620651e-04
2.480000e-08 1.620682e-04
2.500000e-08 1.620715e-04
2.520000e-08 1.620803e-04
2.540000e-08 1.620889e-04
2.560000e-08 1.621031e-04
2.580000e-08 1.621119e-04
2.600000e-08 1.621150e-04
2.620000e-08 1.621064e-04
2.640000e-08 1.620923e-04
2.660000e-08 1.620784e-04
2.680000e-08 1.620644e-04
2.700000e-08 1.620393e-04
2.720000e-08 1.620252e-04
2.740000e-08 1.620228e-04
2.760000e-08 1.620151e-04
2.780000e-08 1.619958e-04
2.800000e-08 1.619710e-04
2.820000e-08 1.619631e-04
2.840000e-08 1.619554e-04
2.860000e-08 1.619475e-04
2.880000e-08 1.619397e-04
2.900000e-08 1.619210e-04
2.920000e-08 1.619192e-04
2.940000e-08 1.619287e-04
2.960000e-08 1.619382e-04
2.980000e-08 1.619304e-04
3.000000e-08 1.619058e-04
3.020000e-08 1.618811e-04
3.040000e-08 1.618731e-04
3.060000e-08 1.618652e-04
3.080000e-08 1.618687e-04
3.100000e-08 1.618721e-04
3.120000e-08 1.618755e-04
3.140000e-08 1.618847e-04
3.160000e-08 1.618940e-04
3.180000e-08 1.618976e-04
3.200000e-08 1.618898e-04
3.220000e-08 1.618876e-04
3.240000e-08 1.618907e-04
3.260000e-08 1.618883e-04
3.280000e-08 1.619031e-04
3.300000e-08 1.619122e-04
3.320000e-08 1.619268e-04
3.340000e-08 1.619418e-04
3.360000e-08 1.619626e-04
3.380000e-08 1.619832e-04
3.400000e-08 1.619929e-04
3.420000e-08 1.620135e-04
3.440000e-08 1.620343e-04
3.460000e-08 1.620496e-04
3.480000e-08 1.620478e-04
3.500000e-08 1.620290e-04
3.520000e-08 1.620216e-04
3.540000e-08 1.620197e-04
3.560000e-08 1.620235e-04
3.580000e-08 1.620213e-04
3.600000e-08 1.620078e-04
3.620000e-08 1.620001e-04
3.640000e-08 1.619982e-04
3.660000e-08 1.620070e-04
3.680000e-08 1.619989e-04
3.700000e-08 1.619853e-04
3.720000e-08 1.619777e-04
3.740000e-08 1.619870e-04
3.760000e-08 1.619963e-04
3.780000e-08 1.620113e-04
3.800000e-08 1.620151e-04
3.820000e-08 1.620190e-04
3.840000e-08 1.620397e-04
3.860000e-08 1.620663e-04
3.880000e-08 1.620816e-04
3.900000e-08 1.620858e-04
3.920000e-08 1.620952e-04
3.940000e-08 1.621105e-04
3.960000e-08 1.621202e-04
3.980000e-08 1.621240e-04
4.000000e-08 1.621107e-04
4.020000e-08 1.621031e-04
4.040000e-08 1.621073e-04
4.060000e-08 1.620997e-04
4.080000e-08 1.620811e-04
4.100000e-08 1.620677e-04
4.120000e-08 1.620660e-04
4.140000e-08 1.620639e-04
4.160000e-08 1.620624e-04
4.180000e-08 1.620440e-04
4.200000e-08 1.620192e-04
4.220000e-08 1.619946e-04
4.240000e-08 1.619702e-04
4.260000e-08 1.619516e-04
4.280000e-08 1.619328e-04
4.300000e-08 1.619256e-04
4.320000e-08 1.619127e-04
4.340000e-08 1.619110e-04
4.360000e-08 1.619041e-04
4.380000e-08 1.618971e-04
4.400000e-08 1.618957e-04
4.420000e-08 1.618718e-04
4.440000e-08 1.618589e-04
4.460000e-08 1.618575e-04
4.480000e-08 1.618561e-04
4.500000e-08 1.618494e-04
4.520000e-08 1.618255e-04
4.540000e-08 1.618129e-04
4.560000e-08 1.618119e-04
4.580000e-08 1.618222e-04
4.600000e-08 1.618325e-04
4.620000e-08 1.618372e-04
4.640000e-08 1.618475e-04
4.660000e-08 1.618523e-04
4.680000e-08 1.618626e-04
4.700000e-08 1.618673e-04
4.720000e-08 1.618609e-04
4.740000e-08 1.618657e-04
4.760000e-08 1.618704e-04
4.780000e-08 1.618697e-04
4.800000e-08 1.618745e-04
4.820000e-08 1.618621e-04
4.840000e-08 1.618671e-04
4.860000e-08 1.618776e-04
4.880000e-08 1.618940e-04
4.900000e-08 1.619105e-04
4.920000e-08 1.619270e-04
4.940000e-08 1.619323e-04
4.960000e-08 1.619490e-04
4.980000e-08 1.619659e-04
5.000000e-08 1.619657e-04
5.020000e-08 1.619657e-04
5.040000e-08 1.619428e-04
5.060000e-08 1.619373e-04
5.080000e-08 1.619432e-04
5.100000e-08 1.619488e-04
5.120000e-08 1.619549e-04
5.140000e-08 1.619494e-04
5.160000e-08 1.619438e-04
5.180000e-08 1.619438e-04
5.200000e-08 1.619382e-04
5.220000e-08 1.619327e-04
5.240000e-08 1.619327e-04
5.260000e-08 1.619161e-04
5.280000e-08 1.619165e-04
5.300000e-08 1.619227e-04
5.320000e-08 1.619227e-04
5.340000e-08 1.619117e-04
5.360000e-08 1.619120e-04
5.380000e-08 1.619124e-04
5.400000e-08 1.619184e-04
5.420000e-08 1.619359e-04
5.440000e-08 1.619476e-04
5.460000e-08 1.619538e-04
5.480000e-08 1.619602e-04
5.500000e-08 1.619605e-04
5.520000e-08 1.619609e-04
5.540000e-08 1.619610e-04
5.560000e-08 1.619557e-04
5.580000e-08 1.619559e-04
5.600000e-08 1.619617e-04
5.620000e-08 1.619674e-04
5.640000e-08 1.619789e-04
5.660000e-08 1.619906e-04
5.680000e-08 1.620132e-04
5.700000e-08 1.620133e-04
5.720000e-08 1.620075e-04
5.740000e-08 1.620132e-04
5.760000e-08 1.620130e-04
5.780000e-08 1.620073e-04
5.800000e-08 1.619905e-04
5.820000e-08 1.619793e-04
5.840000e-08 1.619738e-04
5.860000e-08 1.619740e-04
5.880000e-08 1.619686e-04
5.900000e-08 1.619576e-04
5.920000e-08 1.619351e-04
5.940000e-08 1.619186e-04
5.960000e-08 1.619074e-04
5.980000e-08 1.618905e-04
6.000000e-08 1.618737e-04
6.020000e-08 1.618456e-04
6.040000e-08 1.618344e-04
6.060000e-08 1.618293e-04
6.080000e-08 1.618408e-04
6.100000e-08 1.618468e-04
6.120000e-08 1.618528e-04
6.140000e-08 1.618475e-04
6.160000e-08 1.618537e-04
6.180000e-08 1.618537e-04
6.200000e-08 1.618367e-04
6.220000e-08 1.618196e-04
6.240000e-08 1.618081e-04
6.260000e-08 1.617852e-04
6.280000e-08 1.617740e-04
6.300000e-08 1.617570e-04
6.320000e-08 1.617396e-04
6.340000e-08 1.617281e-04
6.360000e-08 1.616992e-04
6.380000e-08 1.616820e-04
6.400000e-08 1.616703e-04
6.420000e-08 1.616698e-04
6.440000e-08 1.616643e-04
6.460000e-08 1.616639e-04
6.480000e-08 1.616583e-04
6.500000e-08 1.616526e-04
6.520000e-08 1.616524e-04
6.540000e-08 1.616469e-04
6.560000e-08 1.616357e-04
6.580000e-08 1.616130e-04
6.600000e-08 1.615963e-04
6.620000e-08 1.615852e-04
6.640000e-08 1.615800e-04
6.660000e-08 1.615860e-04
6.680000e-08 1.615922e-04
6.700000e-08 1.615869e-04
6.720000e-08 1.615757e-04
6.740000e-08 1.615819e-04
6.760000e-08 1.615881e-04
6.780000e-08 1.616055e-04
6.800000e-08 1.616283e-04
6.820000e-08 1.616459e-04
6.840000e-08 1.616576e-04
6.860000e-08 1.616806e-04
6.880000e-08 1.616980e-04
6.900000e-08 1.617044e-04
6.920000e-08 1.617047e-04
6.940000e-08 1.616996e-04
6.960000e-08 1.616944e-04
6.980000e-08 1.616949e-04
7.000000e-08 1.617126e-04
7.020000e-08 1.617192e-04
7.040000e-08 1.617257e-04
7.060000e-08 1.617149e-04
7.080000e-08 1.616985e-04
7.100000e-08 1.616877e-04
7.120000e-08 1.616882e-04
7.140000e-08 1.616887e-04
7.160000e-08 1.616894e-04
7.180000e-08 1.616789e-04
7.200000e-08 1.616684e-04
7.220000e-08 1.616638e-04
7.240000e-08 1.616645e-04
7.260000e-08 1.616712e-04
7.280000e-08 1.616662e-04
7.300000e-08 1.616553e-04
7.320000e-08 1.616333e-04
7.340000e-08 1.616172e-04
7.360000e-08 1.616125e-04
7.380000e-08 1.616247e-04
7.400000e-08 1.616428e-04
7.420000e-08 1.616495e-04
7.440000e-08 1.616449e-04
7.460000e-08 1.616344e-04
7.480000e-08 1.616182e-04
7.500000e-08 1.616018e-04
7.520000e-08 1.615969e-04
7.540000e-08 1.615858e-04
7.560000e-08 1.615581e-04
7.580000e-08 1.615360e-04
7.600000e-08 1.615081e-04
7.620000e-08 1.614919e-04
7.640000e-08 1.614813e-04
7.660000e-08 1.614819e-04
7.680000e-08 1.614714e-04
7.700000e-08 1.614498e-04
7.720000e-08 1.614393e-04
7.740000e-08 1.614286e-04
7.760000e-08 1.614181e-04
7.780000e-08 1.614074e-04
7.800000e-08 1.614030e-04
7.820000e-08 1.613985e-04
7.840000e-08 1.613827e-04
7.860000e-08 1.613727e-04
7.880000e-08 1.613684e-04
7.900000e-08 1.613698e-04
7.920000e-08 1.613601e-04
7.940000e-08 1.613560e-04
7.960000e-08 1.613230e-04
7.980000e-08 1.613130e-04
8.000000e-08 1.613029e-04
8.020000e-08 1.612929e-04
8.040000e-08 1.612829e-04
8.060000e-08 1.612676e-04
8.080000e-08 1.612576e-04
8.100000e-08 1.612475e-04
8.120000e-08 1.612437e-04
8.140000e-08 1.612451e-04
8.160000e-08 1.612523e-04
8.180000e-08 1.612595e-04
8.200000e-08 1.612666e-04
8.220000e-08 1.612623e-04
8.240000e-08 1.612466e-04
8.260000e-08 1.612366e-04
8.280000e-08 1.612380e-04
8.300000e-08 1.612392e-04
8.320000e-08 1.612518e-04
8.340000e-08 1.612473e-04
8.360000e-08 1.612428e-04
8.380000e-08 1.612442e-04
8.400000e-08 1.612452e-04
8.420000e-08 1.612521e-04
8.440000e-08 1.612647e-04
8.460000e-08 1.612882e-04
8.480000e-08 1.613063e-04
8.500000e-08 1.613189e-04
8.520000e-08 1.613202e-04
8.540000e-08 1.613275e-04
8.560000e-08 1.613402e-04
8.580000e-08 1.613474e-04
8.600000e-08 1.613600e-04
8.620000e-08 1.613496e-04
8.640000e-08 1.613335e-04
8.660000e-08 1.613003e-04
8.680000e-08 1.612786e-04
8.700000e-08 1.612681e-04
8.720000e-08 1.612574e-04
8.740000e-08 1.612583e-04
8.760000e-08 1.612537e-04
8.780000e-08 1.612547e-04
8.800000e-08 1.612447e-04
8.820000e-08 1.612289e-04
8.840000e-08 1.612303e-04
8.860000e-08 1.612432e-04
8.880000e-08 1.612502e-04
8.900000e-08 1.612629e-04
8.920000e-08 1.612702e-04
8.940000e-08 1.612600e-04
8.960000e-08 1.612442e-04
8.980000e-08 1.612456e-04
9.000000e-08 1.612581e-04
9.020000e-08 1.612652e-04
9.040000e-08 1.612722e-04
9.060000e-08 1.612619e-04
9.080000e-08 1.612459e-04
9.100000e-08 1.612129e-04
9.120000e-08 1.611974e-04
9.140000e-08 1.611931e-04
9.160000e-08 1.611829e-04
9.180000e-08 1.611788e-04
9.200000e-08 1.611804e-04
9.220000e-08 1.611651e-04
9.240000e-08 1.611437e-04
9.260000e-08 1.611109e-04
9.280000e-08 1.610784e-04
9.300000e-08 1.610517e-04
9.320000e-08 1.610367e-04
9.340000e-08 1.610156e-04
9.360000e-08 1.610006e-04
9.380000e-08 1.609739e-04
9.400000e-08 1.609529e-04
9.420000e-08 1.609380e-04
9.440000e-08 1.609228e-04
9.460000e-08 1.609192e-04
9.480000e-08 1.609268e-04
9.500000e-08 1.609345e-04
9.520000e-08 1.609364e-04
9.540000e-08 1.609211e-04
9.560000e-08 1.609061e-04
9.580000e-08 1.609022e-04
9.600000e-08 1.608986e-04
9.620000e-08 1.609003e-04
9.640000e-08 1.609135e-04
9.660000e-08 1.609153e-04
9.680000e-08 1.609170e-04
9.700000e-08 1.609079e-04
9.720000e-08 1.608872e-04
9.740000e-08 1.608724e-04
9.760000e-08 1.608690e-04
9.780000e-08 1.608599e-04
9.800000e-08 1.608566e-04
9.820000e-08 1.608535e-04
9.840000e-08 1.608504e-04
9.860000e-08 1.608475e-04
9.880000e-08 1.608385e-04
9.900000e-08 1.608360e-04
9.920000e-08 1.608335e-04
9.940000e-08 1.608253e-04
9.960000e-08 1.608172e-04
9.980000e-08 1.608091e-04
1.000000e-07 1.608071e-04
1.002000e-07 1.608160e-04
1.004000e-07 1.608139e-04
1.006000e-07 1.608174e-04
1.008000e-07 1.607983e-04
1.010000e-07 1.607737e-04
1.012000e-07 1.607604e-04
1.014000e-07 1.607530e-04
1.016000e-07 1.607511e-04
1.018000e-07 1.607551e-04
1.020000e-07 1.607536e-04
1.022000e-07 1.607350e-04
1.024000e-07 1.607109e-04
1.026000e-07 1.607035e-04
1.028000e-07 1.606906e-04
1.030000e-07 1.606889e-04
1.032000e-07 1.606756e-04
1.034000e-07 1.606627e-04
1.036000e-07 1.606496e-04
1.038000e-07 1.606481e-04
1.040000e-07 1.606407e-04
1.042000e-07 1.606278e-04
1.044000e-07 1.606037e-04
1.046000e-07 1.605963e-04
1.048000e-07 1.605948e-04
1.050000e-07 1.605934e-04
1.052000e-07 1.605863e-04
1.054000e-07 1.605905e-04
1.056000e-07 1.605779e-04
1.058000e-07 1.605765e-04
1.060000e-07 1.605638e-04
1.062000e-07 1.605456e-04
1.064000e-07 1.605385e-04
1.066000e-07 1.605315e-04
1.068000e-07 1.605303e-04
1.070000e-07 1.605346e-04
1.072000e-07 1.605390e-04
1.074000e-07 1.605380e-04
1.076000e-07 1.605370e-04
1.078000e-07 1.605306e-04
1.080000e-07 1.605184e-04
1.082000e-07 1.604890e-04
1.084000e-07 1.604711e-04
1.086000e-07 1.604532e-04
1.088000e-07 1.604465e-04
1.090000e-07 1.604456e-04
1.092000e-07 1.604391e-04
1.094000e-07 1.604324e-04
1.096000e-07 1.604319e-04
1.098000e-07 1.604313e-04
1.100000e-07 1.604306e-04
1.102000e-07 1.604076e-04
1.104000e-07 1.604071e-04
1.106000e-07 1.603957e-04
1.108000e-07 1.603897e-04
1.110000e-07 1.603839e-04
1.112000e-07 1.603895e-04
1.114000e-07 1.604011e-04
1.116000e-07 1.604067e-04
1.118000e-07 1.604069e-04
1.120000e-07 1.604128e-04
1.122000e-07 1.604131e-04
1.124000e-07 1.604021e-04
1.126000e-07 1.603968e-04
1.128000e-07 1.603914e-04
1.130000e-07 1.603921e-04
1.132000e-07 1.603985e-04
1.134000e-07 1.604045e-04
1.136000e-07 1.604109e-04
1.138000e-07 1.604226e-04
1.140000e-07 1.604286e-04
1.142000e-07 1.604291e-04
1.144000e-07 1.604184e-04
1.146000e-07 1.603966e-04
1.148000e-07 1.603632e-04
1.150000e-07 1.603415e-04
1.152000e-07 1.603252e-04
1.154000e-07 1.603314e-04
1.156000e-07 1.603322e-04
1.158000e-07 1.603388e-04
1.160000e-07 1.603396e-04
1.162000e-07 1.603515e-04
1.164000e-07 1.603517e-04
1.166000e-07 1.603410e-04
1.168000e-07 1.603128e-04
1.170000e-07 1.602851e-04
1.172000e-07 1.602516e-04
1.174000e-07 1.602352e-04
1.176000e-07 1.602134e-04
1.178000e-07 1.601914e-04
1.180000e-07 1.601748e-04
1.182000e-07 1.601697e-04
1.184000e-07 1.601702e-04
1.186000e-07 1.601707e-04
1.188000e-07 1.601769e-04
1.190000e-07 1.601831e-04
1.192000e-07 1.601833e-04
1.194000e-07 1.601841e-04
1.196000e-07 1.601678e-04
1.198000e-07 1.601342e-04
1.200000e-07 1.601069e-04
1.202000e-07 1.600795e-04
1.204000e-07 1.600467e-04
1.206000e-07 1.600197e-04
1.208000e-07 1.600100e-04
1.210000e-07 1.600001e-04
1.212000e-07 1.600018e-04
1.214000e-07 1.599978e-04
1.216000e-07 1.599882e-04
1.218000e-07 1.599785e-04
1.220000e-07 1.599744e-04
1.222000e-07 1.599591e-04
1.224000e-07 1.599436e-04
1.226000e-07 1.599168e-04
1.228000e-07 1.598960e-04
1.230000e-07 1.598918e-04
1.232000e-07 1.598992e-04
1.234000e-07 1.599068e-04
1.236000e-07 1.599199e-04
1.238000e-07 1.599331e-04
1.240000e-07 1.599519e-04
1.242000e-07 1.599710e-04
1.244000e-07 1.599901e-04
1.246000e-07 1.600090e-04
1.248000e-07 1.600166e-04
1.250000e-07 1.600188e-04
1.252000e-07 1.600099e-04
1.254000e-07 1.599949e-04
1.256000e-07 1.599798e-04
1.258000e-07 1.599593e-04
1.260000e-07 1.599443e-04
1.262000e-07 1.599355e-04
1.264000e-07 1.599207e-04
1.266000e-07 1.599061e-04
1.268000e-07 1.598862e-04
1.270000e-07 1.598826e-04
1.272000e-07 1.598851e-04
1.274000e-07 1.598877e-04
1.276000e-07 1.598848e-04
1.278000e-07 1.598875e-04
1.280000e-07 1.598788e-04
1.282000e-07 1.598703e-04
1.284000e-07 1.598502e-04
1.286000e-07 1.598356e-04
1.288000e-07 1.598273e-04
1.290000e-07 1.598187e-04
1.292000e-07 1.598046e-04
1.294000e-07 1.597788e-04
1.296000e-07 1.597363e-04
1.298000e-07 1.597052e-04
1.300000e-07 1.596797e-04
1.302000e-07 1.596718e-04
1.304000e-07 1.596694e-04
1.306000e-07 1.596615e-04
1.308000e-07 1.596534e-04
1.310000e-07 1.596453e-04
1.312000e-07 1.596541e-04
1.314000e-07 1.596577e-04
1.316000e-07 1.596668e-04
1.318000e-07 1.596756e-04
1.320000e-07 1.596902e-04
1.322000e-07 1.596938e-04
1.324000e-07 1.596799e-04
1.326000e-07 1.596493e-04
1.328000e-07 1.596300e-04
1.330000e-07 1.596047e-04
1.332000e-07 1.595686e-04
1.334000e-07 1.595381e-04
1.336000e-07 1.594962e-04
1.338000e-07 1.594485e-04
1.340000e-07 1.594065e-04
1.342000e-07 1.593702e-04
1.344000e-07 1.593338e-04
1.346000e-07 1.593035e-04
1.348000e-07 1.592787e-04
1.350000e-07 1.592656e-04
1.352000e-07 1.592636e-04
1.354000e-07 1.592732e-04
1.356000e-07 1.592940e-04
1.358000e-07 1.593209e-04
1.360000e-07 1.593479e-04
1.362000e-07 1.593692e-04
1.364000e-07 1.593849e-04
1.366000e-07 1.594060e-04
1.368000e-07 1.594275e-04
1.370000e-07 1.594432e-04
1.372000e-07 1.594705e-04
1.374000e-07 1.595032e-04
1.376000e-07 1.595363e-04
1.378000e-07 1.595691e-04
1.380000e-07 1.595853e-04
1.382000e-07 1.595898e-04
1.384000e-07 1.595886e-04
1.386000e-07 1.595762e-04
1.388000e-07 1.595640e-04
1.390000e-07 1.595461e-04
1.392000e-07 1.595338e-04
1.394000e-07 1.595161e-04
1.396000e-07 1.594926e-04
1.398000e-07 1.594805e-04
1.400000e-07 1.594518e-04
1.402000e-07 1.594229e-04
1.404000e-07 1.593885e-04
1.406000e-07 1.593541e-04
1.408000e-07 1.593085e-04
1.410000e-07 1.592574e-04
1.412000e-07 1.592175e-04
1.414000e-07 1.591721e-04
1.416000e-07 1.591266e-04
1.418000e-07 1.590812e-04
1.420000e-07 1.590417e-04
1.422000e-07 1.590021e-04
1.424000e-07 1.589854e-04
1.426000e-07 1.589856e-04
1.428000e-07 1.589859e-04
1.430000e-07 1.589921e-04
1.432000e-07 1.589925e-04
1.434000e-07 1.589873e-04
1.436000e-07 1.589880e-04
1.438000e-07 1.589771e-04
1.440000e-07 1.589722e-04
1.442000e-07 1.589560e-04
1.444000e-07 1.589398e-04
1.446000e-07 1.589236e-04
1.448000e-07 1.589130e-04
1.450000e-07 1.588910e-04
1.452000e-07 1.588748e-04
1.454000e-07 1.588586e-04
1.456000e-07 1.588426e-04
1.458000e-07 1.588268e-04
1.460000e-07 1.588165e-04
1.462000e-07 1.588061e-04
1.464000e-07 1.587960e-04
1.466000e-07 1.587858e-04
1.468000e-07 1.587815e-04
1.470000e-07 1.587943e-04
1.472000e-07 1.588185e-04
1.474000e-07 1.588254e-04
1.476000e-07 1.588215e-04
1.478000e-07 1.588228e-04
1.480000e-07 1.588242e-04
1.482000e-07 1.588258e-04
1.484000e-07 1.588160e-04
1.486000e-07 1.588063e-04
1.488000e-07 1.587800e-04
1.490000e-07 1.587654e-04
1.492000e-07 1.587506e-04
1.494000e-07 1.587413e-04
1.496000e-07 1.587265e-04
1.498000e-07 1.587122e-04
1.500000e-07 1.587031e-04
1.502000e-07 1.586892e-04
1.504000e-07 1.586637e-04
1.506000e-07 1.586441e-04
1.508000e-07 1.586360e-04
1.510000e-07 1.586226e-04
1.512000e-07 1.586031e-04
1.514000e-07 1.585951e-04
1.516000e-07 1.585872e-04
1.518000e-07 1.585904e-04
1.520000e-07 1.585939e-04
1.522000e-07 1.585971e-04
1.524000e-07 1.586123e-04
1.526000e-07 1.586102e-04
1.528000e-07 1.586023e-04
1.530000e-07 1.586116e-04
1.532000e-07 1.586207e-04
1.534000e-07 1.586410e-04
1.536000e-07 1.586613e-04
1.538000e-07 1.586874e-04
1.540000e-07 1.587136e-04
1.542000e-07 1.587456e-04
1.544000e-07 1.587776e-04
1.546000e-07 1.588156e-04
1.548000e-07 1.588591e-04
1.550000e-07 1.588911e-04
1.552000e-07 1.589176e-04
1.554000e-07 1.589390e-04
1.556000e-07 1.589488e-04
1.558000e-07 1.589642e-04
1.560000e-07 1.589744e-04
1.562000e-07 1.589677e-04
1.564000e-07 1.589608e-04
1.566000e-07 1.589538e-04
1.568000e-07 1.589642e-04
1.570000e-07 1.589691e-04
1.572000e-07 1.589624e-04
1.574000e-07 1.589443e-04
1.576000e-07 1.589264e-04
1.578000e-07 1.588916e-04
1.580000e-07 1.588622e-04
1.582000e-07 1.588387e-04
1.584000e-07 1.588037e-04
1.586000e-07 1.587743e-04
1.588000e-07 1.587339e-04
1.590000e-07 1.586936e-04
1.592000e-07 1.586530e-04
1.594000e-07 1.586128e-04
1.596000e-07 1.585841e-04
1.598000e-07 1.585550e-04
1.600000e-07 1.585318e-04
1.602000e-07 1.585144e-04
1.604000e-07 1.584972e-04
1.606000e-07 1.584858e-04
1.608000e-07 1.584858e-04
1.610000e-07 1.584918e-04
1.612000e-07 1.585152e-04
1.614000e-07 1.585443e-04
1.616000e-07 1.585615e-04
1.618000e-07 1.585620e-04
1.620000e-07 1.585626e-04
1.622000e-07 1.585572e-04
1.624000e-07 1.585464e-04
1.626000e-07 1.585355e-04
1.628000e-07 1.585189e-04
1.630000e-07 1.584853e-04
1.632000e-07 1.584574e-04
1.634000e-07 1.584296e-04
1.636000e-07 1.583964e-04
1.638000e-07 1.583685e-04
1.640000e-07 1.583411e-04
1.642000e-07 1.583191e-04
1.644000e-07 1.583086e-04
1.646000e-07 1.583091e-04
1.648000e-07 1.583159e-04
1.650000e-07 1.583167e-04
1.652000e-07 1.583174e-04
1.654000e-07 1.583355e-04
1.656000e-07 1.583645e-04
1.658000e-07 1.583766e-04
1.660000e-07 1.583829e-04
1.662000e-07 1.583893e-04
1.664000e-07 1.583840e-04
1.666000e-07 1.583790e-04
1.668000e-07 1.583740e-04
1.670000e-07 1.583633e-04
1.672000e-07 1.583583e-04
1.674000e-07 1.583594e-04
1.676000e-07 1.583606e-04
1.678000e-07 1.583558e-04
1.680000e-07 1.583570e-04
1.682000e-07 1.583580e-04
1.684000e-07 1.583649e-04
1.686000e-07 1.583778e-04
1.688000e-07 1.584134e-04
1.690000e-07 1.584492e-04
1.692000e-07 1.584681e-04
1.694000e-07 1.584814e-04
1.696000e-07 1.584948e-04
1.698000e-07 1.584970e-04
1.700000e-07 1.584932e-04
1.702000e-07 1.584783e-04
1.704000e-07 1.584574e-04
1.706000e-07 1.584256e-04
1.708000e-07 1.583989e-04
1.710000e-07 1.583781e-04
1.712000e-07 1.583573e-04
1.714000e-07 1.583594e-04
1.716000e-07 1.583554e-04
1.718000e-07 1.583573e-04
1.720000e-07 1.583649e-04
1.722000e-07 1.583613e-04
1.724000e-07 1.583522e-04
1.726000e-07 1.583319e-04
1.728000e-07 1.583005e-04
1.730000e-07 1.582804e-04
1.732000e-07 1.582546e-04
1.734000e-07 1.582350e-04
1.736000e-07 1.582150e-04
1.738000e-07 1.581953e-04
1.740000e-07 1.581698e-04
1.742000e-07 1.581674e-04
1.744000e-07 1.581875e-04
1.746000e-07 1.581911e-04
1.748000e-07 1.581719e-04
1.750000e-07 1.581524e-04
1.752000e-07 1.581273e-04
1.754000e-07 1.580967e-04
1.756000e-07 1.580661e-04
1.758000e-07 1.580409e-04
1.760000e-07 1.580275e-04
1.762000e-07 1.580198e-04
1.764000e-07 1.580181e-04
1.766000e-07 1.580219e-04
1.768000e-07 1.580315e-04
1.770000e-07 1.580298e-04
1.772000e-07 1.580282e-04
1.774000e-07 1.580096e-04
1.776000e-07 1.579857e-04
1.778000e-07 1.579560e-04
1.780000e-07 1.579376e-04
1.782000e-07 1.579135e-04
1.784000e-07 1.578894e-04
1.786000e-07 1.578765e-04
1.788000e-07 1.578638e-04
1.790000e-07 1.578512e-04
1.792000e-07 1.578386e-04
1.794000e-07 1.578204e-04
1.796000e-07 1.577917e-04
1.798000e-07 1.577738e-04
1.800000e-07 1.577504e-04
1.802000e-07 1.577266e-04
1.804000e-07 1.577144e-04
1.806000e-07 1.577020e-04
1.808000e-07 1.577017e-04
1.810000e-07 1.577014e-04
1.812000e-07 1.577067e-04
1.814000e-07 1.577179e-04
1.816000e-07 1.577120e-04
1.818000e-07 1.577002e-04
1.820000e-07 1.576945e-04
1.822000e-07 1.576890e-04
1.824000e-07 1.576778e-04
1.826000e-07 1.576893e-04
1.828000e-07 1.576785e-04
1.830000e-07 1.576676e-04
1.832000e-07 1.576454e-04
1.834000e-07 1.576293e-04
1.836000e-07 1.576186e-04
1.838000e-07 1.575968e-04
1.840000e-07 1.575866e-04
1.842000e-07 1.575823e-04
1.844000e-07 1.575895e-04
1.846000e-07 1.575856e-04
1.848000e-07 1.575814e-04
1.850000e-07 1.575716e-04
1.852000e-07 1.575505e-04
1.854000e-07 1.575353e-04
1.856000e-07 1.575092e-04
1.858000e-07 1.574999e-04
1.860000e-07 1.574963e-04
1.862000e-07 1.574817e-04
1.864000e-07 1.574612e-04
1.866000e-07 1.574297e-04
1.868000e-07 1.574094e-04
1.870000e-07 1.573953e-04
1.872000e-07 1.573867e-04
1.874000e-07 1.573843e-04
1.876000e-07 1.573932e-04
1.878000e-07 1.573793e-04
1.880000e-07 1.573657e-04
1.882000e-07 1.573521e-04
1.884000e-07 1.573442e-04
1.886000e-07 1.573422e-04
1.888000e-07 1.573573e-04
1.890000e-07 1.573724e-04
1.892000e-07 1.573879e-04
1.894000e-07 1.573975e-04
1.896000e-07 1.573900e-04
1.898000e-07 1.573888e-04
1.900000e-07 1.573815e-04
1.902000e-07 1.573690e-04
1.904000e-07 1.573564e-04
1.906000e-07 1.573554e-04
1.908000e-07 1.573544e-04
1.910000e-07 1.573477e-04
1.912000e-07 1.573356e-04
1.914000e-07 1.573122e-04
1.916000e-07 1.573002e-04
1.918000e-07 1.572997e-04
1.920000e-07 1.573162e-04
1.922000e-07 1.573102e-04
1.924000e-07 1.573040e-04
1.926000e-07 1.573043e-04
1.928000e-07 1.573043e-04
1.930000e-07 1.573046e-04
1.932000e-07 1.573048e-04
1.934000e-07 1.573167e-04
1.936000e-07 1.573227e-04
1.938000e-07 1.573344e-04
1.940000e-07 1.573291e-04
1.942000e-07 1.573124e-04
1.944000e-07 1.573017e-04
1.946000e-07 1.573026e-04
1.948000e-07 1.573088e-04
1.950000e-07 1.573151e-04
1.952000e-07 1.573160e-04
1.954000e-07 1.573057e-04
1.956000e-07 1.572899e-04
1.958000e-07 1.572684e-04
1.960000e-07 1.572580e-04
1.962000e-07 1.572367e-04
1.964000e-07 1.572040e-04
1.966000e-07 1.571768e-04
1.968000e-07 1.571440e-04
1.970000e-07 1.571054e-04
1.972000e-07 1.570958e-04
1.974000e-07 1.570801e-04
1.976000e-07 1.570703e-04
1.978000e-07 1.570662e-04
1.980000e-07 1.570504e-04
1.982000e-07 1.570346e-04
1.984000e-07 1.570303e-04
1.986000e-07 1.570144e-04
1.988000e-07 1.569934e-04
1.990000e-07 1.569890e-04
1.992000e-07 1.569847e-04
1.994000e-07 1.569805e-04
1.996000e-07 1.569936e-04
1.998000e-07 1.570069e-04
2.000000e-07 1.570089e-04
2.002000e-07 1.569938e-04
2.004000e-07 1.569788e-04
2.006000e-07 1.569640e-04
2.008000e-07 1.569494e-04
2.010000e-07 1.569344e-04
2.012000e-07 1.569255e-04
2.014000e-07 1.569107e-04
2.016000e-07 1.568959e-04
2.018000e-07 1.568983e-04
2.020000e-07 1.568949e-04
2.022000e-07 1.568802e-04
2.024000e-07 1.568658e-04
2.026000e-07 1.568512e-04
2.028000e-07 1.568538e-04
2.030000e-07 1.568505e-04
2.032000e-07 1.568470e-04
2.034000e-07 1.568439e-04
2.036000e-07 1.568470e-04
2.038000e-07 1.568617e-04
2.040000e-07 1.568704e-04
2.042000e-07 1.568735e-04
2.044000e-07 1.568658e-04
2.046000e-07 1.568582e-04
2.048000e-07 1.568448e-04
2.050000e-07 1.568371e-04
2.052000e-07 1.568238e-04
2.054000e-07 1.568051e-04
2.056000e-07 1.567806e-04
2.058000e-07 1.567736e-04
2.060000e-07 1.567781e-04
2.062000e-07 1.567712e-04
2.064000e-07 1.567469e-04
2.066000e-07 1.567227e-04
2.068000e-07 1.567099e-04
2.070000e-07 1.566919e-04
2.072000e-07 1.566736e-04
2.074000e-07 1.566499e-04
2.076000e-07 1.566323e-04
2.078000e-07 1.566263e-04
2.080000e-07 1.566201e-04
2.082000e-07 1.566141e-04
2.084000e-07 1.566021e-04
2.086000e-07 1.565900e-04
2.088000e-07 1.565895e-04
2.090000e-07 1.565721e-04
2.092000e-07 1.565661e-04
2.094000e-07 1.565604e-04
2.096000e-07 1.565659e-04
2.098000e-07 1.565720e-04
2.100000e-07 1.565718e-04
2.102000e-07 1.565716e-04
2.104000e-07 1.565663e-04
2.106000e-07 1.565665e-04
2.108000e-07 1.565611e-04
2.110000e-07 1.565503e-04
2.112000e-07 1.565393e-04
2.114000e-07 1.565339e-04
2.116000e-07 1.565226e-04
2.118000e-07 1.565116e-04
2.120000e-07 1.565007e-04
2.122000e-07 1.564896e-04
2.124000e-07 1.564958e-04
2.126000e-07 1.564963e-04
2.128000e-07 1.564798e-04
2.130000e-07 1.564634e-04
2.132000e-07 1.564584e-04
2.134000e-07 1.564476e-04
2.136000e-07 1.564373e-04
2.138000e-07 1.564154e-04
2.140000e-07 1.563937e-04
2.142000e-07 1.563838e-04
2.144000e-07 1.563681e-04
2.146000e-07 1.563469e-04
2.148000e-07 1.563316e-04
2.150000e-07 1.563105e-04
2.152000e-07 1.563010e-04
2.154000e-07 1.562859e-04
2.156000e-07 1.562764e-04
2.158000e-07 1.562671e-04
2.160000e-07 1.562578e-04
2.162000e-07 1.562429e-04
2.164000e-07 1.562339e-04
2.166000e-07 1.562190e-04
2.168000e-07 1.562270e-04
2.170000e-07 1.562289e-04
2.172000e-07 1.562312e-04
2.174000e-07 1.562222e-04
2.176000e-07 1.562245e-04
2.178000e-07 1.562155e-04
2.180000e-07 1.562014e-04
2.182000e-07 1.561813e-04
2.184000e-07 1.561727e-04
2.186000e-07 1.561529e-04
2.188000e-07 1.561333e-04
2.190000e-07 1.561138e-04
2.192000e-07 1.560942e-04
2.194000e-07 1.560693e-04
2.196000e-07 1.560500e-04
2.198000e-07 1.560196e-04
2.200000e-07 1.560003e-04
2.202000e-07 1.559755e-04
2.204000e-07 1.559451e-04
2.206000e-07 1.559375e-04
2.208000e-07 1.559415e-04
2.210000e-07 1.559453e-04
2.212000e-07 1.559554e-04
2.214000e-07 1.559597e-04
2.216000e-07 1.559640e-04
2.218000e-07 1.559516e-04
2.220000e-07 1.559449e-04
2.222000e-07 1.559268e-04
2.224000e-07 1.558976e-04
2.226000e-07 1.558745e-04
2.228000e-07 1.558456e-04
2.230000e-07 1.558338e-04
2.232000e-07 1.558167e-04
2.234000e-07 1.557994e-04
2.236000e-07 1.557882e-04
2.238000e-07 1.557823e-04
2.240000e-07 1.557768e-04
2.242000e-07 1.557713e-04
2.244000e-07 1.557717e-04
2.246000e-07 1.557662e-04
2.248000e-07 1.557667e-04
2.250000e-07 1.557725e-04
2.252000e-07 1.557732e-04
2.254000e-07 1.557741e-04
2.256000e-07 1.557691e-04
2.258000e-07 1.557643e-04
2.260000e-07 1.557540e-04
2.262000e-07 1.557380e-04
2.264000e-07 1.557337e-04
2.266000e-07 1.557293e-04
2.268000e-07 1.557139e-04
2.270000e-07 1.557044e-04
2.272000e-07 1.556891e-04
2.274000e-07 1.556681e-04
2.276000e-07 1.556530e-04
2.278000e-07 1.556440e-04
2.280000e-07 1.556463e-04
2.282000e-07 1.556543e-04
2.284000e-07 1.556569e-04
2.286000e-07 1.556709e-04
2.288000e-07 1.556736e-04
2.290000e-07 1.556764e-04
2.292000e-07 1.556736e-04
2.294000e-07 1.556765e-04
2.296000e-07 1.556738e-04
2.298000e-07 1.556712e-04
2.300000e-07 1.556686e-04
2.302000e-07 1.556660e-04
2.304000e-07 1.556581e-04
2.306000e-07 1.556557e-04
2.308000e-07 1.556592e-04
2.310000e-07 1.556569e-04
2.312000e-07 1.556490e-04
2.314000e-07 1.556299e-04
2.316000e-07 1.556167e-04
2.318000e-07 1.556148e-04
2.320000e-07 1.556187e-04
2.322000e-07 1.556113e-04
2.324000e-07 1.556039e-04
2.326000e-07 1.555857e-04
2.328000e-07 1.555728e-04
2.330000e-07 1.555546e-04
2.332000e-07 1.555305e-04
2.334000e-07 1.555009e-04
2.336000e-07 1.554716e-04
2.338000e-07 1.554536e-04
2.340000e-07 1.554243e-04
2.342000e-07 1.554008e-04
2.344000e-07 1.553886e-04
2.346000e-07 1.553708e-04
2.348000e-07 1.553418e-04
2.350000e-07 1.553299e-04
2.352000e-07 1.553125e-04
2.354000e-07 1.553008e-04
2.356000e-07 1.553003e-04
2.358000e-07 1.552771e-04
2.360000e-07 1.552427e-04
2.362000e-07 1.552081e-04
2.364000e-07 1.551852e-04
2.366000e-07 1.551682e-04
2.368000e-07 1.551568e-04
2.370000e-07 1.551568e-04
2.372000e-07 1.551339e-04
2.374000e-07 1.551283e-04
2.376000e-07 1.551341e-04
2.378000e-07 1.551398e-04
2.380000e-07 1.551458e-04
2.382000e-07 1.551630e-04
2.384000e-07 1.551747e-04
2.386000e-07 1.551809e-04
2.388000e-07 1.551869e-04
2.390000e-07 1.551874e-04
2.392000e-07 1.551766e-04
2.394000e-07 1.551548e-04
2.396000e-07 1.551329e-04
2.398000e-07 1.551169e-04
2.400000e-07 1.551064e-04
2.402000e-07 1.551019e-04
2.404000e-07 1.551033e-04
2.406000e-07 1.551045e-04
2.408000e-07 1.551059e-04
2.410000e-07 1.551126e-04
2.412000e-07 1.551197e-04
2.414000e-07 1.551154e-04
2.416000e-07 1.551167e-04
2.418000e-07 1.551069e-04
2.420000e-07 1.550975e-04
2.422000e-07 1.550937e-04
2.424000e-07 1.550906e-04
2.426000e-07 1.550816e-04
2.428000e-07 1.550672e-04
2.430000e-07 1.550641e-04
2.432000e-07 1.550613e-04
2.434000e-07 1.550476e-04
2.436000e-07 1.550392e-04
2.438000e-07 1.550424e-04
2.440000e-07 1.550343e-04
2.442000e-07 1.550149e-04
2.444000e-07 1.550068e-04
2.446000e-07 1.549936e-04
2.448000e-07 1.549917e-04
2.450000e-07 1.549726e-04
2.452000e-07 1.549598e-04
2.454000e-07 1.549471e-04
2.456000e-07 1.549236e-04
2.458000e-07 1.548886e-04
2.460000e-07 1.548594e-04
2.462000e-07 1.548303e-04
2.464000e-07 1.548012e-04
2.466000e-07 1.547555e-04
2.468000e-07 1.546868e-04
2.470000e-07 1.546240e-04
2.472000e-07 1.545501e-04
2.474000e-07 1.544873e-04
2.476000e-07 1.544358e-04
2.478000e-07 1.543736e-04
2.480000e-07 1.543168e-04
2.482000e-07 1.542487e-04
2.484000e-07 1.541864e-04
2.486000e-07 1.541358e-04
2.488000e-07 1.540680e-04
2.490000e-07 1.539775e-04
2.492000e-07 1.538643e-04
2.494000e-07 1.537345e-04
2.496000e-07 1.536099e-04
2.498000e-07 1.534575e-04
2.500000e-07 1.532941e-04
2.502000e-07 1.530961e-04
2.504000e-07 1.528757e-04
2.506000e-07 1.526267e-04
2.508000e-07 1.523553e-04
2.510000e-07 1.520384e-04
2.512000e-07 1.516758e-04
2.514000e-07 1.512622e-04
2.516000e-07 1.508201e-04
2.518000e-07 1.503155e-04
2.520000e-07 1.497371e-04
2.522000e-07 1.490793e-04
2.524000e-07 1.483474e-04
2.526000e-07 1.475193e-04
2.528000e-07 1.465881e-04
2.530000e-07 1.455376e-04
2.532000e-07 1.443449e-04
2.534000e-07 1.429984e-04
2.536000e-07 1.415042e-04
2.538000e-07 1.398222e-04
2.540000e-07 1.379297e-04
2.542000e-07 1.357812e-04
2.544000e-07 1.333591e-04
2.546000e-07 1.306298e-04
2.548000e-07 1.275369e-04
2.550000e-07 1.240680e-04
2.552000e-07 1.201494e-04
2.554000e-07 1.157188e-04
2.556000e-07 1.107136e-04
2.558000e-07 1.050767e-04
2.560000e-07 9.872815e-05
2.562000e-07 9.154890e-05
2.564000e-07 8.346476e-05
2.566000e-07 7.433913e-05
2.568000e-07 6.403543e-05
2.570000e-07 5.238798e-05
2.572000e-07 3.924952e-05
2.574000e-07 2.442601e-05
2.576000e-07 7.701372e-06
2.578000e-07 -1.115750e-05
2.580000e-07 -3.245235e-05
2.582000e-07 -5.649645e-05
2.584000e-07 -8.364247e-05
2.586000e-07 -1.142893e-04
2.588000e-07 -1.488634e-04
2.590000e-07 -1.878774e-04
2.592000e-07 -2.319115e-04
2.594000e-07 -2.816204e-04
2.596000e-07 -3.377155e-04
2.598000e-07 -4.010225e-04
2.600000e-07 -4.724579e-04
2.602000e-07 -5.531086e-04
2.604000e-07 -6.441188e-04
2.606000e-07 -7.468261e-04
2.608000e-07 -8.627559e-04
2.610000e-07 -9.935876e-04
2.612000e-07 -1.141262e-03
2.614000e-07 -1.307919e-03
2.616000e-07 -1.496030e-03
2.618000e-07 -1.708331e-03
2.620000e-07 -1.947938e-03
2.622000e-07 -2.218361e-03
2.624000e-07 -2.523580e-03
2.626000e-07 -2.868080e-03
2.628000e-07 -3.256892e-03
2.630000e-07 -3.695721e-03
2.632000e-07 -4.190986e-03
2.634000e-07 -4.749969e-03
2.636000e-07 -5.380854e-03
2.638000e-07 -6.092903e-03
2.640000e-07 -6.896525e-03
2.642000e-07 -7.803532e-03
2.644000e-07 -8.827198e-03
2.646000e-07 -9.982555e-03
2.648000e-07 -1.128653e-02
2.650000e-07 -1.275824e-02
2.652000e-07 -1.441927e-02
2.654000e-07 -1.629398e-02
2.656000e-07 -1.840982e-02
2.658000e-07 -2.079785e-02
2.660000e-07 -2.349307e-02
2.662000e-07 -2.653501e-02
2.664000e-07 -2.996824e-02
2.666000e-07 -3.384313e-02
2.668000e-07 -3.821645e-02
2.670000e-07 -4.315235e-02
2.672000e-07 -4.872318e-02
2.674000e-07 -5.501064e-02
2.676000e-07 -6.210688e-02
2.678000e-07 -7.011597e-02
2.680000e-07 -7.915529e-02
2.682000e-07 -8.935739e-02
2.684000e-07 -1.008719e-01
2.686000e-07 -1.138675e-01
2.688000e-07 -1.285349e-01
2.690000e-07 -1.450890e-01
2.692000e-07 -1.637726e-01
2.694000e-07 -1.848595e-01
2.696000e-07 -2.086591e-01
2.698000e-07 -2.355201e-01
2.700000e-07 -2.658365e-01
2.702000e-07 -3.000526e-01
2.704000e-07 -3.386702e-01
2.706000e-07 -3.822553e-01
2.708000e-07 -4.314472e-01
2.710000e-07 -4.869669e-01
2.712000e-07 -5.496285e-01
2.714000e-07 -6.203507e-01
2.716000e-07 -7.001703e-01
2.718000e-07 -7.902576e-01
2.720000e-07 -8.919334e-01
2.722000e-07 -1.006688e+00
2.724000e-07 -1.136205e+00
2.726000e-07 -1.282382e+00
2.728000e-07 -1.447363e+00
2.730000e-07 -1.633567e+00
2.732000e-07 -1.843723e+00
2.734000e-07 -2.080913e+00
2.736000e-07 -2.348614e+00
2.738000e-07 -2.650751e+00
2.740000e-07 -2.991754e+00
2.742000e-07 -3.376621e+00
2.744000e-07 -3.810997e+00
2.746000e-07 -4.301249e+00
2.748000e-07 -4.854565e+00
2.750000e-07 -5.479057e+00
2.752000e-07 -6.183881e+00
2.754000e-07 -6.979370e+00
2.756000e-07 -7.877187e+00
2.758000e-07 -8.890494e+00
2.760000e-07 -1.003415e+01
2.762000e-07 -1.132491e+01
2.764000e-07 -1.278172e+01
2.766000e-07 -1.442592e+01
2.768000e-07 -1.628161e+01
2.770000e-07 -1.837601e+01
2.772000e-07 -2.073982e+01
2.774000e-07 -2.340769e+01
2.776000e-07 -2.641873e+01
2.778000e-07 -2.981708e+01
2.780000e-07 -3.365257e+01
2.782000e-07 -3.798140e+01
2.784000e-07 -4.286705e+01
2.786000e-07 -4.838112e+01
2.788000e-07 -5.460445e+01
2.790000e-07 -6.162824e+01
2.792000e-07 -6.955546e+01
2.794000e-07 -7.850227e+01
2.796000e-07 -8.859982e+01
2.798000e-07 -9.999608e+01
2.800000e-07 -1.128581e+02
2.802000e-07 -1.273742e+02
2.804000e-07 -1.437573e+02
2.806000e-07 -1.622473e+02
2.808000e-07 -1.831151e+02
2.810000e-07 -2.066663e+02
2.812000e-07 -2.332461e+02
2.814000e-07 -2.632435e+02
2.816000e-07 -2.970980e+02
2.818000e-07 -3.353050e+02
2.820000e-07 -3.784240e+02
2.822000e-07 -4.270859e+02
2.824000e-07 -4.820028e+02
2.826000e-07 -5.439781e+02
2.828000e-07 -6.139179e+02
2.830000e-07 -6.928448e+02
2.832000e-07 -7.819121e+02
2.834000e-07 -8.824209e+02
2.836000e-07 -9.958386e+02
2.838000e-07 -1.123820e+03
2.840000e-07 -1.268232e+03
2.842000e-07 -1.431179e+03
2.844000e-07 -1.615034e+03
2.846000e-07 -1.822472e+03
2.848000e-07 -2.056508e+03
2.850000e-07 -2.320540e+03
2.852000e-07 -2.618396e+03
2.854000e-07 -2.954390e+03
2.856000e-07 -3.333380e+03
2.858000e-07 -3.760833e+03
2.860000e-07 -4.242906e+03
2.862000e-07 -4.786525e+03
2.864000e-07 -5.399481e+03
2.866000e-07 -6.090531e+03
2.868000e-07 -6.869515e+03
2.870000e-07 -7.747485e+03
2.872000e-07 -8.736843e+03
2.874000e-07 -9.851496e+03
2.876000e-07 -1.110703e+04
2.878000e-07 -1.252088e+04
2.880000e-07 -1.411257e+04
2.882000e-07 -1.590387e+04
2.884000e-07 -1.791908e+04
2.886000e-07 -2.018527e+04
2.888000e-07 -2.273249e+04
2.890000e-07 -2.559412e+04
2.892000e-07 -2.880706e+04
2.894000e-07 -3.241206e+04
2.896000e-07 -3.645394e+04
2.898000e-07 -4.098187e+04
2.900000e-07 -4.604951e+04
2.902000e-07 -5.171520e+04
2.904000e-07 -5.804198e+04
2.906000e-07 -6.509759e+04
2.908000e-07 -7.295422e+04
2.910000e-07 -8.168817e+04
2.912000e-07 -9.137920e+04
2.914000e-07 -1.021096e+05
2.916000e-07 -1.139631e+05
2.918000e-07 -1.270230e+05
2.920000e-07 -1.413701e+05
2.922000e-07 -1.570803e+05
2.924000e-07 -1.742211e+05
2.926000e-07 -1.928482e+05
2.928000e-07 -2.130011e+05
2.930000e-07 -2.346985e+05
2.932000e-07 -2.579335e+05
2.934000e-07 -2.826685e+05
2.936000e-07 -3.088302e+05
2.938000e-07 -3.363062e+05
2.940000e-07 -3.649413e+05
2.942000e-07 -3.945368e+05
2.944000e-07 -4.248505e+05
2.946000e-07 -4.556008e+05
2.948000e-07 -4.864722e+05
2.950000e-07 -5.171246e+05
2.952000e-07 -5.472049e+05
2.954000e-07 -5.763607e+05
2.956000e-07 -6.042556e+05
2.958000e-07 -6.305841e+05
2.960000e-07 -6.550857e+05
2.962000e-07 -6.775565e+05
2.964000e-07 -6.978571e+05
2.966000e-07 -7.159166e+05
2.968000e-07 -7.317317e+05
2.970000e-07 -7.453618e+05
2.972000e-07 -7.569204e+05
2.974000e-07 -7.665639e+05
2.976000e-07 -7.744787e+05
2.978000e-07 -7.808690e+05
2.980000e-07 -7.859446e+05
2.982000e-07 -7.899109e+05
2.984000e-07 -7.929608e+05
2.986000e-07 -7.952697e+05
2.988000e-07 -7.969919e+05
2.990000e-07 -7.982599e+05
2.992000e-07 -7.991849e+05
2.994000e-07 -7.998591e+05
2.996000e-07 -8.003591e+05
2.998000e-07 -8.007500e+05
3.000000e-07 -1.347794e+08
3.002000e-07 -2.890268e+05
3.004000e-07 -4.268238e+02
3.006000e-07 1.924289e+02
3.008000e-07 1.937073e+02
3.010000e-07 1.936629e+02
3.012000e-07 1.951090e+02
3.014000e-07 8.926702e+02
3.016000e-07 3.258448e+05
3.018000e-07 1.517461e+08
3.020000e-07 3.482015e+04
3.022000e-07 3.134125e+04
3.024000e-07 2.821622e+04
3.026000e-07 2.540499e+04
3.028000e-07 2.287242e+04
3.030000e-07 2.058761e+04
3.032000e-07 1.852331e+04
3.034000e-07 1.665535e+04
3.036000e-07 1.496232e+04
3.038000e-07 1.342510e+04
3.040000e-07 1.202663e+04
3.042000e-07 1.075162e+04
3.044000e-07 9.586285e+03
3.046000e-07 8.518212e+03
3.048000e-07 7.536137e+03
3.050000e-07 6.629812e+03
3.052000e-07 5.789869e+03
3.054000e-07 5.007701e+03
3.056000e-07 4.275354e+03
3.058000e-07 3.585434e+03
3.060000e-07 2.931017e+03
3.062000e-07 2.305572e+03
3.064000e-07 1.702882e+03
3.066000e-07 1.116981e+03
3.068000e-07 5.420834e+02
3.070000e-07 -1.348882e+08
3.072000e-07 -2.893220e+05
3.074000e-07 -5.124174e+02
3.076000e-07 1.072364e+02
3.078000e-07 1.085167e+02
3.080000e-07 1.084725e+02
3.082000e-07 1.098842e+02
3.084000e-07 7.906439e+02
3.086000e-07 3.179448e+05
3.088000e-07 1.481163e+08
3.090000e-07 8.054252e+05
3.092000e-07 8.036596e+05
3.094000e-07 8.025996e+05
3.096000e-07 8.019332e+05
3.098000e-07 8.014775e+05
3.100000e-07 8.011187e+05
3.102000e-07 8.007784e+05
3.104000e-07 8.003935e+05
3.106000e-07 7.999045e+05
3.108000e-07 7.992468e+05
3.110000e-07 7.983450e+05
3.112000e-07 7.971081e+05
3.114000e-07 7.954267e+05
3.116000e-07 7.931699e+05
3.118000e-07 7.901852e+05
3.120000e-07 7.862989e+05
3.122000e-07 7.813192e+05
3.124000e-07 7.750414e+05
3.126000e-07 7.672557e+05
3.128000e-07 7.577572e+05
3.130000e-07 7.463575e+05
3.132000e-07 7.328973e+05
3.134000e-07 7.172594e+05
3.136000e-07 6.993796e+05
3.138000e-07 6.792559e+05
3.140000e-07 6.569540e+05
3.142000e-07 6.326076e+05
3.144000e-07 6.064159e+05
3.146000e-07 5.786352e+05
3.148000e-07 5.495678e+05
3.150000e-07 5.195485e+05
3.152000e-07 4.889287e+05
3.154000e-07 4.580620e+05
3.156000e-07 4.272901e+05
3.158000e-07 3.969307e+05
3.160000e-07 3.672686e+05
3.162000e-07 3.385490e+05
3.164000e-07 3.109743e+05
3.166000e-07 2.847031e+05
3.168000e-07 2.598513e+05
3.170000e-07 2.364948e+05
3.172000e-07 2.146742e+05
3.174000e-07 1.943985e+05
3.176000e-07 1.756510e+05
3.178000e-07 1.583935e+05
3.180000e-07 1.425717e+05
3.182000e-07 1.281186e+05
3.184000e-07 1.149590e+05
3.186000e-07 1.030124e+05
3.188000e-07 9.219546e+04
3.190000e-07 8.242461e+04
3.192000e-07 7.361733e+04
3.194000e-07 6.569360e+04
3.196000e-07 5.857683e+04
3.198000e-07 5.219449e+04
3.200000e-07 4.647847e+04
3.202000e-07 4.136535e+04
3.204000e-07 3.679643e+04
3.206000e-07 3.271765e+04
3.208000e-07 2.907952e+04
3.210000e-07 2.583687e+04
3.212000e-07 2.294864e+04
3.214000e-07 2.037762e+04
3.216000e-07 1.809017e+04
3.218000e-07 1.605598e+04
3.220000e-07 1.424775e+04
3.222000e-07 1.264099e+04
3.224000e-07 1.121370e+04
3.226000e-07 9.946208e+03
3.228000e-07 8.820919e+03
3.230000e-07 7.822103e+03
3.232000e-07 6.935726e+03
3.234000e-07 6.149272e+03
3.236000e-07 5.451588e+03
3.238000e-07 4.832741e+03
3.240000e-07 4.283892e+03
3.242000e-07 3.797177e+03
3.244000e-07 3.365604e+03
3.246000e-07 2.982960e+03
3.248000e-07 2.643724e+03
3.250000e-07 2.342992e+03
3.252000e-07 2.076410e+03
3.254000e-07 1.840113e+03
3.256000e-07 1.630670e+03
3.258000e-07 1.445037e+03
3.260000e-07 1.280514e+03
3.262000e-07 1.134705e+03
3.264000e-07 1.005485e+03
3.266000e-07 8.909692e+02
3.268000e-07 7.894874e+02
3.270000e-07 6.995577e+02
3.272000e-07 6.198665e+02
3.274000e-07 5.492493e+02
3.276000e-07 4.866738e+02
3.278000e-07 4.312249e+02
3.280000e-07 3.820916e+02
3.282000e-07 3.385548e+02
3.284000e-07 2.999776e+02
3.286000e-07 2.657951e+02
3.288000e-07 2.355070e+02
3.290000e-07 2.086696e+02
3.292000e-07 1.848901e+02
3.294000e-07 1.638201e+02
3.296000e-07 1.451509e+02
3.298000e-07 1.286091e+02
3.300000e-07 1.139522e+02
3.302000e-07 1.009656e+02
3.304000e-07 8.945883e+01
3.306000e-07 7.926341e+01
3.308000e-07 7.022987e+01
3.310000e-07 6.222582e+01
3.312000e-07 5.513394e+01
3.314000e-07 4.885029e+01
3.316000e-07 4.328276e+01
3.318000e-07 3.834976e+01
3.320000e-07 3.397896e+01
3.322000e-07 3.010629e+01
3.324000e-07 2.667500e+01
3.326000e-07 2.363477e+01
3.328000e-07 2.094104e+01
3.330000e-07 1.855431e+01
3.332000e-07 1.643961e+01
3.334000e-07 1.456592e+01
3.336000e-07 1.290579e+01
3.338000e-07 1.143486e+01
3.340000e-07 1.013158e+01
3.342000e-07 8.976840e+00
3.344000e-07 7.953709e+00
3.346000e-07 7.047189e+00
3.348000e-07 6.243988e+00
3.350000e-07 5.532331e+00
3.352000e-07 4.901785e+00
3.354000e-07 4.343105e+00
3.356000e-07 3.848101e+00
3.358000e-07 3.409514e+00
3.360000e-07 3.020915e+00
3.362000e-07 2.676607e+00
3.364000e-07 2.371541e+00
3.366000e-07 2.101244e+00
3.368000e-07 1.861755e+00
3.370000e-07 1.649562e+00
3.372000e-07 1.461553e+00
3.374000e-07 1.294973e+00
3.376000e-07 1.147378e+00
3.378000e-07 1.016606e+00
3.380000e-07 9.007386e-01
3.382000e-07 7.980771e-01
3.384000e-07 7.071165e-01
3.386000e-07 6.265231e-01
3.388000e-07 5.551153e-01
3.390000e-07 4.918462e-01
3.392000e-07 4.357883e-01
3.394000e-07 3.861195e-01
3.396000e-07 3.421118e-01
3.398000e-07 3.031199e-01
3.400000e-07 2.685720e-01
3.402000e-07 2.379618e-01
3.404000e-07 2.108404e-01
3.406000e-07 1.868102e-01
3.408000e-07 1.655188e-01
3.410000e-07 1.466541e-01
3.412000e-07 1.299395e-01
3.414000e-07 1.151300e-01
3.416000e-07 1.020084e-01
3.418000e-07 9.038232e-02
3.420000e-07 8.008133e-02
3.422000e-07 7.095442e-02
3.424000e-07 6.286775e-02
3.426000e-07 5.570277e-02
3.428000e-07 4.935442e-02
3.430000e-07 4.372960e-02
3.432000e-07 3.874589e-02
3.434000e-07 3.433019e-02
3.436000e-07 3.041777e-02
3.438000e-07 2.695127e-02
3.440000e-07 2.387986e-02
3.442000e-07 2.115851e-02
3.444000e-07 1.874732e-02
3.446000e-07 1.661094e-02
3.448000e-07 1.471805e-02
3.450000e-07 1.304089e-02
3.452000e-07 1.155490e-02
3.454000e-07 1.023828e-02
3.456000e-07 9.071695e-03
3.458000e-07 8.038068e-03
3.460000e-07 7.122244e-03
3.462000e-07 6.310825e-03
3.464000e-07 5.591890e-03
3.466000e-07 4.954898e-03
3.468000e-07 4.390504e-03
3.470000e-07 3.890441e-03
3.472000e-07 3.447379e-03
3.474000e-07 3.054829e-03
3.476000e-07 2.707018e-03
3.478000e-07 2.398847e-03
3.480000e-07 2.125774e-03
3.482000e-07 1.883836e-03
3.484000e-07 1.669471e-03
3.486000e-07 1.479536e-03
3.488000e-07 1.311243e-03
3.490000e-07 1.162144e-03
3.492000e-07 1.030030e-03
3.494000e-07 9.129665e-04
3.496000e-07 8.092448e-04
3.498000e-07 7.173174e-04
3.500000e-07 6.358864e-04
3.502000e-07 5.637335e-04
3.504000e-07 4.997999e-04
3.506000e-07 4.431637e-04
3.508000e-07 3.929711e-04
3.510000e-07 3.485162e-04
3.512000e-07 3.091160e-04
3.514000e-07 2.742240e-04
3.516000e-07 2.433163e-04
3.518000e-07 2.159494e-04
3.520000e-07 1.916903e-04
3.522000e-07 1.701978e-04
3.524000e-07 1.511418e-04
3.526000e-07 1.342599e-04
3.528000e-07 1.193022e-04
3.530000e-07 1.060411e-04
3.532000e-07 9.431690e-05
3.534000e-07 8.391325e-05
3.536000e-07 7.470504e-05
3.538000e-07 6.653265e-05
3.540000e-07 5.930540e-05
3.542000e-07 5.289754e-05
3.544000e-07 4.719587e-05
3.546000e-07 4.216581e-05
3.548000e-07 3.769401e-05
3.550000e-07 3.373434e-05
3.552000e-07 3.021920e-05
3.554000e-07 2.711367e-05
3.556000e-07 2.438386e-05
3.558000e-07 2.195012e-05
3.560000e-07 1.980092e-05
3.562000e-07 1.791390e-05
3.564000e-07 1.619770e-05
3.566000e-07 1.467522e-05
3.568000e-07 1.333457e-05
3.570000e-07 1.215374e-05
3.572000e-07 1.112069e-05
3.574000e-07 1.021356e-05
3.576000e-07 9.408449e-06
3.578000e-07 8.694686e-06
3.580000e-07 8.048877e-06
3.582000e-07 7.471881e-06
3.584000e-07 6.951311e-06
3.586000e-07 6.488372e-06
3.588000e-07 6.093557e-06
3.590000e-07 5.744160e-06
3.592000e-07 5.429341e-06
3.594000e-07 5.160282e-06
3.596000e-07 4.925286e-06
3.598000e-07 4.724696e-06
3.600000e-07 4.535461e-06
3.602000e-07 4.391986e-06
3.604000e-07 4.248511e-06
3.606000e-07 4.105036e-06
3.608000e-07 3.996139e-06
3.610000e-07 3.898425e-06
3.612000e-07 3.811893e-06
3.614000e-07 3.736714e-06
3.616000e-07 3.673062e-06
3.618000e-07 3.609583e-06
3.620000e-07 3.534748e-06
3.622000e-07 3.459914e-06
3.624000e-07 3.396606e-06
3.626000e-07 3.344825e-06
3.628000e-07 3.292871e-06
3.630000e-07 3.229907e-06
3.632000e-07 3.178297e-06
3.634000e-07 3.126688e-06
3.636000e-07 3.086604e-06
3.638000e-07 3.057875e-06
3.640000e-07 3.017791e-06
3.642000e-07 2.989234e-06
3.644000e-07 2.960505e-06
3.646000e-07 2.943129e-06
3.648000e-07 2.903390e-06
3.650000e-07 2.852468e-06
3.652000e-07 2.812901e-06
3.654000e-07 2.795870e-06
3.656000e-07 2.779010e-06
3.658000e-07 2.773505e-06
3.660000e-07 2.756990e-06
3.662000e-07 2.717595e-06
3.664000e-07 2.701252e-06
3.666000e-07 2.696091e-06
3.668000e-07 2.713810e-06
3.670000e-07 2.720175e-06
3.672000e-07 2.726885e-06
3.674000e-07 2.722068e-06
3.676000e-07 2.694715e-06
3.678000e-07 2.689898e-06
3.680000e-07 2.685253e-06
3.682000e-07 2.703488e-06
3.684000e-07 2.721896e-06
3.686000e-07 2.740475e-06
3.688000e-07 2.758711e-06
3.690000e-07 2.777290e-06
3.692000e-07 2.773161e-06
3.694000e-07 2.780731e-06
3.696000e-07 2.788472e-06
3.698000e-07 2.807224e-06
3.700000e-07 2.837501e-06
3.702000e-07 2.867779e-06
3.704000e-07 2.887047e-06
3.706000e-07 2.906142e-06
3.708000e-07 2.914228e-06
3.710000e-07 2.933839e-06
3.712000e-07 2.953279e-06
3.714000e-07 2.961537e-06
3.716000e-07 2.981148e-06
3.718000e-07 3.023468e-06
3.720000e-07 3.043252e-06
3.722000e-07 3.063380e-06
3.724000e-07 3.083336e-06
3.726000e-07 3.103291e-06
3.728000e-07 3.112237e-06
3.730000e-07 3.121183e-06
3.732000e-07 3.130128e-06
3.734000e-07 3.139418e-06
3.736000e-07 3.137010e-06
3.738000e-07 3.146127e-06
3.740000e-07 3.144063e-06
3.742000e-07 3.119290e-06
3.744000e-07 3.083336e-06
3.746000e-07 3.047553e-06
3.748000e-07 3.022952e-06
3.750000e-07 2.998524e-06
3.752000e-07 2.973923e-06
3.754000e-07 2.949666e-06
3.756000e-07 2.936764e-06
3.758000e-07 2.912335e-06
3.760000e-07 2.888423e-06
3.762000e-07 2.853328e-06
3.764000e-07 2.840598e-06
3.766000e-07 2.805503e-06
3.768000e-07 2.781763e-06
3.770000e-07 2.769377e-06
3.772000e-07 2.768172e-06
3.774000e-07 2.789676e-06
3.776000e-07 2.800170e-06
3.778000e-07 2.821846e-06
3.780000e-07 2.832684e-06
3.782000e-07 2.843523e-06
3.784000e-07 2.842662e-06
3.786000e-07 2.830792e-06
3.788000e-07 2.818922e-06
3.790000e-07 2.796042e-06
3.792000e-07 2.784343e-06
3.794000e-07 2.772817e-06
3.796000e-07 2.761291e-06
3.798000e-07 2.761119e-06
3.800000e-07 2.749765e-06
3.802000e-07 2.727057e-06
3.804000e-07 2.716047e-06
3.806000e-07 2.716219e-06
3.808000e-07 2.705209e-06
3.810000e-07 2.694198e-06
3.812000e-07 2.705897e-06
3.814000e-07 2.694887e-06
3.816000e-07 2.684221e-06
3.818000e-07 2.662372e-06
3.820000e-07 2.651878e-06
3.822000e-07 2.652567e-06
3.824000e-07 2.664609e-06
3.826000e-07 2.677167e-06
3.828000e-07 2.678199e-06
3.830000e-07 2.667877e-06
3.832000e-07 2.657728e-06
3.834000e-07 2.647578e-06
3.836000e-07 2.660308e-06
3.838000e-07 2.650330e-06
3.840000e-07 2.629170e-06
3.842000e-07 2.619364e-06
3.844000e-07 2.632439e-06
3.846000e-07 2.656867e-06
3.848000e-07 2.658416e-06
3.850000e-07 2.648954e-06
3.852000e-07 2.639492e-06
3.854000e-07 2.641385e-06
3.856000e-07 2.654803e-06
3.858000e-07 2.645685e-06
3.860000e-07 2.636396e-06
3.862000e-07 2.649986e-06
3.864000e-07 2.652395e-06
3.866000e-07 2.643277e-06
3.868000e-07 2.645685e-06
3.870000e-07 2.637084e-06
3.872000e-07 2.616956e-06
3.874000e-07 2.597172e-06
3.876000e-07 2.588571e-06
3.878000e-07 2.580141e-06
3.880000e-07 2.560357e-06
3.882000e-07 2.563454e-06
3.884000e-07 2.566722e-06
3.886000e-07 2.569991e-06
3.888000e-07 2.573088e-06
3.890000e-07 2.553820e-06
3.892000e-07 2.557261e-06
3.894000e-07 2.538165e-06
3.896000e-07 2.518897e-06
3.898000e-07 2.511156e-06
3.900000e-07 2.503415e-06
3.902000e-07 2.495673e-06
3.904000e-07 2.510812e-06
3.906000e-07 2.503243e-06
3.908000e-07 2.495845e-06
3.910000e-07 2.499630e-06
3.912000e-07 2.492405e-06
3.914000e-07 2.485007e-06
3.916000e-07 2.500662e-06
3.918000e-07 2.504619e-06
3.920000e-07 2.497565e-06
3.922000e-07 2.490512e-06
3.924000e-07 2.472449e-06
3.926000e-07 2.443203e-06
3.928000e-07 2.424968e-06
3.930000e-07 2.406904e-06
3.932000e-07 2.389013e-06
3.934000e-07 2.370950e-06
3.936000e-07 2.364412e-06
3.938000e-07 2.380756e-06
3.940000e-07 2.385572e-06
3.942000e-07 2.390389e-06
3.944000e-07 2.384196e-06
3.946000e-07 2.377659e-06
3.948000e-07 2.382992e-06
3.950000e-07 2.388153e-06
3.952000e-07 2.381960e-06
3.954000e-07 2.376111e-06
3.956000e-07 2.358907e-06
3.958000e-07 2.341876e-06
3.960000e-07 2.324845e-06
3.962000e-07 2.307986e-06
3.964000e-07 2.314007e-06
3.966000e-07 2.308502e-06
3.968000e-07 2.326049e-06
3.970000e-07 2.332070e-06
3.972000e-07 2.326909e-06
3.974000e-07 2.299040e-06
3.976000e-07 2.282525e-06
3.978000e-07 2.277536e-06
3.980000e-07 2.272375e-06
3.982000e-07 2.278568e-06
3.984000e-07 2.296460e-06
3.986000e-07 2.302653e-06
3.988000e-07 2.309018e-06
3.990000e-07 2.315383e-06
3.992000e-07 2.321920e-06
3.994000e-07 2.340156e-06
3.996000e-07 2.358391e-06
3.998000e-07 2.387809e-06
4.000000e-07 2.406044e-06
4.002000e-07 2.412754e-06
4.004000e-07 2.408453e-06
4.006000e-07 2.404152e-06
4.008000e-07 2.388841e-06
4.010000e-07 2.384712e-06
4.012000e-07 2.391766e-06
4.014000e-07 2.398819e-06
4.016000e-07 2.394862e-06
4.018000e-07 2.379723e-06
4.020000e-07 2.364757e-06
4.022000e-07 2.360972e-06
4.024000e-07 2.346005e-06
4.026000e-07 2.319856e-06
4.028000e-07 2.282525e-06
4.030000e-07 2.256376e-06
4.032000e-07 2.230571e-06
4.034000e-07 2.204594e-06
4.036000e-07 2.178962e-06
4.038000e-07 2.175865e-06
4.040000e-07 2.161758e-06
4.042000e-07 2.136298e-06
4.044000e-07 2.122191e-06
4.046000e-07 2.085548e-06
4.048000e-07 2.082968e-06
4.050000e-07 2.080559e-06
4.052000e-07 2.066797e-06
4.054000e-07 2.042024e-06
4.056000e-07 2.040131e-06
4.058000e-07 2.049421e-06
4.060000e-07 2.047357e-06
4.062000e-07 2.045292e-06
4.064000e-07 2.032390e-06
4.066000e-07 2.019316e-06
4.068000e-07 1.995231e-06
4.070000e-07 1.982329e-06
4.072000e-07 1.980608e-06
4.074000e-07 1.956352e-06
4.076000e-07 1.943621e-06
4.078000e-07 1.930547e-06
4.080000e-07 1.906634e-06
4.082000e-07 1.882550e-06
4.084000e-07 1.847283e-06
4.086000e-07 1.834897e-06
4.088000e-07 1.822683e-06
4.090000e-07 1.799114e-06
4.092000e-07 1.786900e-06
4.094000e-07 1.785868e-06
4.096000e-07 1.785008e-06
4.098000e-07 1.761439e-06
4.100000e-07 1.749053e-06
4.102000e-07 1.736838e-06
4.104000e-07 1.736150e-06
4.106000e-07 1.712582e-06
4.108000e-07 1.700368e-06
4.110000e-07 1.688325e-06
4.112000e-07 1.676283e-06
4.114000e-07 1.675423e-06
4.116000e-07 1.685745e-06
4.118000e-07 1.696411e-06
4.120000e-07 1.706905e-06
4.122000e-07 1.717571e-06
4.124000e-07 1.717055e-06
4.126000e-07 1.727893e-06
4.128000e-07 1.761439e-06
4.130000e-07 1.783975e-06
4.132000e-07 1.783631e-06
4.134000e-07 1.794469e-06
4.136000e-07 1.817178e-06
4.138000e-07 1.851068e-06
4.140000e-07 1.862250e-06
4.142000e-07 1.873432e-06
4.144000e-07 1.873260e-06
4.146000e-07 1.873432e-06
4.148000e-07 1.884786e-06
4.150000e-07 1.896140e-06
4.152000e-07 1.884958e-06
4.154000e-07 1.862422e-06
4.156000e-07 1.851412e-06
4.158000e-07 1.840402e-06
4.160000e-07 1.852100e-06
4.162000e-07 1.852444e-06
4.164000e-07 1.852960e-06
4.166000e-07 1.842466e-06
4.168000e-07 1.866035e-06
4.170000e-07 1.889947e-06
4.172000e-07 1.879625e-06
4.174000e-07 1.869131e-06
4.176000e-07 1.870164e-06
4.178000e-07 1.859842e-06
4.180000e-07 1.860702e-06
4.182000e-07 1.839026e-06
4.184000e-07 1.828532e-06
4.186000e-07 1.829564e-06
4.188000e-07 1.819242e-06
4.190000e-07 1.797738e-06
4.192000e-07 1.787760e-06
4.194000e-07 1.766428e-06
4.196000e-07 1.756450e-06
4.198000e-07 1.723764e-06
4.200000e-07 1.702260e-06
4.202000e-07 1.692110e-06
4.204000e-07 1.693142e-06
4.206000e-07 1.694519e-06
4.208000e-07 1.695895e-06
4.210000e-07 1.674563e-06
4.212000e-07 1.675939e-06
4.214000e-07 1.688497e-06
4.216000e-07 1.678347e-06
4.218000e-07 1.657188e-06
4.220000e-07 1.636028e-06
4.222000e-07 1.614868e-06
4.224000e-07 1.605062e-06
4.226000e-07 1.595428e-06
4.228000e-07 1.585794e-06
4.230000e-07 1.564978e-06
4.232000e-07 1.555344e-06
4.234000e-07 1.568419e-06
4.236000e-07 1.581665e-06
4.238000e-07 1.594740e-06
4.240000e-07 1.607986e-06
4.242000e-07 1.598697e-06
4.244000e-07 1.612287e-06
4.246000e-07 1.614351e-06
4.248000e-07 1.627942e-06
4.250000e-07 1.630350e-06
4.252000e-07 1.621405e-06
4.254000e-07 1.623641e-06
4.256000e-07 1.603513e-06
4.258000e-07 1.594568e-06
4.260000e-07 1.585622e-06
4.262000e-07 1.553968e-06
4.264000e-07 1.533840e-06
4.266000e-07 1.524895e-06
4.268000e-07 1.504767e-06
4.270000e-07 1.473285e-06
4.272000e-07 1.453329e-06
4.274000e-07 1.433029e-06
4.276000e-07 1.424256e-06
4.278000e-07 1.415654e-06
4.280000e-07 1.418235e-06
4.282000e-07 1.420815e-06
4.284000e-07 1.423568e-06
4.286000e-07 1.415138e-06
4.288000e-07 1.395526e-06
4.290000e-07 1.409977e-06
4.292000e-07 1.435954e-06
4.294000e-07 1.461931e-06
4.296000e-07 1.476726e-06
4.298000e-07 1.491348e-06
4.300000e-07 1.494789e-06
4.302000e-07 1.487048e-06
4.304000e-07 1.490832e-06
4.306000e-07 1.471737e-06
4.308000e-07 1.441631e-06
4.310000e-07 1.411353e-06
4.312000e-07 1.369721e-06
4.314000e-07 1.339444e-06
4.316000e-07 1.320520e-06
4.318000e-07 1.301769e-06
4.320000e-07 1.283017e-06
4.322000e-07 1.275448e-06
4.324000e-07 1.279232e-06
4.326000e-07 1.283017e-06
4.328000e-07 1.298328e-06
4.330000e-07 1.302285e-06
4.332000e-07 1.306242e-06
4.334000e-07 1.298844e-06
4.336000e-07 1.280437e-06
4.338000e-07 1.262029e-06
4.340000e-07 1.255148e-06
4.342000e-07 1.225386e-06
4.344000e-07 1.172916e-06
4.346000e-07 1.131629e-06
4.348000e-07 1.090513e-06
4.350000e-07 1.026689e-06
4.352000e-07 9.630370e-07
4.354000e-07 9.219213e-07
4.356000e-07 8.809776e-07
4.358000e-07 8.517321e-07
4.360000e-07 8.450228e-07
4.362000e-07 8.271315e-07
4.364000e-07 8.094122e-07
4.366000e-07 7.915208e-07
4.368000e-07 7.851556e-07
4.370000e-07 7.676083e-07
4.372000e-07 7.614151e-07
4.374000e-07 7.550499e-07
4.376000e-07 7.598668e-07
4.378000e-07 7.760379e-07
4.380000e-07 7.695006e-07
4.382000e-07 7.743176e-07
4.384000e-07 7.903166e-07
4.386000e-07 8.181858e-07
4.388000e-07 8.458830e-07
4.390000e-07 8.508719e-07
4.392000e-07 8.672150e-07
4.394000e-07 8.833861e-07
4.396000e-07 9.114273e-07
4.398000e-07 9.506507e-07
4.400000e-07 1.001056e-06
4.402000e-07 1.051462e-06
4.404000e-07 1.102039e-06
4.406000e-07 1.152445e-06
4.408000e-07 1.180486e-06
4.410000e-07 1.208527e-06
4.412000e-07 1.224870e-06
4.414000e-07 1.241385e-06
4.416000e-07 1.235364e-06
4.418000e-07 1.217989e-06
4.420000e-07 1.200614e-06
4.422000e-07 1.183238e-06
4.424000e-07 1.154681e-06
4.426000e-07 1.126124e-06
4.428000e-07 1.108920e-06
4.430000e-07 1.080535e-06
4.432000e-07 1.040624e-06
4.434000e-07 1.012410e-06
4.436000e-07 9.953791e-07
4.438000e-07 1.001056e-06
4.440000e-07 1.017915e-06
4.442000e-07 1.035119e-06
4.444000e-07 1.052150e-06
4.446000e-07 1.057999e-06
4.448000e-07 1.052666e-06
4.450000e-07 1.058515e-06
4.452000e-07 1.064536e-06
4.454000e-07 1.059203e-06
4.456000e-07 1.065052e-06
4.458000e-07 1.060063e-06
4.460000e-07 1.032194e-06
4.462000e-07 1.038559e-06
4.464000e-07 1.033742e-06
4.466000e-07 1.017915e-06
4.468000e-07 1.013270e-06
4.470000e-07 1.031334e-06
4.472000e-07 1.037871e-06
4.474000e-07 1.044752e-06
4.476000e-07 1.028925e-06
4.478000e-07 1.035635e-06
4.480000e-07 1.031334e-06
4.482000e-07 1.027033e-06
4.484000e-07 1.034086e-06
4.486000e-07 1.040968e-06
4.488000e-07 1.048021e-06
4.490000e-07 1.066428e-06
4.492000e-07 1.062128e-06
4.494000e-07 1.057827e-06
4.496000e-07 1.030990e-06
4.498000e-07 9.924546e-07
4.500000e-07 9.656175e-07
4.502000e-07 9.387805e-07
4.504000e-07 9.346517e-07
4.506000e-07 9.530592e-07
4.508000e-07 9.604565e-07
4.510000e-07 9.453177e-07
4.512000e-07 9.300068e-07
4.514000e-07 9.036859e-07
4.516000e-07 8.999012e-07
4.518000e-07 9.074706e-07
4.520000e-07 9.262221e-07
4.522000e-07 9.566718e-07
4.524000e-07 9.757674e-07
4.526000e-07 9.835089e-07
4.528000e-07 1.002260e-06
4.530000e-07 1.021356e-06
4.532000e-07 1.028925e-06
4.534000e-07 1.048021e-06
4.536000e-07 1.055762e-06
4.538000e-07 1.040968e-06
4.540000e-07 1.037355e-06
4.542000e-07 1.022560e-06
4.544000e-07 1.008110e-06
4.546000e-07 9.821326e-07
4.548000e-07 9.676819e-07
4.550000e-07 9.530592e-07
4.552000e-07 9.272543e-07
4.554000e-07 9.126316e-07
4.556000e-07 9.095350e-07
4.558000e-07 9.060943e-07
4.560000e-07 9.140078e-07
4.562000e-07 9.220933e-07
4.564000e-07 9.188247e-07
4.566000e-07 9.043740e-07
4.568000e-07 8.787412e-07
4.570000e-07 8.644625e-07
4.572000e-07 8.728921e-07
4.574000e-07 8.811496e-07
4.576000e-07 8.785692e-07
4.578000e-07 8.758166e-07
4.580000e-07 8.956004e-07
4.582000e-07 9.159002e-07
4.584000e-07 9.131477e-07
4.586000e-07 8.992130e-07
4.588000e-07 8.966325e-07
4.590000e-07 8.830420e-07
4.592000e-07 8.802895e-07
4.594000e-07 8.665269e-07
4.596000e-07 8.527643e-07
4.598000e-07 8.391737e-07
4.600000e-07 8.254112e-07
4.602000e-07 8.230027e-07
4.604000e-07 7.980580e-07
4.606000e-07 7.615872e-07
4.608000e-07 7.249443e-07
4.610000e-07 6.999996e-07
4.612000e-07 6.977632e-07
4.614000e-07 6.841726e-07
4.616000e-07 6.821082e-07
4.618000e-07 6.798718e-07
4.620000e-07 6.891615e-07
4.622000e-07 6.981072e-07
4.624000e-07 7.072249e-07
4.626000e-07 7.163427e-07
4.628000e-07 7.142783e-07
4.630000e-07 7.347501e-07
4.632000e-07 7.442119e-07
4.634000e-07 7.426636e-07
4.636000e-07 7.409433e-07
4.638000e-07 7.504051e-07
4.640000e-07 7.488568e-07
4.642000e-07 7.471364e-07
4.644000e-07 7.455882e-07
4.646000e-07 7.553940e-07
4.648000e-07 7.651998e-07
4.650000e-07 7.521254e-07
4.652000e-07 7.393950e-07
4.654000e-07 7.492008e-07
4.656000e-07 7.476525e-07
4.658000e-07 7.350942e-07
4.660000e-07 7.223638e-07
4.662000e-07 6.982793e-07
4.664000e-07 6.858929e-07
4.666000e-07 6.731625e-07
4.668000e-07 6.377239e-07
4.670000e-07 6.251655e-07
4.672000e-07 6.129512e-07
4.674000e-07 6.003929e-07
4.676000e-07 5.880065e-07
4.678000e-07 5.866303e-07
4.680000e-07 5.742439e-07
4.682000e-07 5.730397e-07
4.684000e-07 5.492993e-07
4.686000e-07 5.369129e-07
4.688000e-07 5.355367e-07
4.690000e-07 5.231503e-07
4.692000e-07 5.105920e-07
4.694000e-07 5.095598e-07
4.696000e-07 5.081835e-07
4.698000e-07 4.959692e-07
4.700000e-07 4.945930e-07
4.702000e-07 4.933887e-07
4.704000e-07 5.148928e-07
4.706000e-07 5.136886e-07
4.708000e-07 5.126564e-07
4.710000e-07 5.228063e-07
4.712000e-07 5.217741e-07
4.714000e-07 5.319240e-07
4.716000e-07 5.536001e-07
4.718000e-07 5.751041e-07
4.720000e-07 5.854260e-07
4.722000e-07 5.843939e-07
4.724000e-07 5.835337e-07
4.726000e-07 5.940277e-07
4.728000e-07 5.702872e-07
4.730000e-07 5.579009e-07
4.732000e-07 5.566966e-07
4.734000e-07 5.443103e-07
4.736000e-07 5.319240e-07
4.738000e-07 5.307198e-07
4.740000e-07 5.181614e-07
4.742000e-07 4.947650e-07
4.744000e-07 4.594984e-07
4.746000e-07 4.359299e-07
4.748000e-07 4.006633e-07
4.750000e-07 3.655687e-07
4.752000e-07 3.531824e-07
4.754000e-07 3.180878e-07
4.756000e-07 2.946914e-07
4.758000e-07 2.824771e-07
4.760000e-07 2.814449e-07
4.762000e-07 3.031210e-07
4.764000e-07 3.251411e-07
4.766000e-07 3.356351e-07
4.768000e-07 3.461291e-07
4.770000e-07 3.567951e-07
4.772000e-07 3.786432e-07
4.774000e-07 3.893092e-07
4.776000e-07 3.772669e-07
4.778000e-07 3.764068e-07
4.780000e-07 3.645365e-07
4.782000e-07 3.413122e-07
4.784000e-07 3.294419e-07
4.786000e-07 3.402800e-07
4.788000e-07 3.397639e-07
4.790000e-07 3.504299e-07
4.792000e-07 3.724500e-07
4.794000e-07 3.829440e-07
4.796000e-07 3.937820e-07
4.798000e-07 4.156301e-07
4.800000e-07 4.151140e-07
4.802000e-07 4.256080e-07
4.804000e-07 4.474561e-07
4.806000e-07 4.581221e-07
4.808000e-07 4.799702e-07
4.810000e-07 5.016463e-07
4.812000e-07 5.236664e-07
4.814000e-07 5.455145e-07
4.816000e-07 5.677067e-07
4.818000e-07 5.897269e-07
4.820000e-07 5.890387e-07
4.822000e-07 5.883506e-07
4.824000e-07 5.876625e-07
4.826000e-07 5.757922e-07
4.828000e-07 5.866303e-07
4.830000e-07 5.747600e-07
4.832000e-07 5.628898e-07
4.834000e-07 5.511916e-07
4.836000e-07 5.394934e-07
4.838000e-07 5.505035e-07
4.840000e-07 5.501594e-07
4.842000e-07 5.386333e-07
4.844000e-07 5.384612e-07
4.846000e-07 5.381172e-07
4.848000e-07 5.150648e-07
4.850000e-07 4.921845e-07
4.852000e-07 4.804863e-07
4.854000e-07 4.687881e-07
4.856000e-07 4.569179e-07
4.858000e-07 4.565738e-07
4.860000e-07 4.448756e-07
4.862000e-07 4.219953e-07
4.864000e-07 4.218233e-07
4.866000e-07 3.989430e-07
4.868000e-07 3.762347e-07
4.870000e-07 3.645365e-07
4.872000e-07 3.303021e-07
4.874000e-07 2.958956e-07
4.876000e-07 2.843695e-07
4.878000e-07 2.728433e-07
4.880000e-07 2.386089e-07
4.882000e-07 2.042024e-07
4.884000e-07 1.699680e-07
4.886000e-07 1.245514e-07
4.888000e-07 7.913488e-08
4.890000e-07 4.490044e-08
4.892000e-07 3.354631e-08
4.894000e-07 1.083804e-08
4.896000e-07 -1.187023e-08
4.898000e-07 -1.169820e-08
4.900000e-07 -1.169820e-08
4.902000e-07 -1.152617e-08
4.904000e-07 -2.270827e-08
4.906000e-07 -5.659864e-08
4.908000e-07 -7.896284e-08
4.910000e-07 -9.014495e-08
4.912000e-07 -1.123371e-07
4.914000e-07 -1.233472e-07
4.916000e-07 -1.230031e-07
4.918000e-07 -1.226591e-07
4.920000e-07 -1.226591e-07
4.922000e-07 -9.960672e-08
4.924000e-07 -8.790852e-08
4.926000e-07 -6.502822e-08
4.928000e-07 -5.333002e-08
4.930000e-07 -3.062176e-08
4.932000e-07 -3.044972e-08
4.934000e-07 -3.027769e-08
4.936000e-07 -3.010566e-08
4.938000e-07 -1.875152e-08
4.940000e-07 -2.976159e-08
4.942000e-07 -2.993363e-08
4.944000e-07 -7.225358e-09
4.946000e-07 4.128776e-09
4.948000e-07 3.853524e-08
4.950000e-07 3.853524e-08
4.952000e-07 3.853524e-08
4.954000e-07 3.853524e-08
4.956000e-07 3.870728e-08
4.958000e-07 5.006141e-08
4.960000e-07 7.242561e-08
4.962000e-07 9.513388e-08
4.964000e-07 1.176701e-07
4.966000e-07 1.061440e-07
4.968000e-07 1.057999e-07
4.970000e-07 1.056279e-07
4.972000e-07 9.410169e-08
4.974000e-07 8.240349e-08
4.976000e-07 9.358559e-08
4.978000e-07 1.047677e-07
4.980000e-07 1.273039e-07
4.982000e-07 1.384860e-07
4.984000e-07 1.383140e-07
4.986000e-07 1.494961e-07
4.988000e-07 1.496681e-07
4.990000e-07 1.494961e-07
4.992000e-07 1.608502e-07
4.994000e-07 1.608502e-07
4.996000e-07 1.722044e-07
4.998000e-07 1.833865e-07
5.000000e-07 1.718603e-07
5.002000e-07 1.718603e-07
5.004000e-07 1.716883e-07
5.006000e-07 1.713442e-07
5.008000e-07 1.711722e-07
5.010000e-07 1.598180e-07
5.012000e-07 1.596460e-07
5.014000e-07 1.594740e-07
5.016000e-07 1.593019e-07
5.018000e-07 1.593019e-07
5.020000e-07 1.364216e-07
5.022000e-07 1.364216e-07
5.024000e-07 1.474317e-07
5.026000e-07 1.586138e-07
5.028000e-07 1.586138e-07
5.030000e-07 1.472597e-07
5.032000e-07 1.359055e-07
5.034000e-07 1.131973e-07
5.036000e-07 9.066104e-08
5.038000e-07 7.930691e-08
5.040000e-07 7.930691e-08
5.042000e-07 6.795277e-08
5.044000e-07 5.659864e-08
5.046000e-07 3.406240e-08
5.048000e-07 2.288030e-08
5.050000e-07 2.288030e-08
5.052000e-07 3.389037e-08
5.054000e-07 4.524450e-08
5.056000e-07 4.507247e-08
5.058000e-07 4.490044e-08
5.060000e-07 6.778074e-08
5.062000e-07 7.913488e-08
5.064000e-07 6.778074e-08
5.066000e-07 6.778074e-08
5.068000e-07 6.760871e-08
5.070000e-07 5.642661e-08
5.072000e-07 5.625457e-08
5.074000e-07 7.896284e-08
5.076000e-07 7.879081e-08
5.078000e-07 6.760871e-08
5.080000e-07 4.507247e-08
5.082000e-07 4.524450e-08
5.084000e-07 5.659864e-08
5.086000e-07 7.930691e-08
5.088000e-07 7.930691e-08
