0.000000e+00 -5.642661e-08
2.000000e-10 -5.642661e-08
4.000000e-10 -1.018431e-07
6.000000e-10 -1.359055e-07
8.000000e-10 -1.701400e-07
1.000000e-09 -1.930203e-07
1.200000e-09 -2.157286e-07
1.400000e-09 -2.384368e-07
1.600000e-09 -2.497910e-07
1.800000e-09 -2.497910e-07
2.000000e-09 -2.384368e-07
2.200000e-09 -2.157286e-07
2.400000e-09 -1.930203e-07
2.600000e-09 -1.587858e-07
2.800000e-09 -1.247234e-07
3.000000e-09 -1.131973e-07
3.200000e-09 -1.018431e-07
3.400000e-09 -1.018431e-07
3.600000e-09 -9.048901e-08
3.800000e-09 -7.913488e-08
4.000000e-09 -7.913488e-08
4.200000e-09 -7.913488e-08
4.400000e-09 -9.048901e-08
4.600000e-09 -1.018431e-07
4.800000e-09 -1.247234e-07
5.000000e-09 -1.474317e-07
5.200000e-09 -1.701400e-07
5.400000e-09 -2.042024e-07
5.600000e-09 -2.270827e-07
5.800000e-09 -2.613171e-07
6.000000e-09 -2.840254e-07
6.200000e-09 -3.067337e-07
6.400000e-09 -3.180878e-07
6.600000e-09 -3.180878e-07
6.800000e-09 -3.067337e-07
7.000000e-09 -3.067337e-07
7.200000e-09 -3.067337e-07
7.400000e-09 -2.953795e-07
7.600000e-09 -2.724992e-07
7.800000e-09 -2.613171e-07
8.000000e-09 -2.497910e-07
8.200000e-09 -2.497910e-07
8.400000e-09 -2.497910e-07
8.600000e-09 -2.384368e-07
8.800000e-09 -2.384368e-07
9.000000e-09 -2.497910e-07
9.200000e-09 -2.497910e-07
9.400000e-09 -2.384368e-07
9.600000e-09 -2.384368e-07
9.800000e-09 -2.270827e-07
1.000000e-08 -2.270827e-07
1.020000e-08 -2.270827e-07
1.040000e-08 -2.270827e-07
1.060000e-08 -2.270827e-07
1.080000e-08 -2.042024e-07
1.100000e-08 -2.042024e-07
1.120000e-08 -1.814941e-07
1.140000e-08 -1.474317e-07
1.160000e-08 -1.247234e-07
1.180000e-08 -1.131973e-07
1.200000e-08 -1.018431e-07
1.220000e-08 -9.048901e-08
1.240000e-08 -9.048901e-08
1.260000e-08 -9.048901e-08
1.280000e-08 -9.048901e-08
1.300000e-08 -9.048901e-08
1.320000e-08 -9.048901e-08
1.340000e-08 -1.018431e-07
1.360000e-08 -1.018431e-07
1.380000e-08 -1.018431e-07
1.400000e-08 -1.018431e-07
1.420000e-08 -9.048901e-08
1.440000e-08 -7.913488e-08
1.460000e-08 -6.760871e-08
1.480000e-08 -5.642661e-08
1.500000e-08 -5.642661e-08
1.520000e-08 -6.760871e-08
1.540000e-08 -6.760871e-08
1.560000e-08 -9.048901e-08
1.580000e-08 -1.018431e-07
1.600000e-08 -1.018431e-07
1.620000e-08 -1.131973e-07
1.640000e-08 -1.131973e-07
1.660000e-08 -1.247234e-07
1.680000e-08 -1.131973e-07
1.700000e-08 -1.247234e-07
1.720000e-08 -1.131973e-07
1.740000e-08 -1.018431e-07
1.760000e-08 -9.048901e-08
1.780000e-08 -9.048901e-08
1.800000e-08 -9.048901e-08
1.820000e-08 -9.048901e-08
1.840000e-08 -7.913488e-08
1.860000e-08 -7.913488e-08
1.880000e-08 -6.760871e-08
1.900000e-08 -7.913488e-08
1.920000e-08 -9.048901e-08
1.940000e-08 -1.018431e-07
1.960000e-08 -1.247234e-07
1.980000e-08 -1.474317e-07
2.000000e-08 -1.701400e-07
2.020000e-08 -2.042024e-07
2.040000e-08 -2.384368e-07
2.060000e-08 -2.497910e-07
2.080000e-08 -2.613171e-07
2.100000e-08 -2.613171e-07
2.120000e-08 -2.497910e-07
2.140000e-08 -2.497910e-07
2.160000e-08 -2.497910e-07
2.180000e-08 -2.613171e-07
2.200000e-08 -2.613171e-07
2.220000e-08 -2.613171e-07
2.240000e-08 -2.613171e-07
2.260000e-08 -2.497910e-07
2.280000e-08 -2.157286e-07
2.300000e-08 -1.930203e-07
2.320000e-08 -1.587858e-07
2.340000e-08 -1.247234e-07
2.360000e-08 -9.048901e-08
2.380000e-08 -5.642661e-08
2.400000e-08 -1.083804e-08
2.420000e-08 1.204226e-08
2.440000e-08 2.339640e-08
2.460000e-08 2.339640e-08
2.480000e-08 3.475053e-08
2.500000e-08 4.610467e-08
2.520000e-08 4.610467e-08
2.540000e-08 5.745880e-08
2.560000e-08 4.610467e-08
2.580000e-08 3.475053e-08
2.600000e-08 1.204226e-08
2.620000e-08 6.881294e-10
2.640000e-08 -3.354631e-08
2.660000e-08 -5.642661e-08
2.680000e-08 -9.048901e-08
2.700000e-08 -1.247234e-07
2.720000e-08 -1.359055e-07
2.740000e-08 -1.587858e-07
2.760000e-08 -1.930203e-07
2.780000e-08 -2.157286e-07
2.800000e-08 -2.384368e-07
2.820000e-08 -2.384368e-07
2.840000e-08 -2.384368e-07
2.860000e-08 -2.384368e-07
2.880000e-08 -2.270827e-07
2.900000e-08 -2.157286e-07
2.920000e-08 -1.814941e-07
2.940000e-08 -1.359055e-07
2.960000e-08 -1.131973e-07
2.980000e-08 -9.048901e-08
3.000000e-08 -7.913488e-08
3.020000e-08 -6.760871e-08
3.040000e-08 -5.642661e-08
3.060000e-08 -5.642661e-08
3.080000e-08 -5.642661e-08
3.100000e-08 -5.642661e-08
3.120000e-08 -6.760871e-08
3.140000e-08 -6.760871e-08
3.160000e-08 -9.048901e-08
3.180000e-08 -1.131973e-07
3.200000e-08 -1.359055e-07
3.220000e-08 -1.359055e-07
3.240000e-08 -1.359055e-07
3.260000e-08 -1.474317e-07
3.280000e-08 -1.587858e-07
3.300000e-08 -1.701400e-07
3.320000e-08 -1.814941e-07
3.340000e-08 -1.930203e-07
3.360000e-08 -1.930203e-07
3.380000e-08 -1.930203e-07
3.400000e-08 -2.042024e-07
3.420000e-08 -2.042024e-07
3.440000e-08 -1.814941e-07
3.460000e-08 -1.701400e-07
3.480000e-08 -1.701400e-07
3.500000e-08 -1.701400e-07
3.520000e-08 -1.814941e-07
3.540000e-08 -2.042024e-07
3.560000e-08 -2.157286e-07
3.580000e-08 -2.384368e-07
3.600000e-08 -2.613171e-07
3.620000e-08 -2.840254e-07
3.640000e-08 -2.953795e-07
3.660000e-08 -3.067337e-07
3.680000e-08 -3.180878e-07
3.700000e-08 -3.296140e-07
3.720000e-08 -3.296140e-07
3.740000e-08 -3.296140e-07
3.760000e-08 -3.067337e-07
3.780000e-08 -2.953795e-07
3.800000e-08 -2.840254e-07
3.820000e-08 -2.613171e-07
3.840000e-08 -2.384368e-07
3.860000e-08 -2.157286e-07
3.880000e-08 -2.042024e-07
3.900000e-08 -1.814941e-07
3.920000e-08 -1.587858e-07
3.940000e-08 -1.359055e-07
3.960000e-08 -1.247234e-07
3.980000e-08 -1.131973e-07
4.000000e-08 -1.131973e-07
4.020000e-08 -1.131973e-07
4.040000e-08 -1.018431e-07
4.060000e-08 -9.048901e-08
4.080000e-08 -7.913488e-08
4.100000e-08 -5.642661e-08
4.120000e-08 -4.490044e-08
4.140000e-08 -2.219217e-08
4.160000e-08 -1.083804e-08
4.180000e-08 -1.083804e-08
4.200000e-08 -1.083804e-08
4.220000e-08 6.881294e-10
4.240000e-08 6.881294e-10
4.260000e-08 6.881294e-10
4.280000e-08 -1.083804e-08
4.300000e-08 -1.083804e-08
4.320000e-08 -2.219217e-08
4.340000e-08 -4.490044e-08
4.360000e-08 -5.642661e-08
4.380000e-08 -6.760871e-08
4.400000e-08 -6.760871e-08
4.420000e-08 -7.913488e-08
4.440000e-08 -9.048901e-08
4.460000e-08 -1.018431e-07
4.480000e-08 -1.247234e-07
4.500000e-08 -1.359055e-07
4.520000e-08 -1.474317e-07
4.540000e-08 -1.587858e-07
4.560000e-08 -1.587858e-07
4.580000e-08 -1.587858e-07
4.600000e-08 -1.587858e-07
4.620000e-08 -1.701400e-07
4.640000e-08 -1.814941e-07
4.660000e-08 -1.814941e-07
4.680000e-08 -1.814941e-07
4.700000e-08 -1.814941e-07
4.720000e-08 -1.814941e-07
4.740000e-08 -1.814941e-07
4.760000e-08 -1.701400e-07
4.780000e-08 -1.587858e-07
4.800000e-08 -1.587858e-07
4.820000e-08 -1.587858e-07
4.840000e-08 -1.587858e-07
4.860000e-08 -1.474317e-07
4.880000e-08 -1.587858e-07
4.900000e-08 -1.701400e-07
4.920000e-08 -1.814941e-07
4.940000e-08 -2.042024e-07
4.960000e-08 -2.270827e-07
4.980000e-08 -2.497910e-07
5.000000e-08 -2.724992e-07
5.020000e-08 -3.067337e-07
5.040000e-08 -3.407961e-07
5.060000e-08 -3.750305e-07
5.080000e-08 -3.979108e-07
5.100000e-08 -4.090929e-07
5.120000e-08 -4.206191e-07
5.140000e-08 -4.206191e-07
5.160000e-08 -4.206191e-07
5.180000e-08 -4.206191e-07
5.200000e-08 -4.206191e-07
5.220000e-08 -4.206191e-07
5.240000e-08 -4.206191e-07
5.260000e-08 -4.319732e-07
5.280000e-08 -4.546815e-07
5.300000e-08 -4.662076e-07
5.320000e-08 -4.662076e-07
5.340000e-08 -4.662076e-07
5.360000e-08 -4.773897e-07
5.380000e-08 -4.773897e-07
5.400000e-08 -4.773897e-07
5.420000e-08 -4.773897e-07
5.440000e-08 -4.773897e-07
5.460000e-08 -4.773897e-07
5.480000e-08 -4.662076e-07
5.500000e-08 -4.546815e-07
5.520000e-08 -4.319732e-07
5.540000e-08 -4.206191e-07
5.560000e-08 -4.206191e-07
5.580000e-08 -4.090929e-07
5.600000e-08 -4.090929e-07
5.620000e-08 -4.090929e-07
5.640000e-08 -4.090929e-07
5.660000e-08 -4.090929e-07
5.680000e-08 -4.206191e-07
5.700000e-08 -4.319732e-07
5.720000e-08 -4.433273e-07
5.740000e-08 -4.662076e-07
5.760000e-08 -4.773897e-07
5.780000e-08 -4.889159e-07
5.800000e-08 -5.002700e-07
5.820000e-08 -5.116242e-07
5.840000e-08 -5.229783e-07
5.860000e-08 -5.345045e-07
5.880000e-08 -5.345045e-07
5.900000e-08 -5.345045e-07
5.920000e-08 -5.345045e-07
5.940000e-08 -5.345045e-07
5.960000e-08 -5.345045e-07
5.980000e-08 -5.345045e-07
6.000000e-08 -5.345045e-07
6.020000e-08 -5.345045e-07
6.040000e-08 -5.345045e-07
6.060000e-08 -5.345045e-07
6.080000e-08 -5.345045e-07
6.100000e-08 -5.345045e-07
6.120000e-08 -5.345045e-07
6.140000e-08 -5.345045e-07
6.160000e-08 -5.345045e-07
6.180000e-08 -5.345045e-07
6.200000e-08 -5.345045e-07
6.220000e-08 -5.345045e-07
6.240000e-08 -5.345045e-07
6.260000e-08 -5.345045e-07
6.280000e-08 -5.345045e-07
6.300000e-08 -5.345045e-07
6.320000e-08 -5.345045e-07
6.340000e-08 -5.345045e-07
6.360000e-08 -5.345045e-07
6.380000e-08 -5.345045e-07
6.400000e-08 -5.345045e-07
6.420000e-08 -5.345045e-07
6.440000e-08 -5.345045e-07
6.460000e-08 -5.345045e-07
6.480000e-08 -5.345045e-07
6.500000e-08 -5.345045e-07
6.520000e-08 -5.345045e-07
6.540000e-08 -5.345045e-07
6.560000e-08 -5.345045e-07
6.580000e-08 -5.345045e-07
6.600000e-08 -5.345045e-07
6.620000e-08 -5.345045e-07
6.640000e-08 -5.345045e-07
6.660000e-08 -5.345045e-07
6.680000e-08 -5.345045e-07
6.700000e-08 -5.345045e-07
6.720000e-08 -5.345045e-07
6.740000e-08 -5.345045e-07
6.760000e-08 -5.345045e-07
6.780000e-08 -5.345045e-07
6.800000e-08 -5.345045e-07
6.820000e-08 -5.345045e-07
6.840000e-08 -5.345045e-07
6.860000e-08 -5.345045e-07
6.880000e-08 -5.345045e-07
6.900000e-08 -5.345045e-07
6.920000e-08 -5.345045e-07
6.940000e-08 -5.345045e-07
6.960000e-08 -5.345045e-07
6.980000e-08 -5.345045e-07
7.000000e-08 -5.345045e-07
7.020000e-08 -5.345045e-07
7.040000e-08 -5.345045e-07
7.060000e-08 -5.345045e-07
7.080000e-08 -5.345045e-07
7.100000e-08 -5.345045e-07
7.120000e-08 -5.345045e-07
7.140000e-08 -5.345045e-07
7.160000e-08 -5.345045e-07
7.180000e-08 -5.345045e-07
7.200000e-08 -5.345045e-07
7.220000e-08 -5.345045e-07
7.240000e-08 -5.345045e-07
7.260000e-08 -5.345045e-07
7.280000e-08 -5.345045e-07
7.300000e-08 -5.345045e-07
7.320000e-08 -5.345045e-07
7.340000e-08 -5.345045e-07
7.360000e-08 -5.345045e-07
7.380000e-08 -5.345045e-07
7.400000e-08 -5.345045e-07
7.420000e-08 -5.345045e-07
7.440000e-08 -5.345045e-07
7.460000e-08 -5.345045e-07
7.480000e-08 -5.345045e-07
7.500000e-08 -5.345045e-07
7.520000e-08 -5.345045e-07
7.540000e-08 -5.345045e-07
7.560000e-08 -5.345045e-07
7.580000e-08 -5.345045e-07
7.600000e-08 -5.345045e-07
7.620000e-08 -5.345045e-07
7.640000e-08 -5.345045e-07
7.660000e-08 -5.345045e-07
7.680000e-08 -5.345045e-07
7.700000e-08 -5.345045e-07
7.720000e-08 -5.345045e-07
7.740000e-08 -5.345045e-07
7.760000e-08 -5.345045e-07
7.780000e-08 -5.345045e-07
7.800000e-08 -5.345045e-07
7.820000e-08 -5.345045e-07
7.840000e-08 -5.345045e-07
7.860000e-08 -5.345045e-07
7.880000e-08 -5.345045e-07
7.900000e-08 -5.345045e-07
7.920000e-08 -5.345045e-07
7.940000e-08 -5.345045e-07
7.960000e-08 -5.345045e-07
7.980000e-08 -5.345045e-07
8.000000e-08 -5.345045e-07
8.020000e-08 -5.345045e-07
8.040000e-08 -5.345045e-07
8.060000e-08 -5.345045e-07
8.080000e-08 -5.345045e-07
8.100000e-08 -5.345045e-07
8.120000e-08 -5.345045e-07
8.140000e-08 -5.345045e-07
8.160000e-08 -5.345045e-07
8.180000e-08 -5.345045e-07
8.200000e-08 -5.345045e-07
8.220000e-08 -5.345045e-07
8.240000e-08 -5.345045e-07
8.260000e-08 -5.345045e-07
8.280000e-08 -5.345045e-07
8.300000e-08 -5.345045e-07
8.320000e-08 -5.345045e-07
8.340000e-08 -5.345045e-07
8.360000e-08 -5.345045e-07
8.380000e-08 -5.345045e-07
8.400000e-08 -5.345045e-07
8.420000e-08 -5.345045e-07
8.440000e-08 -5.345045e-07
8.460000e-08 -5.345045e-07
8.480000e-08 -5.345045e-07
8.500000e-08 -5.345045e-07
8.520000e-08 -5.345045e-07
8.540000e-08 -5.345045e-07
8.560000e-08 -5.345045e-07
8.580000e-08 -5.345045e-07
8.600000e-08 -5.345045e-07
8.620000e-08 -5.345045e-07
8.640000e-08 -5.345045e-07
8.660000e-08 -5.345045e-07
8.680000e-08 -5.345045e-07
8.700000e-08 -5.345045e-07
8.720000e-08 -5.345045e-07
8.740000e-08 -5.345045e-07
8.760000e-08 -5.345045e-07
8.780000e-08 -5.345045e-07
8.800000e-08 -5.345045e-07
8.820000e-08 -5.345045e-07
8.840000e-08 -5.345045e-07
8.860000e-08 -5.345045e-07
8.880000e-08 -5.345045e-07
8.900000e-08 -5.345045e-07
8.920000e-08 -5.345045e-07
8.940000e-08 -5.345045e-07
8.960000e-08 -5.345045e-07
8.980000e-08 -5.345045e-07
9.000000e-08 -5.345045e-07
9.020000e-08 -5.345045e-07
9.040000e-08 -5.345045e-07
9.060000e-08 -5.345045e-07
9.080000e-08 -5.345045e-07
9.100000e-08 -5.345045e-07
9.120000e-08 -5.345045e-07
9.140000e-08 -5.345045e-07
9.160000e-08 -5.345045e-07
9.180000e-08 -5.345045e-07
9.200000e-08 -5.345045e-07
9.220000e-08 -5.345045e-07
9.240000e-08 -5.345045e-07
9.260000e-08 -5.345045e-07
9.280000e-08 -5.345045e-07
9.300000e-08 -5.345045e-07
9.320000e-08 -5.345045e-07
9.340000e-08 -5.345045e-07
9.360000e-08 -5.345045e-07
9.380000e-08 -5.345045e-07
9.400000e-08 -5.345045e-07
9.420000e-08 -5.345045e-07
9.440000e-08 -5.345045e-07
9.460000e-08 -5.345045e-07
9.480000e-08 -5.345045e-07
9.500000e-08 -5.345045e-07
9.520000e-08 -5.345045e-07
9.540000e-08 -5.345045e-07
9.560000e-08 -5.345045e-07
9.580000e-08 -5.345045e-07
9.600000e-08 -5.345045e-07
9.620000e-08 -5.345045e-07
9.640000e-08 -5.345045e-07
9.660000e-08 -5.345045e-07
9.680000e-08 -5.345045e-07
9.700000e-08 -5.345045e-07
9.720000e-08 -5.345045e-07
9.740000e-08 -5.345045e-07
9.760000e-08 -5.345045e-07
9.780000e-08 -5.345045e-07
9.800000e-08 -5.345045e-07
9.820000e-08 -5.345045e-07
9.840000e-08 -5.345045e-07
9.860000e-08 -5.345045e-07
9.880000e-08 -5.345045e-07
9.900000e-08 -5.345045e-07
9.920000e-08 -5.345045e-07
9.940000e-08 -5.345045e-07
9.960000e-08 -5.345045e-07
9.980000e-08 -5.345045e-07
1.000000e-07 -5.345045e-07
1.002000e-07 -5.345045e-07
1.004000e-07 -5.345045e-07
1.006000e-07 -5.345045e-07
1.008000e-07 -5.345045e-07
1.010000e-07 -5.345045e-07
1.012000e-07 -5.345045e-07
1.014000e-07 -5.345045e-07
1.016000e-07 -5.345045e-07
1.018000e-07 -5.345045e-07
1.020000e-07 -5.345045e-07
1.022000e-07 -5.345045e-07
1.024000e-07 -5.345045e-07
1.026000e-07 -5.345045e-07
1.028000e-07 -5.345045e-07
1.030000e-07 -5.345045e-07
1.032000e-07 -5.345045e-07
1.034000e-07 -5.345045e-07
1.036000e-07 -5.345045e-07
1.038000e-07 -5.345045e-07
1.040000e-07 -5.345045e-07
1.042000e-07 -5.345045e-07
1.044000e-07 -5.345045e-07
1.046000e-07 -5.345045e-07
1.048000e-07 -5.345045e-07
1.050000e-07 -5.345045e-07
1.052000e-07 -5.345045e-07
1.054000e-07 -5.345045e-07
1.056000e-07 -5.345045e-07
1.058000e-07 -5.345045e-07
1.060000e-07 -5.345045e-07
1.062000e-07 -5.345045e-07
1.064000e-07 -5.345045e-07
1.066000e-07 -5.345045e-07
1.068000e-07 -5.345045e-07
1.070000e-07 -5.345045e-07
1.072000e-07 -5.345045e-07
1.074000e-07 -5.345045e-07
1.076000e-07 -5.345045e-07
1.078000e-07 -5.345045e-07
1.080000e-07 -5.345045e-07
1.082000e-07 -5.345045e-07
1.084000e-07 -5.345045e-07
1.086000e-07 -5.345045e-07
1.088000e-07 -5.345045e-07
1.090000e-07 -5.345045e-07
1.092000e-07 -5.345045e-07
1.094000e-07 -5.345045e-07
1.096000e-07 -5.345045e-07
1.098000e-07 -5.345045e-07
1.100000e-07 -5.345045e-07
1.102000e-07 -5.345045e-07
1.104000e-07 -5.345045e-07
1.106000e-07 -5.345045e-07
1.108000e-07 -5.345045e-07
1.110000e-07 -5.345045e-07
1.112000e-07 -5.345045e-07
1.114000e-07 -5.345045e-07
1.116000e-07 -5.345045e-07
1.118000e-07 -5.345045e-07
1.120000e-07 -5.345045e-07
1.122000e-07 -5.345045e-07
1.124000e-07 -5.345045e-07
1.126000e-07 -5.345045e-07
1.128000e-07 -5.345045e-07
1.130000e-07 -5.345045e-07
1.132000e-07 -5.345045e-07
1.134000e-07 -5.345045e-07
1.136000e-07 -5.345045e-07
1.138000e-07 -5.345045e-07
1.140000e-07 -5.345045e-07
1.142000e-07 -5.345045e-07
1.144000e-07 -5.345045e-07
1.146000e-07 -5.345045e-07
1.148000e-07 -5.345045e-07
1.150000e-07 -5.345045e-07
1.152000e-07 -5.345045e-07
1.154000e-07 -5.345045e-07
1.156000e-07 -5.345045e-07
1.158000e-07 -5.345045e-07
1.160000e-07 -5.345045e-07
1.162000e-07 -5.345045e-07
1.164000e-07 -5.345045e-07
1.166000e-07 -5.345045e-07
1.168000e-07 -5.345045e-07
1.170000e-07 -5.345045e-07
1.172000e-07 -5.345045e-07
1.174000e-07 -5.345045e-07
1.176000e-07 -5.345045e-07
1.178000e-07 -5.345045e-07
1.180000e-07 -5.345045e-07
1.182000e-07 -5.345045e-07
1.184000e-07 -5.345045e-07
1.186000e-07 -5.345045e-07
1.188000e-07 -5.345045e-07
1.190000e-07 -5.345045e-07
1.192000e-07 -5.345045e-07
1.194000e-07 -5.345045e-07
1.196000e-07 -5.345045e-07
1.198000e-07 -5.345045e-07
1.200000e-07 -5.345045e-07
1.202000e-07 -5.345045e-07
1.204000e-07 -5.345045e-07
1.206000e-07 -5.345045e-07
1.208000e-07 -5.345045e-07
1.210000e-07 -5.345045e-07
1.212000e-07 -5.345045e-07
1.214000e-07 -5.345045e-07
1.216000e-07 -5.345045e-07
1.218000e-07 -5.345045e-07
1.220000e-07 -5.345045e-07
1.222000e-07 -5.345045e-07
1.224000e-07 -5.345045e-07
1.226000e-07 -5.345045e-07
1.228000e-07 -5.345045e-07
1.230000e-07 -5.345045e-07
1.232000e-07 -5.345045e-07
1.234000e-07 -5.345045e-07
1.236000e-07 -5.345045e-07
1.238000e-07 -5.345045e-07
1.240000e-07 -5.345045e-07
1.242000e-07 -5.345045e-07
1.244000e-07 -5.345045e-07
1.246000e-07 -5.345045e-07
1.248000e-07 -5.345045e-07
1.250000e-07 -5.345045e-07
1.252000e-07 -5.345045e-07
1.254000e-07 -5.345045e-07
1.256000e-07 -5.345045e-07
1.258000e-07 -5.345045e-07
1.260000e-07 -5.345045e-07
1.262000e-07 -5.345045e-07
1.264000e-07 -5.345045e-07
1.266000e-07 -5.345045e-07
1.268000e-07 -5.345045e-07
1.270000e-07 -5.345045e-07
1.272000e-07 -5.345045e-07
1.274000e-07 -5.345045e-07
1.276000e-07 -5.345045e-07
1.278000e-07 -5.345045e-07
1.280000e-07 -5.345045e-07
1.282000e-07 -5.345045e-07
1.284000e-07 -5.345045e-07
1.286000e-07 -5.345045e-07
1.288000e-07 -5.345045e-07
1.290000e-07 -5.345045e-07
1.292000e-07 -5.345045e-07
1.294000e-07 -5.345045e-07
1.296000e-07 -5.345045e-07
1.298000e-07 -5.345045e-07
1.300000e-07 -5.345045e-07
1.302000e-07 -5.345045e-07
1.304000e-07 -5.345045e-07
1.306000e-07 -5.345045e-07
1.308000e-07 -5.345045e-07
1.310000e-07 -5.345045e-07
1.312000e-07 -5.345045e-07
1.314000e-07 -5.345045e-07
1.316000e-07 -5.345045e-07
1.318000e-07 -5.345045e-07
1.320000e-07 -5.345045e-07
1.322000e-07 -5.345045e-07
1.324000e-07 -5.345045e-07
1.326000e-07 -5.345045e-07
1.328000e-07 -5.345045e-07
1.330000e-07 -5.345045e-07
1.332000e-07 -5.345045e-07
1.334000e-07 -5.345045e-07
1.336000e-07 -5.345045e-07
1.338000e-07 -5.345045e-07
1.340000e-07 -5.345045e-07
1.342000e-07 -5.345045e-07
1.344000e-07 -5.345045e-07
1.346000e-07 -5.345045e-07
1.348000e-07 -5.345045e-07
1.350000e-07 -5.345045e-07
1.352000e-07 -5.345045e-07
1.354000e-07 -5.345045e-07
1.356000e-07 -5.345045e-07
1.358000e-07 -5.345045e-07
1.360000e-07 -5.345045e-07
1.362000e-07 -5.345045e-07
1.364000e-07 -5.345045e-07
1.366000e-07 -5.345045e-07
1.368000e-07 -5.345045e-07
1.370000e-07 -5.345045e-07
1.372000e-07 -5.345045e-07
1.374000e-07 -5.345045e-07
1.376000e-07 -5.345045e-07
1.378000e-07 -5.345045e-07
1.380000e-07 -5.345045e-07
1.382000e-07 -5.345045e-07
1.384000e-07 -5.345045e-07
1.386000e-07 -5.345045e-07
1.388000e-07 -5.345045e-07
1.390000e-07 -5.345045e-07
1.392000e-07 -5.345045e-07
1.394000e-07 -5.345045e-07
1.396000e-07 -5.345045e-07
1.398000e-07 -5.345045e-07
1.400000e-07 -5.345045e-07
1.402000e-07 -5.345045e-07
1.404000e-07 -5.345045e-07
1.406000e-07 -5.345045e-07
1.408000e-07 -5.345045e-07
1.410000e-07 -5.345045e-07
1.412000e-07 -5.345045e-07
1.414000e-07 -5.345045e-07
1.416000e-07 -5.345045e-07
1.418000e-07 -5.345045e-07
1.420000e-07 -5.345045e-07
1.422000e-07 -5.345045e-07
1.424000e-07 -5.345045e-07
1.426000e-07 -5.345045e-07
1.428000e-07 -5.345045e-07
1.430000e-07 -5.345045e-07
1.432000e-07 -5.345045e-07
1.434000e-07 -5.345045e-07
1.436000e-07 -5.345045e-07
1.438000e-07 -5.345045e-07
1.440000e-07 -5.345045e-07
1.442000e-07 -5.345045e-07
1.444000e-07 -5.345045e-07
1.446000e-07 -5.345045e-07
1.448000e-07 -5.345045e-07
1.450000e-07 -5.345045e-07
1.452000e-07 -5.345045e-07
1.454000e-07 -5.345045e-07
1.456000e-07 -5.345045e-07
1.458000e-07 -5.345045e-07
1.460000e-07 -5.345045e-07
1.462000e-07 -5.345045e-07
1.464000e-07 -5.345045e-07
1.466000e-07 -5.345045e-07
1.468000e-07 -5.345045e-07
1.470000e-07 -5.345045e-07
1.472000e-07 -5.345045e-07
1.474000e-07 -5.345045e-07
1.476000e-07 -5.345045e-07
1.478000e-07 -5.345045e-07
1.480000e-07 -5.345045e-07
1.482000e-07 -5.345045e-07
1.484000e-07 -5.345045e-07
1.486000e-07 -5.345045e-07
1.488000e-07 -5.345045e-07
1.490000e-07 -5.345045e-07
1.492000e-07 -5.345045e-07
1.494000e-07 -5.345045e-07
1.496000e-07 -5.345045e-07
1.498000e-07 -5.345045e-07
1.500000e-07 -5.345045e-07
1.502000e-07 -5.345045e-07
1.504000e-07 -5.345045e-07
1.506000e-07 -5.345045e-07
1.508000e-07 -5.345045e-07
1.510000e-07 -5.345045e-07
1.512000e-07 -5.345045e-07
1.514000e-07 -5.345045e-07
1.516000e-07 -5.345045e-07
1.518000e-07 -5.345045e-07
1.520000e-07 -5.345045e-07
1.522000e-07 -5.345045e-07
1.524000e-07 -5.345045e-07
1.526000e-07 -5.345045e-07
1.528000e-07 -5.345045e-07
1.530000e-07 -5.345045e-07
1.532000e-07 -5.345045e-07
1.534000e-07 -5.345045e-07
1.536000e-07 -5.345045e-07
1.538000e-07 -5.345045e-07
1.540000e-07 -5.345045e-07
1.542000e-07 -5.345045e-07
1.544000e-07 -5.345045e-07
1.546000e-07 -5.345045e-07
1.548000e-07 -5.345045e-07
1.550000e-07 -5.345045e-07
1.552000e-07 -5.345045e-07
1.554000e-07 -5.345045e-07
1.556000e-07 -5.345045e-07
1.558000e-07 -5.345045e-07
1.560000e-07 -5.345045e-07
1.562000e-07 -5.345045e-07
1.564000e-07 -5.345045e-07
1.566000e-07 -5.345045e-07
1.568000e-07 -5.345045e-07
1.570000e-07 -5.345045e-07
1.572000e-07 -5.345045e-07
1.574000e-07 -5.345045e-07
1.576000e-07 -5.345045e-07
1.578000e-07 -5.345045e-07
1.580000e-07 -5.345045e-07
1.582000e-07 -5.345045e-07
1.584000e-07 -5.345045e-07
1.586000e-07 -5.345045e-07
1.588000e-07 -5.345045e-07
1.590000e-07 -5.345045e-07
1.592000e-07 -5.345045e-07
1.594000e-07 -5.345045e-07
1.596000e-07 -5.345045e-07
1.598000e-07 -5.345045e-07
1.600000e-07 -5.345045e-07
1.602000e-07 -5.345045e-07
1.604000e-07 -5.345045e-07
1.606000e-07 -5.345045e-07
1.608000e-07 -5.345045e-07
1.610000e-07 -5.345045e-07
1.612000e-07 -5.345045e-07
1.614000e-07 -5.345045e-07
1.616000e-07 -5.345045e-07
1.618000e-07 -5.345045e-07
1.620000e-07 -5.345045e-07
1.622000e-07 -5.345045e-07
1.624000e-07 -5.345045e-07
1.626000e-07 -5.345045e-07
1.628000e-07 -5.345045e-07
1.630000e-07 -5.345045e-07
1.632000e-07 -5.345045e-07
1.634000e-07 -5.345045e-07
1.636000e-07 -5.345045e-07
1.638000e-07 -5.345045e-07
1.640000e-07 -5.345045e-07
1.642000e-07 -5.345045e-07
1.644000e-07 -5.345045e-07
1.646000e-07 -5.345045e-07
1.648000e-07 -5.345045e-07
1.650000e-07 -5.345045e-07
1.652000e-07 -5.345045e-07
1.654000e-07 -5.345045e-07
1.656000e-07 -5.345045e-07
1.658000e-07 -5.345045e-07
1.660000e-07 -5.345045e-07
1.662000e-07 -5.345045e-07
1.664000e-07 -5.345045e-07
1.666000e-07 -5.345045e-07
1.668000e-07 -5.345045e-07
1.670000e-07 -5.345045e-07
1.672000e-07 -5.345045e-07
1.674000e-07 -5.345045e-07
1.676000e-07 -5.345045e-07
1.678000e-07 -5.345045e-07
1.680000e-07 -5.345045e-07
1.682000e-07 -5.345045e-07
1.684000e-07 -5.345045e-07
1.686000e-07 -5.345045e-07
1.688000e-07 -5.345045e-07
1.690000e-07 -5.345045e-07
1.692000e-07 -5.345045e-07
1.694000e-07 -5.345045e-07
1.696000e-07 -5.345045e-07
1.698000e-07 -5.345045e-07
1.700000e-07 -5.345045e-07
1.702000e-07 -5.345045e-07
1.704000e-07 -5.345045e-07
1.706000e-07 -5.345045e-07
1.708000e-07 -5.345045e-07
1.710000e-07 -5.345045e-07
1.712000e-07 -5.345045e-07
1.714000e-07 -5.345045e-07
1.716000e-07 -5.345045e-07
1.718000e-07 -5.345045e-07
1.720000e-07 -5.345045e-07
1.722000e-07 -5.345045e-07
1.724000e-07 -5.345045e-07
1.726000e-07 -5.345045e-07
1.728000e-07 -5.345045e-07
1.730000e-07 -5.345045e-07
1.732000e-07 -5.345045e-07
1.734000e-07 -5.345045e-07
1.736000e-07 -5.345045e-07
1.738000e-07 -5.345045e-07
1.740000e-07 -5.345045e-07
1.742000e-07 -5.345045e-07
1.744000e-07 -5.345045e-07
1.746000e-07 -5.345045e-07
1.748000e-07 -5.345045e-07
1.750000e-07 -5.345045e-07
1.752000e-07 -5.345045e-07
1.754000e-07 -5.345045e-07
1.756000e-07 -5.345045e-07
1.758000e-07 -5.345045e-07
1.760000e-07 -5.345045e-07
1.762000e-07 -5.345045e-07
1.764000e-07 -5.345045e-07
1.766000e-07 -5.345045e-07
1.768000e-07 -5.345045e-07
1.770000e-07 -5.345045e-07
1.772000e-07 -5.345045e-07
1.774000e-07 -5.345045e-07
1.776000e-07 -5.345045e-07
1.778000e-07 -5.345045e-07
1.780000e-07 -5.345045e-07
1.782000e-07 -5.345045e-07
1.784000e-07 -5.345045e-07
1.786000e-07 -5.345045e-07
1.788000e-07 -5.345045e-07
1.790000e-07 -5.345045e-07
1.792000e-07 -5.345045e-07
1.794000e-07 -5.345045e-07
1.796000e-07 -5.345045e-07
1.798000e-07 -5.345045e-07
1.800000e-07 -5.345045e-07
1.802000e-07 -5.345045e-07
1.804000e-07 -5.345045e-07
1.806000e-07 -5.345045e-07
1.808000e-07 -5.345045e-07
1.810000e-07 -5.345045e-07
1.812000e-07 -5.345045e-07
1.814000e-07 -5.345045e-07
1.816000e-07 -5.345045e-07
1.818000e-07 -5.345045e-07
1.820000e-07 -5.345045e-07
1.822000e-07 -5.345045e-07
1.824000e-07 -5.345045e-07
1.826000e-07 -5.345045e-07
1.828000e-07 -5.345045e-07
1.830000e-07 -5.345045e-07
1.832000e-07 -5.345045e-07
1.834000e-07 -5.345045e-07
1.836000e-07 -5.345045e-07
1.838000e-07 -5.345045e-07
1.840000e-07 -5.345045e-07
1.842000e-07 -5.345045e-07
1.844000e-07 -5.345045e-07
1.846000e-07 -5.345045e-07
1.848000e-07 -5.345045e-07
1.850000e-07 -5.345045e-07
1.852000e-07 -5.345045e-07
1.854000e-07 -5.345045e-07
1.856000e-07 -5.345045e-07
1.858000e-07 -5.345045e-07
1.860000e-07 -5.345045e-07
1.862000e-07 -5.345045e-07
1.864000e-07 -5.345045e-07
1.866000e-07 -5.345045e-07
1.868000e-07 -5.345045e-07
1.870000e-07 -5.345045e-07
1.872000e-07 -5.345045e-07
1.874000e-07 -5.345045e-07
1.876000e-07 -5.345045e-07
1.878000e-07 -5.345045e-07
1.880000e-07 -5.345045e-07
1.882000e-07 -5.345045e-07
1.884000e-07 -5.345045e-07
1.886000e-07 -5.345045e-07
1.888000e-07 -5.345045e-07
1.890000e-07 -5.345045e-07
1.892000e-07 -5.345045e-07
1.894000e-07 -5.345045e-07
1.896000e-07 -5.345045e-07
1.898000e-07 -5.345045e-07
1.900000e-07 -5.345045e-07
1.902000e-07 -5.345045e-07
1.904000e-07 -5.345045e-07
1.906000e-07 -5.345045e-07
1.908000e-07 -5.345045e-07
1.910000e-07 -5.345045e-07
1.912000e-07 -5.345045e-07
1.914000e-07 -5.345045e-07
1.916000e-07 -5.345045e-07
1.918000e-07 -5.345045e-07
1.920000e-07 -5.345045e-07
1.922000e-07 -5.345045e-07
1.924000e-07 -5.345045e-07
1.926000e-07 -5.345045e-07
1.928000e-07 -5.345045e-07
1.930000e-07 -5.345045e-07
1.932000e-07 -5.345045e-07
1.934000e-07 -5.345045e-07
1.936000e-07 -5.345045e-07
1.938000e-07 -5.345045e-07
1.940000e-07 -5.345045e-07
1.942000e-07 -5.345045e-07
1.944000e-07 -5.345045e-07
1.946000e-07 -5.345045e-07
1.948000e-07 -5.345045e-07
1.950000e-07 -5.345045e-07
1.952000e-07 -5.345045e-07
1.954000e-07 -5.345045e-07
1.956000e-07 -5.345045e-07
1.958000e-07 -5.345045e-07
1.960000e-07 -5.345045e-07
1.962000e-07 -5.345045e-07
1.964000e-07 -5.345045e-07
1.966000e-07 -5.345045e-07
1.968000e-07 -5.345045e-07
1.970000e-07 -5.345045e-07
1.972000e-07 -5.345045e-07
1.974000e-07 -5.345045e-07
1.976000e-07 -5.345045e-07
1.978000e-07 -5.345045e-07
1.980000e-07 -5.345045e-07
1.982000e-07 -5.345045e-07
1.984000e-07 -5.345045e-07
1.986000e-07 -5.345045e-07
1.988000e-07 -5.345045e-07
1.990000e-07 -5.345045e-07
1.992000e-07 -5.345045e-07
1.994000e-07 -5.345045e-07
1.996000e-07 -5.345045e-07
1.998000e-07 -5.345045e-07
2.000000e-07 -5.345045e-07
2.002000e-07 -5.345045e-07
2.004000e-07 -5.345045e-07
2.006000e-07 -5.345045e-07
2.008000e-07 -5.345045e-07
2.010000e-07 -5.345045e-07
2.012000e-07 -5.345045e-07
2.014000e-07 -5.345045e-07
2.016000e-07 -5.345045e-07
2.018000e-07 -5.345045e-07
2.020000e-07 -5.345045e-07
2.022000e-07 -5.345045e-07
2.024000e-07 -5.345045e-07
2.026000e-07 -5.345045e-07
2.028000e-07 -5.345045e-07
2.030000e-07 -5.345045e-07
2.032000e-07 -5.345045e-07
2.034000e-07 -5.345045e-07
2.036000e-07 -5.345045e-07
2.038000e-07 -5.345045e-07
2.040000e-07 -5.345045e-07
2.042000e-07 -5.345045e-07
2.044000e-07 -5.345045e-07
2.046000e-07 -5.345045e-07
2.048000e-07 -5.345045e-07
2.050000e-07 -5.345045e-07
2.052000e-07 -5.345045e-07
2.054000e-07 -5.345045e-07
2.056000e-07 -5.345045e-07
2.058000e-07 -5.345045e-07
2.060000e-07 -5.345045e-07
2.062000e-07 -5.345045e-07
2.064000e-07 -5.345045e-07
2.066000e-07 -5.345045e-07
2.068000e-07 -5.345045e-07
2.070000e-07 -5.345045e-07
2.072000e-07 -5.345045e-07
2.074000e-07 -5.345045e-07
2.076000e-07 -5.345045e-07
2.078000e-07 -5.345045e-07
2.080000e-07 -5.345045e-07
2.082000e-07 -5.345045e-07
2.084000e-07 -5.345045e-07
2.086000e-07 -5.345045e-07
2.088000e-07 -5.345045e-07
2.090000e-07 -5.345045e-07
2.092000e-07 -5.345045e-07
2.094000e-07 -5.345045e-07
2.096000e-07 -5.345045e-07
2.098000e-07 -5.345045e-07
2.100000e-07 -5.345045e-07
2.102000e-07 -5.345045e-07
2.104000e-07 -5.345045e-07
2.106000e-07 -5.345045e-07
2.108000e-07 -5.345045e-07
2.110000e-07 -5.345045e-07
2.112000e-07 -5.345045e-07
2.114000e-07 -5.345045e-07
2.116000e-07 -5.345045e-07
2.118000e-07 -5.345045e-07
2.120000e-07 -5.345045e-07
2.122000e-07 -5.345045e-07
2.124000e-07 -5.345045e-07
2.126000e-07 -5.345045e-07
2.128000e-07 -5.345045e-07
2.130000e-07 -5.345045e-07
2.132000e-07 -5.345045e-07
2.134000e-07 -5.345045e-07
2.136000e-07 -5.345045e-07
2.138000e-07 -5.345045e-07
2.140000e-07 -5.345045e-07
2.142000e-07 -5.345045e-07
2.144000e-07 -5.345045e-07
2.146000e-07 -5.345045e-07
2.148000e-07 -5.345045e-07
2.150000e-07 -5.345045e-07
2.152000e-07 -5.345045e-07
2.154000e-07 -5.345045e-07
2.156000e-07 -5.345045e-07
2.158000e-07 -5.345045e-07
2.160000e-07 -5.345045e-07
2.162000e-07 -5.345045e-07
2.164000e-07 -5.345045e-07
2.166000e-07 -5.345045e-07
2.168000e-07 -5.345045e-07
2.170000e-07 -5.345045e-07
2.172000e-07 -5.345045e-07
2.174000e-07 -5.345045e-07
2.176000e-07 -5.345045e-07
2.178000e-07 -5.345045e-07
2.180000e-07 -5.345045e-07
2.182000e-07 -5.345045e-07
2.184000e-07 -5.345045e-07
2.186000e-07 -5.345045e-07
2.188000e-07 -5.345045e-07
2.190000e-07 -5.345045e-07
2.192000e-07 -5.345045e-07
2.194000e-07 -5.345045e-07
2.196000e-07 -5.345045e-07
2.198000e-07 -5.345045e-07
2.200000e-07 -5.345045e-07
2.202000e-07 -5.345045e-07
2.204000e-07 -5.345045e-07
2.206000e-07 -5.345045e-07
2.208000e-07 -5.345045e-07
2.210000e-07 -5.345045e-07
2.212000e-07 -5.345045e-07
2.214000e-07 -5.345045e-07
2.216000e-07 -5.345045e-07
2.218000e-07 -5.345045e-07
2.220000e-07 -5.345045e-07
2.222000e-07 -5.345045e-07
2.224000e-07 -5.345045e-07
2.226000e-07 -5.345045e-07
2.228000e-07 -5.345045e-07
2.230000e-07 -5.345045e-07
2.232000e-07 -5.345045e-07
2.234000e-07 -5.345045e-07
2.236000e-07 -5.345045e-07
2.238000e-07 -5.345045e-07
2.240000e-07 -5.345045e-07
2.242000e-07 -5.345045e-07
2.244000e-07 -5.345045e-07
2.246000e-07 -5.345045e-07
2.248000e-07 -5.345045e-07
2.250000e-07 -5.345045e-07
2.252000e-07 -5.345045e-07
2.254000e-07 -5.345045e-07
2.256000e-07 -5.345045e-07
2.258000e-07 -5.345045e-07
2.260000e-07 -5.345045e-07
2.262000e-07 -5.345045e-07
2.264000e-07 -5.345045e-07
2.266000e-07 -5.345045e-07
2.268000e-07 -5.345045e-07
2.270000e-07 -5.345045e-07
2.272000e-07 -5.345045e-07
2.274000e-07 -5.345045e-07
2.276000e-07 -5.345045e-07
2.278000e-07 -5.345045e-07
2.280000e-07 -5.345045e-07
2.282000e-07 -5.345045e-07
2.284000e-07 -5.345045e-07
2.286000e-07 -5.345045e-07
2.288000e-07 -5.345045e-07
2.290000e-07 -5.345045e-07
2.292000e-07 -5.345045e-07
2.294000e-07 -5.345045e-07
2.296000e-07 -5.345045e-07
2.298000e-07 -5.345045e-07
2.300000e-07 -5.345045e-07
2.302000e-07 -5.345045e-07
2.304000e-07 -5.345045e-07
2.306000e-07 -5.345045e-07
2.308000e-07 -5.345045e-07
2.310000e-07 -5.345045e-07
2.312000e-07 -5.345045e-07
2.314000e-07 -5.229783e-07
2.316000e-07 -5.116242e-07
2.318000e-07 -5.002700e-07
2.320000e-07 -4.889159e-07
2.322000e-07 -4.773897e-07
2.324000e-07 -4.546815e-07
2.326000e-07 -4.319732e-07
2.328000e-07 -4.090929e-07
2.330000e-07 -3.863846e-07
2.332000e-07 -3.750305e-07
2.334000e-07 -3.636764e-07
2.336000e-07 -3.636764e-07
2.338000e-07 -3.636764e-07
2.340000e-07 -3.750305e-07
2.342000e-07 -3.636764e-07
2.344000e-07 -3.636764e-07
2.346000e-07 -3.636764e-07
2.348000e-07 -3.636764e-07
2.350000e-07 -3.750305e-07
2.352000e-07 -3.979108e-07
2.354000e-07 -4.206191e-07
2.356000e-07 -4.319732e-07
2.358000e-07 -4.433273e-07
2.360000e-07 -4.546815e-07
2.362000e-07 -4.773897e-07
2.364000e-07 -4.889159e-07
2.366000e-07 -4.889159e-07
2.368000e-07 -5.002700e-07
2.370000e-07 -5.002700e-07
2.372000e-07 -5.116242e-07
2.374000e-07 -5.229783e-07
2.376000e-07 -5.458586e-07
2.378000e-07 -5.572127e-07
2.380000e-07 -5.799210e-07
2.382000e-07 -5.914472e-07
2.384000e-07 -6.141554e-07
2.386000e-07 -6.597440e-07
2.388000e-07 -7.053326e-07
2.390000e-07 -7.621033e-07
2.392000e-07 -8.190460e-07
2.394000e-07 -8.873428e-07
2.396000e-07 -9.669938e-07
2.398000e-07 -1.057999e-06
2.400000e-07 -1.149176e-06
2.402000e-07 -1.251707e-06
2.404000e-07 -1.376947e-06
2.406000e-07 -1.502014e-06
2.408000e-07 -1.661488e-06
2.410000e-07 -1.866379e-06
2.412000e-07 -2.059915e-06
2.414000e-07 -2.299040e-06
2.416000e-07 -2.572228e-06
2.418000e-07 -2.868123e-06
2.420000e-07 -3.198425e-06
2.422000e-07 -3.574144e-06
2.424000e-07 -3.995279e-06
2.426000e-07 -4.450649e-06
2.428000e-07 -4.974315e-06
2.430000e-07 -5.577632e-06
2.432000e-07 -6.237893e-06
2.434000e-07 -6.989330e-06
2.436000e-07 -7.808892e-06
2.438000e-07 -8.753693e-06
2.440000e-07 -9.812553e-06
2.442000e-07 -1.103071e-05
2.444000e-07 -1.239682e-05
2.446000e-07 -1.394494e-05
2.448000e-07 -1.569812e-05
2.450000e-07 -1.769043e-05
2.452000e-07 -1.992169e-05
2.454000e-07 -2.244884e-05
2.456000e-07 -2.528359e-05
2.458000e-07 -2.848253e-05
2.460000e-07 -3.209126e-05
2.462000e-07 -3.614417e-05
2.464000e-07 -4.073192e-05
2.466000e-07 -4.588894e-05
2.468000e-07 -5.170621e-05
2.470000e-07 -5.828628e-05
2.472000e-07 -6.573149e-05
2.474000e-07 -7.413286e-05
2.476000e-07 -8.361597e-05
2.478000e-07 -9.431707e-05
2.480000e-07 -1.064070e-04
2.482000e-07 -1.200679e-04
2.484000e-07 -1.354935e-04
2.486000e-07 -1.528771e-04
2.488000e-07 -1.725034e-04
2.490000e-07 -1.946568e-04
2.492000e-07 -2.196566e-04
2.494000e-07 -2.478663e-04
2.496000e-07 -2.797192e-04
2.498000e-07 -3.156590e-04
2.500000e-07 -3.562207e-04
2.502000e-07 -4.020077e-04
2.504000e-07 -4.536804e-04
2.506000e-07 -5.120013e-04
2.508000e-07 -5.778016e-04
2.510000e-07 -6.520605e-04
2.512000e-07 -7.358819e-04
2.514000e-07 -8.304729e-04
2.516000e-07 -9.372447e-04
2.518000e-07 -1.057734e-03
2.520000e-07 -1.193752e-03
2.522000e-07 -1.347267e-03
2.524000e-07 -1.520534e-03
2.526000e-07 -1.716080e-03
2.528000e-07 -1.936773e-03
2.530000e-07 -2.185869e-03
2.532000e-07 -2.467000e-03
2.534000e-07 -2.784300e-03
2.536000e-07 -3.142410e-03
2.538000e-07 -3.546605e-03
2.540000e-07 -4.002779e-03
2.542000e-07 -4.517627e-03
2.544000e-07 -5.098696e-03
2.546000e-07 -5.754514e-03
2.548000e-07 -6.494688e-03
2.550000e-07 -7.330080e-03
2.552000e-07 -8.272949e-03
2.554000e-07 -9.337093e-03
2.556000e-07 -1.053813e-02
2.558000e-07 -1.189366e-02
2.560000e-07 -1.342358e-02
2.562000e-07 -1.515029e-02
2.564000e-07 -1.709912e-02
2.566000e-07 -1.929863e-02
2.568000e-07 -2.178108e-02
2.570000e-07 -2.458287e-02
2.572000e-07 -2.774506e-02
2.574000e-07 -3.131403e-02
2.576000e-07 -3.534209e-02
2.578000e-07 -3.988832e-02
2.580000e-07 -4.501936e-02
2.582000e-07 -5.081043e-02
2.584000e-07 -5.734644e-02
2.586000e-07 -6.472325e-02
2.588000e-07 -7.304898e-02
2.590000e-07 -8.244573e-02
2.592000e-07 -9.305124e-02
2.594000e-07 -1.050210e-01
2.596000e-07 -1.185305e-01
2.598000e-07 -1.337779e-01
2.600000e-07 -1.509866e-01
2.602000e-07 -1.704090e-01
2.604000e-07 -1.923298e-01
2.606000e-07 -2.170705e-01
2.608000e-07 -2.449937e-01
2.610000e-07 -2.765088e-01
2.612000e-07 -3.120780e-01
2.614000e-07 -3.522226e-01
2.616000e-07 -3.975313e-01
2.618000e-07 -4.486684e-01
2.620000e-07 -5.063836e-01
2.622000e-07 -5.715230e-01
2.624000e-07 -6.450417e-01
2.626000e-07 -7.280176e-01
2.628000e-07 -8.216673e-01
2.630000e-07 -9.273637e-01
2.632000e-07 -1.046657e+00
2.634000e-07 -1.181295e+00
2.636000e-07 -1.333252e+00
2.638000e-07 -1.504757e+00
2.640000e-07 -1.698324e+00
2.642000e-07 -1.916790e+00
2.644000e-07 -2.163359e+00
2.646000e-07 -2.441646e+00
2.648000e-07 -2.755730e+00
2.650000e-07 -3.110217e+00
2.652000e-07 -3.510304e+00
2.654000e-07 -3.961856e+00
2.656000e-07 -4.471494e+00
2.658000e-07 -5.046689e+00
2.660000e-07 -5.695875e+00
2.662000e-07 -6.428570e+00
2.664000e-07 -7.255514e+00
2.666000e-07 -8.188833e+00
2.668000e-07 -9.242208e+00
2.670000e-07 -1.043108e+01
2.672000e-07 -1.177289e+01
2.674000e-07 -1.328730e+01
2.676000e-07 -1.499651e+01
2.678000e-07 -1.692559e+01
2.680000e-07 -1.910280e+01
2.682000e-07 -2.156008e+01
2.684000e-07 -2.433344e+01
2.686000e-07 -2.746354e+01
2.688000e-07 -3.099626e+01
2.690000e-07 -3.498340e+01
2.692000e-07 -3.948340e+01
2.694000e-07 -4.456223e+01
2.696000e-07 -5.029432e+01
2.698000e-07 -5.676371e+01
2.700000e-07 -6.406521e+01
2.702000e-07 -7.230585e+01
2.704000e-07 -8.160640e+01
2.706000e-07 -9.210317e+01
2.708000e-07 -1.039500e+02
2.710000e-07 -1.173205e+02
2.712000e-07 -1.324105e+02
2.714000e-07 -1.494412e+02
2.716000e-07 -1.686622e+02
2.718000e-07 -1.903549e+02
2.720000e-07 -2.148371e+02
2.722000e-07 -2.424675e+02
2.724000e-07 -2.736506e+02
2.726000e-07 -3.088430e+02
2.728000e-07 -3.485600e+02
2.730000e-07 -3.933830e+02
2.732000e-07 -4.439677e+02
2.734000e-07 -5.010545e+02
2.736000e-07 -5.654781e+02
2.738000e-07 -6.381808e+02
2.740000e-07 -7.202250e+02
2.742000e-07 -8.128097e+02
2.744000e-07 -9.172871e+02
2.746000e-07 -1.035182e+03
2.748000e-07 -1.168215e+03
2.750000e-07 -1.318326e+03
2.752000e-07 -1.487701e+03
2.754000e-07 -1.678807e+03
2.756000e-07 -1.894423e+03
2.758000e-07 -2.137682e+03
2.760000e-07 -2.412114e+03
2.762000e-07 -2.721698e+03
2.764000e-07 -3.070914e+03
2.766000e-07 -3.464807e+03
2.768000e-07 -3.909059e+03
2.770000e-07 -4.410062e+03
2.772000e-07 -4.975009e+03
2.774000e-07 -5.611988e+03
2.776000e-07 -6.330090e+03
2.778000e-07 -7.139531e+03
2.780000e-07 -8.051778e+03
2.782000e-07 -9.079697e+03
2.784000e-07 -1.023771e+04
2.786000e-07 -1.154199e+04
2.788000e-07 -1.301060e+04
2.790000e-07 -1.466377e+04
2.792000e-07 -1.652406e+04
2.794000e-07 -1.861661e+04
2.796000e-07 -2.096943e+04
2.798000e-07 -2.361361e+04
2.800000e-07 -2.658362e+04
2.802000e-07 -2.991758e+04
2.804000e-07 -3.365750e+04
2.806000e-07 -3.784958e+04
2.808000e-07 -4.254440e+04
2.810000e-07 -4.779711e+04
2.812000e-07 -5.366756e+04
2.814000e-07 -6.022031e+04
2.816000e-07 -6.752454e+04
2.818000e-07 -7.565383e+04
2.820000e-07 -8.468566e+04
2.822000e-07 -9.470071e+04
2.824000e-07 -1.057819e+05
2.826000e-07 -1.180130e+05
2.828000e-07 -1.314767e+05
2.830000e-07 -1.462527e+05
2.832000e-07 -1.624145e+05
2.834000e-07 -1.800262e+05
2.836000e-07 -1.991388e+05
2.838000e-07 -2.197858e+05
2.840000e-07 -2.419781e+05
2.842000e-07 -2.656995e+05
2.844000e-07 -2.909014e+05
2.846000e-07 -3.174985e+05
2.848000e-07 -3.453649e+05
2.850000e-07 -3.743315e+05
2.852000e-07 -4.041854e+05
2.854000e-07 -4.346715e+05
2.856000e-07 -4.654963e+05
2.858000e-07 -4.963353e+05
2.860000e-07 -5.268430e+05
2.862000e-07 -5.566648e+05
2.864000e-07 -5.854519e+05
2.866000e-07 -6.128761e+05
2.868000e-07 -6.386449e+05
2.870000e-07 -6.625148e+05
2.872000e-07 -6.843018e+05
2.874000e-07 -7.038884e+05
2.876000e-07 -7.212255e+05
2.878000e-07 -7.363307e+05
2.880000e-07 -7.492818e+05
2.882000e-07 -7.602072e+05
2.884000e-07 -7.692743e+05
2.886000e-07 -7.766765e+05
2.888000e-07 -7.826208e+05
2.890000e-07 -7.873163e+05
2.892000e-07 -7.909648e+05
2.894000e-07 -7.937537e+05
2.896000e-07 -7.958509e+05
2.898000e-07 -7.974025e+05
2.900000e-07 -7.985320e+05
2.902000e-07 -7.993410e+05
2.904000e-07 -7.999113e+05
2.906000e-07 -8.003070e+05
2.908000e-07 -8.005771e+05
2.910000e-07 -8.007587e+05
2.912000e-07 -8.008788e+05
2.914000e-07 -8.009571e+05
2.916000e-07 -8.010072e+05
2.918000e-07 -8.010389e+05
2.920000e-07 -8.010586e+05
2.922000e-07 -8.010706e+05
2.924000e-07 -8.010779e+05
2.926000e-07 -8.010822e+05
2.928000e-07 -8.010847e+05
2.930000e-07 -8.010862e+05
2.932000e-07 -8.010870e+05
2.934000e-07 -8.010875e+05
2.936000e-07 -8.010877e+05
2.938000e-07 -8.010878e+05
2.940000e-07 -8.010879e+05
2.942000e-07 -8.010880e+05
2.944000e-07 -8.010880e+05
2.946000e-07 -8.010880e+05
2.948000e-07 -8.010880e+05
2.950000e-07 -8.010880e+05
2.952000e-07 -8.010880e+05
2.954000e-07 -8.010880e+05
2.956000e-07 -8.010880e+05
2.958000e-07 -8.010880e+05
2.960000e-07 -8.010880e+05
2.962000e-07 -8.010880e+05
2.964000e-07 -8.010880e+05
2.966000e-07 -8.010880e+05
2.968000e-07 -8.010880e+05
2.970000e-07 -8.010880e+05
2.972000e-07 -8.010880e+05
2.974000e-07 -8.010880e+05
2.976000e-07 -8.010880e+05
2.978000e-07 -8.010880e+05
2.980000e-07 -8.010880e+05
2.982000e-07 -8.010880e+05
2.984000e-07 -8.010880e+05
2.986000e-07 -8.010880e+05
2.988000e-07 -8.010880e+05
2.990000e-07 -8.010880e+05
2.992000e-07 -8.010880e+05
2.994000e-07 -8.010880e+05
2.996000e-07 -8.010880e+05
2.998000e-07 -8.010880e+05
3.000000e-07 6.485346e-06
3.002000e-07 4.974779e-05
3.004000e-07 3.114109e-04
3.006000e-07 1.678084e-03
3.008000e-07 7.940931e-03
3.010000e-07 3.302524e-02
3.012000e-07 1.185900e-01
3.014000e-07 3.504356e-01
3.016000e-07 7.426609e-01
3.018000e-07 6.623337e-01
3.020000e-07 5.851715e-01
3.022000e-07 3.832035e-02
3.024000e-07 2.502574e-03
3.026000e-07 1.629294e-04
3.028000e-07 1.049268e-05
3.030000e-07 6.382948e-07
3.032000e-07 2.731411e-08
3.034000e-07 5.841343e-09
3.036000e-07 2.049249e-09
3.038000e-07 7.189134e-10
3.040000e-07 2.522078e-10
3.042000e-07 8.847905e-11
3.044000e-07 3.104005e-11
3.046000e-07 1.088941e-11
3.048000e-07 3.820202e-12
3.050000e-07 1.340196e-12
3.052000e-07 4.701650e-13
3.054000e-07 1.649425e-13
3.056000e-07 3.000136e-12
3.058000e-07 7.969833e-12
3.060000e-07 1.628729e-11
3.062000e-07 3.263972e-11
3.064000e-07 5.029473e-11
3.066000e-07 1.334393e-10
3.068000e-07 1.602336e-19
3.070000e-07 1.602336e-19
3.072000e-07 1.602336e-19
3.074000e-07 3.269551e-09
3.076000e-07 1.484138e-08
3.078000e-07 5.920202e-08
3.080000e-07 1.815402e-07
3.082000e-07 4.847860e-07
3.084000e-07 1.065413e-06
3.086000e-07 1.650041e-06
3.088000e-07 9.644208e-07
3.090000e-07 8.010880e+05
3.092000e-07 8.010880e+05
3.094000e-07 8.010880e+05
3.096000e-07 8.010880e+05
3.098000e-07 8.010880e+05
3.100000e-07 8.010880e+05
3.102000e-07 8.010880e+05
3.104000e-07 8.010880e+05
3.106000e-07 8.010880e+05
3.108000e-07 8.010880e+05
3.110000e-07 8.010880e+05
3.112000e-07 8.010880e+05
3.114000e-07 8.010880e+05
3.116000e-07 8.010880e+05
3.118000e-07 8.010880e+05
3.120000e-07 8.010880e+05
3.122000e-07 8.010880e+05
3.124000e-07 8.010880e+05
3.126000e-07 8.010880e+05
3.128000e-07 8.010880e+05
3.130000e-07 8.010880e+05
3.132000e-07 8.010880e+05
3.134000e-07 8.010880e+05
3.136000e-07 8.010880e+05
3.138000e-07 8.010880e+05
3.140000e-07 8.010880e+05
3.142000e-07 8.010880e+05
3.144000e-07 8.010880e+05
3.146000e-07 8.010880e+05
3.148000e-07 8.010880e+05
3.150000e-07 8.010880e+05
3.152000e-07 8.010880e+05
3.154000e-07 8.010880e+05
3.156000e-07 8.010880e+05
3.158000e-07 8.010880e+05
3.160000e-07 8.010880e+05
3.162000e-07 8.010880e+05
3.164000e-07 8.010880e+05
3.166000e-07 8.010880e+05
3.168000e-07 8.010880e+05
3.170000e-07 8.010880e+05
3.172000e-07 8.010880e+05
3.174000e-07 8.010880e+05
3.176000e-07 8.010880e+05
3.178000e-07 8.010880e+05
3.180000e-07 8.010880e+05
3.182000e-07 8.010880e+05
3.184000e-07 8.010880e+05
3.186000e-07 8.010880e+05
3.188000e-07 8.010880e+05
3.190000e-07 8.010880e+05
3.192000e-07 8.010880e+05
3.194000e-07 8.010880e+05
3.196000e-07 8.010880e+05
3.198000e-07 8.010880e+05
3.200000e-07 8.010880e+05
3.202000e-07 8.010880e+05
3.204000e-07 8.010880e+05
3.206000e-07 8.010880e+05
3.208000e-07 8.010880e+05
3.210000e-07 8.010880e+05
3.212000e-07 8.010880e+05
3.214000e-07 8.010880e+05
3.216000e-07 8.010880e+05
3.218000e-07 8.010880e+05
3.220000e-07 8.010880e+05
3.222000e-07 8.010880e+05
3.224000e-07 8.010880e+05
3.226000e-07 8.010880e+05
3.228000e-07 8.010879e+05
3.230000e-07 8.010879e+05
3.232000e-07 8.010878e+05
3.234000e-07 8.010876e+05
3.236000e-07 8.010872e+05
3.238000e-07 8.010865e+05
3.240000e-07 8.010853e+05
3.242000e-07 8.010831e+05
3.244000e-07 8.010795e+05
3.246000e-07 8.010733e+05
3.248000e-07 8.010630e+05
3.250000e-07 8.010461e+05
3.252000e-07 8.010188e+05
3.254000e-07 8.009752e+05
3.256000e-07 8.009070e+05
3.258000e-07 8.008018e+05
3.260000e-07 8.006420e+05
3.262000e-07 8.004030e+05
3.264000e-07 8.000512e+05
3.266000e-07 7.995416e+05
3.268000e-07 7.988151e+05
3.270000e-07 7.977957e+05
3.272000e-07 7.963883e+05
3.274000e-07 7.944763e+05
3.276000e-07 7.919208e+05
3.278000e-07 7.885603e+05
3.280000e-07 7.842132e+05
3.282000e-07 7.786816e+05
3.284000e-07 7.717578e+05
3.286000e-07 7.632329e+05
3.288000e-07 7.529079e+05
3.290000e-07 7.406059e+05
3.292000e-07 7.261851e+05
3.294000e-07 7.095506e+05
3.296000e-07 6.906652e+05
3.298000e-07 6.695567e+05
3.300000e-07 6.463212e+05
3.302000e-07 6.211226e+05
3.304000e-07 5.941866e+05
3.306000e-07 5.657917e+05
3.308000e-07 5.362565e+05
3.310000e-07 5.059251e+05
3.312000e-07 4.751518e+05
3.314000e-07 4.442865e+05
3.316000e-07 4.136614e+05
3.318000e-07 3.835805e+05
3.320000e-07 3.543116e+05
3.322000e-07 3.260810e+05
3.324000e-07 2.990716e+05
3.326000e-07 2.734225e+05
3.328000e-07 2.492314e+05
3.330000e-07 2.265579e+05
3.332000e-07 2.054278e+05
3.334000e-07 1.858381e+05
3.336000e-07 1.677619e+05
3.338000e-07 1.511532e+05
3.340000e-07 1.359515e+05
3.342000e-07 1.220859e+05
3.344000e-07 1.094782e+05
3.346000e-07 9.804653e+04
3.348000e-07 8.770714e+04
3.350000e-07 7.837673e+04
3.352000e-07 6.997378e+04
3.354000e-07 6.241970e+04
3.356000e-07 5.563966e+04
3.358000e-07 4.956307e+04
3.360000e-07 4.412388e+04
3.362000e-07 3.926080e+04
3.364000e-07 3.491719e+04
3.366000e-07 3.104108e+04
3.368000e-07 2.758491e+04
3.370000e-07 2.450540e+04
3.372000e-07 2.176322e+04
3.374000e-07 1.932281e+04
3.376000e-07 1.715204e+04
3.378000e-07 1.522197e+04
3.380000e-07 1.350659e+04
3.382000e-07 1.198256e+04
3.384000e-07 1.062894e+04
3.386000e-07 9.427025e+03
3.388000e-07 8.360061e+03
3.390000e-07 7.413104e+03
3.392000e-07 6.572818e+03
3.394000e-07 5.827314e+03
3.396000e-07 5.166001e+03
3.398000e-07 4.579448e+03
3.400000e-07 4.059268e+03
3.402000e-07 3.597997e+03
3.404000e-07 3.189002e+03
3.406000e-07 2.826389e+03
3.408000e-07 2.504922e+03
3.410000e-07 2.219950e+03
3.412000e-07 1.967345e+03
3.414000e-07 1.743441e+03
3.416000e-07 1.544987e+03
3.418000e-07 1.369098e+03
3.420000e-07 1.213212e+03
3.422000e-07 1.075059e+03
3.424000e-07 9.526261e+02
3.426000e-07 8.441265e+02
3.428000e-07 7.479768e+02
3.430000e-07 6.627729e+02
3.432000e-07 5.872701e+02
3.434000e-07 5.203648e+02
3.436000e-07 4.610788e+02
3.438000e-07 4.085451e+02
3.440000e-07 3.619951e+02
3.442000e-07 3.207476e+02
3.444000e-07 2.841990e+02
3.446000e-07 2.518141e+02
3.448000e-07 2.231188e+02
3.450000e-07 1.976930e+02
3.452000e-07 1.751642e+02
3.454000e-07 1.552024e+02
3.456000e-07 1.375152e+02
3.458000e-07 1.218434e+02
3.460000e-07 1.079575e+02
3.462000e-07 9.565403e+01
3.464000e-07 8.475260e+01
3.466000e-07 7.509351e+01
3.468000e-07 6.653518e+01
3.470000e-07 5.895219e+01
3.472000e-07 5.223339e+01
3.474000e-07 4.628031e+01
3.476000e-07 4.100568e+01
3.478000e-07 3.633219e+01
3.480000e-07 3.219133e+01
3.482000e-07 2.852240e+01
3.484000e-07 2.527162e+01
3.486000e-07 2.239133e+01
3.488000e-07 1.983932e+01
3.490000e-07 1.757816e+01
3.492000e-07 1.557471e+01
3.494000e-07 1.379960e+01
3.496000e-07 1.222680e+01
3.498000e-07 1.083326e+01
3.500000e-07 9.598549e+00
3.502000e-07 8.504560e+00
3.504000e-07 7.535256e+00
3.506000e-07 6.676428e+00
3.508000e-07 5.915485e+00
3.510000e-07 5.241269e+00
3.512000e-07 4.643896e+00
3.514000e-07 4.114609e+00
3.516000e-07 3.645647e+00
3.518000e-07 3.230134e+00
3.520000e-07 2.861980e+00
3.522000e-07 2.535786e+00
3.524000e-07 2.246769e+00
3.526000e-07 1.990694e+00
3.528000e-07 1.763804e+00
3.530000e-07 1.562774e+00
3.532000e-07 1.384657e+00
3.534000e-07 1.226841e+00
3.536000e-07 1.087011e+00
3.538000e-07 9.631191e-01
3.540000e-07 8.533475e-01
3.542000e-07 7.560871e-01
3.544000e-07 6.699119e-01
3.546000e-07 5.935586e-01
3.548000e-07 5.259076e-01
3.550000e-07 4.659672e-01
3.552000e-07 4.128585e-01
3.554000e-07 3.658029e-01
3.556000e-07 3.241104e-01
3.558000e-07 2.871699e-01
3.560000e-07 2.544397e-01
3.562000e-07 2.254399e-01
3.564000e-07 1.997453e-01
3.566000e-07 1.769793e-01
3.568000e-07 1.568081e-01
3.570000e-07 1.389359e-01
3.572000e-07 1.231007e-01
3.574000e-07 1.090703e-01
3.576000e-07 9.663900e-02
3.578000e-07 8.562457e-02
3.580000e-07 7.586551e-02
3.582000e-07 6.721874e-02
3.584000e-07 5.955748e-02
3.586000e-07 5.276943e-02
3.588000e-07 4.675504e-02
3.590000e-07 4.142613e-02
3.592000e-07 3.670458e-02
3.594000e-07 3.252115e-02
3.596000e-07 2.881453e-02
3.598000e-07 2.553039e-02
3.600000e-07 2.262057e-02
3.602000e-07 2.004238e-02
3.604000e-07 1.775805e-02
3.606000e-07 1.573407e-02
3.608000e-07 1.394080e-02
3.610000e-07 1.235190e-02
3.612000e-07 1.094411e-02
3.614000e-07 9.696775e-03
3.616000e-07 8.591602e-03
3.618000e-07 7.612407e-03
3.620000e-07 6.744809e-03
3.622000e-07 5.976106e-03
3.624000e-07 5.295016e-03
3.626000e-07 4.691542e-03
3.628000e-07 4.156863e-03
3.630000e-07 3.683100e-03
3.632000e-07 3.263344e-03
3.634000e-07 2.891447e-03
3.636000e-07 2.561922e-03
3.638000e-07 2.269952e-03
3.640000e-07 2.011259e-03
3.642000e-07 1.782051e-03
3.644000e-07 1.578946e-03
3.646000e-07 1.398997e-03
3.648000e-07 1.239562e-03
3.650000e-07 1.098285e-03
3.652000e-07 9.731047e-04
3.654000e-07 8.622118e-04
3.656000e-07 7.639438e-04
3.658000e-07 6.768666e-04
3.660000e-07 5.997276e-04
3.662000e-07 5.313771e-04
3.664000e-07 4.708363e-04
3.666000e-07 4.171827e-04
3.668000e-07 3.696426e-04
3.670000e-07 3.275327e-04
3.672000e-07 2.902153e-04
3.674000e-07 2.571331e-04
3.676000e-07 2.278190e-04
3.678000e-07 2.018629e-04
3.680000e-07 1.788670e-04
3.682000e-07 1.585123e-04
3.684000e-07 1.404684e-04
3.686000e-07 1.244737e-04
3.688000e-07 1.103118e-04
3.690000e-07 9.776649e-05
3.692000e-07 8.665544e-05
3.694000e-07 7.679678e-05
3.696000e-07 6.806528e-05
3.698000e-07 6.034688e-05
3.700000e-07 5.351634e-05
3.702000e-07 4.745994e-05
3.704000e-07 4.208651e-05
3.706000e-07 3.731657e-05
3.708000e-07 3.309317e-05
3.710000e-07 2.934768e-05
3.712000e-07 2.602350e-05
3.714000e-07 2.307504e-05
3.716000e-07 2.045671e-05
3.718000e-07 1.814563e-05
3.720000e-07 1.609655e-05
3.722000e-07 1.428643e-05
3.724000e-07 1.268136e-05
3.726000e-07 1.125831e-05
3.728000e-07 9.994735e-06
3.730000e-07 8.867579e-06
3.732000e-07 7.888543e-06
3.734000e-07 7.000684e-06
3.736000e-07 6.215184e-06
3.738000e-07 5.532044e-06
3.740000e-07 4.928726e-06
3.742000e-07 4.393706e-06
3.744000e-07 3.915628e-06
3.746000e-07 3.482967e-06
3.748000e-07 3.107248e-06
3.750000e-07 2.765764e-06
3.752000e-07 2.469696e-06
3.754000e-07 2.196509e-06
3.756000e-07 1.968910e-06
3.758000e-07 1.764020e-06
3.760000e-07 1.593191e-06
3.762000e-07 1.445244e-06
3.764000e-07 1.308650e-06
3.766000e-07 1.194765e-06
3.768000e-07 1.103587e-06
3.770000e-07 1.023936e-06
3.772000e-07 9.442855e-07
3.774000e-07 8.646345e-07
3.776000e-07 8.076918e-07
3.778000e-07 7.507491e-07
3.780000e-07 6.938064e-07
3.782000e-07 6.482178e-07
3.784000e-07 6.255096e-07
3.786000e-07 5.914472e-07
3.788000e-07 5.458586e-07
3.790000e-07 5.116242e-07
3.792000e-07 4.662076e-07
3.794000e-07 4.319732e-07
3.796000e-07 4.090929e-07
3.798000e-07 3.863846e-07
3.800000e-07 3.636764e-07
3.802000e-07 3.407961e-07
3.804000e-07 3.296140e-07
3.806000e-07 3.296140e-07
3.808000e-07 3.067337e-07
3.810000e-07 2.724992e-07
3.812000e-07 2.497910e-07
3.814000e-07 2.157286e-07
3.816000e-07 1.814941e-07
3.818000e-07 1.474317e-07
3.820000e-07 1.247234e-07
3.822000e-07 1.131973e-07
3.824000e-07 1.131973e-07
3.826000e-07 1.018431e-07
3.828000e-07 1.018431e-07
3.830000e-07 1.018431e-07
3.832000e-07 1.131973e-07
3.834000e-07 1.247234e-07
3.836000e-07 1.247234e-07
3.838000e-07 1.247234e-07
3.840000e-07 1.247234e-07
3.842000e-07 1.247234e-07
3.844000e-07 1.247234e-07
3.846000e-07 1.131973e-07
3.848000e-07 9.048901e-08
3.850000e-07 9.048901e-08
3.852000e-07 7.913488e-08
3.854000e-07 7.913488e-08
3.856000e-07 7.913488e-08
3.858000e-07 5.642661e-08
3.860000e-07 5.642661e-08
3.862000e-07 4.490044e-08
3.864000e-07 3.354631e-08
3.866000e-07 2.219217e-08
3.868000e-07 2.219217e-08
3.870000e-07 2.219217e-08
3.872000e-07 1.083804e-08
3.874000e-07 1.083804e-08
3.876000e-07 2.219217e-08
3.878000e-07 3.354631e-08
3.880000e-07 3.354631e-08
3.882000e-07 4.490044e-08
3.884000e-07 6.760871e-08
3.886000e-07 1.018431e-07
3.888000e-07 1.247234e-07
3.890000e-07 1.247234e-07
3.892000e-07 1.359055e-07
3.894000e-07 1.359055e-07
3.896000e-07 1.359055e-07
3.898000e-07 1.359055e-07
3.900000e-07 1.474317e-07
3.902000e-07 1.587858e-07
3.904000e-07 1.701400e-07
3.906000e-07 1.930203e-07
3.908000e-07 2.157286e-07
3.910000e-07 2.270827e-07
3.912000e-07 2.270827e-07
3.914000e-07 2.384368e-07
3.916000e-07 2.384368e-07
3.918000e-07 2.270827e-07
3.920000e-07 2.042024e-07
3.922000e-07 1.701400e-07
3.924000e-07 1.474317e-07
3.926000e-07 1.247234e-07
3.928000e-07 1.018431e-07
3.930000e-07 7.913488e-08
3.932000e-07 6.760871e-08
3.934000e-07 6.760871e-08
3.936000e-07 7.913488e-08
3.938000e-07 1.018431e-07
3.940000e-07 1.247234e-07
3.942000e-07 1.359055e-07
3.944000e-07 1.474317e-07
3.946000e-07 1.587858e-07
3.948000e-07 1.701400e-07
3.950000e-07 1.814941e-07
3.952000e-07 1.814941e-07
3.954000e-07 1.701400e-07
3.956000e-07 1.701400e-07
3.958000e-07 1.701400e-07
3.960000e-07 1.701400e-07
3.962000e-07 1.814941e-07
3.964000e-07 1.930203e-07
3.966000e-07 2.042024e-07
3.968000e-07 2.042024e-07
3.970000e-07 2.157286e-07
3.972000e-07 2.270827e-07
3.974000e-07 2.270827e-07
3.976000e-07 2.270827e-07
3.978000e-07 2.270827e-07
3.980000e-07 2.157286e-07
3.982000e-07 2.042024e-07
3.984000e-07 1.930203e-07
3.986000e-07 1.587858e-07
3.988000e-07 1.359055e-07
3.990000e-07 1.131973e-07
3.992000e-07 1.018431e-07
3.994000e-07 7.913488e-08
3.996000e-07 6.760871e-08
3.998000e-07 5.642661e-08
4.000000e-07 4.490044e-08
4.002000e-07 4.490044e-08
4.004000e-07 4.490044e-08
4.006000e-07 4.490044e-08
4.008000e-07 4.490044e-08
4.010000e-07 3.354631e-08
4.012000e-07 2.219217e-08
4.014000e-07 1.083804e-08
4.016000e-07 -6.881294e-10
4.018000e-07 -6.881294e-10
4.020000e-07 -6.881294e-10
4.022000e-07 -6.881294e-10
4.024000e-07 -6.881294e-10
4.026000e-07 -6.881294e-10
4.028000e-07 -6.881294e-10
4.030000e-07 -6.881294e-10
4.032000e-07 -6.881294e-10
4.034000e-07 -6.881294e-10
4.036000e-07 -6.881294e-10
4.038000e-07 -6.881294e-10
4.040000e-07 -6.881294e-10
4.042000e-07 -6.881294e-10
4.044000e-07 -6.881294e-10
4.046000e-07 -6.881294e-10
4.048000e-07 -6.881294e-10
4.050000e-07 -6.881294e-10
4.052000e-07 -6.881294e-10
4.054000e-07 -6.881294e-10
4.056000e-07 -6.881294e-10
4.058000e-07 -6.881294e-10
4.060000e-07 -6.881294e-10
4.062000e-07 -6.881294e-10
4.064000e-07 -6.881294e-10
4.066000e-07 -6.881294e-10
4.068000e-07 -6.881294e-10
4.070000e-07 -6.881294e-10
4.072000e-07 -6.881294e-10
4.074000e-07 -6.881294e-10
4.076000e-07 -6.881294e-10
4.078000e-07 -6.881294e-10
4.080000e-07 -6.881294e-10
4.082000e-07 -6.881294e-10
4.084000e-07 -6.881294e-10
4.086000e-07 -6.881294e-10
4.088000e-07 -6.881294e-10
4.090000e-07 -6.881294e-10
4.092000e-07 -6.881294e-10
4.094000e-07 -6.881294e-10
4.096000e-07 -6.881294e-10
4.098000e-07 -6.881294e-10
4.100000e-07 -6.881294e-10
4.102000e-07 -6.881294e-10
4.104000e-07 -6.881294e-10
4.106000e-07 -6.881294e-10
4.108000e-07 -6.881294e-10
4.110000e-07 -6.881294e-10
4.112000e-07 -6.881294e-10
4.114000e-07 -6.881294e-10
4.116000e-07 -6.881294e-10
4.118000e-07 -6.881294e-10
4.120000e-07 -6.881294e-10
4.122000e-07 -6.881294e-10
4.124000e-07 -6.881294e-10
4.126000e-07 -6.881294e-10
4.128000e-07 -6.881294e-10
4.130000e-07 -6.881294e-10
4.132000e-07 -6.881294e-10
4.134000e-07 -6.881294e-10
4.136000e-07 -6.881294e-10
4.138000e-07 -6.881294e-10
4.140000e-07 -6.881294e-10
4.142000e-07 -6.881294e-10
4.144000e-07 -6.881294e-10
4.146000e-07 -6.881294e-10
4.148000e-07 -6.881294e-10
4.150000e-07 -6.881294e-10
4.152000e-07 -6.881294e-10
4.154000e-07 -6.881294e-10
4.156000e-07 -6.881294e-10
4.158000e-07 -6.881294e-10
4.160000e-07 -6.881294e-10
4.162000e-07 -6.881294e-10
4.164000e-07 -6.881294e-10
4.166000e-07 -6.881294e-10
4.168000e-07 -6.881294e-10
4.170000e-07 -6.881294e-10
4.172000e-07 -6.881294e-10
4.174000e-07 -6.881294e-10
4.176000e-07 -6.881294e-10
4.178000e-07 -6.881294e-10
4.180000e-07 -6.881294e-10
4.182000e-07 -6.881294e-10
4.184000e-07 -6.881294e-10
4.186000e-07 -6.881294e-10
4.188000e-07 -6.881294e-10
4.190000e-07 -6.881294e-10
4.192000e-07 -6.881294e-10
4.194000e-07 -6.881294e-10
4.196000e-07 -6.881294e-10
4.198000e-07 -6.881294e-10
4.200000e-07 -6.881294e-10
4.202000e-07 -6.881294e-10
4.204000e-07 -6.881294e-10
4.206000e-07 -6.881294e-10
4.208000e-07 -6.881294e-10
4.210000e-07 -6.881294e-10
4.212000e-07 -6.881294e-10
4.214000e-07 -6.881294e-10
4.216000e-07 -6.881294e-10
4.218000e-07 -6.881294e-10
4.220000e-07 -6.881294e-10
4.222000e-07 -6.881294e-10
4.224000e-07 -6.881294e-10
4.226000e-07 -6.881294e-10
4.228000e-07 -6.881294e-10
4.230000e-07 -6.881294e-10
4.232000e-07 -6.881294e-10
4.234000e-07 -6.881294e-10
4.236000e-07 -6.881294e-10
4.238000e-07 -6.881294e-10
4.240000e-07 -6.881294e-10
4.242000e-07 -6.881294e-10
4.244000e-07 -6.881294e-10
4.246000e-07 -6.881294e-10
4.248000e-07 -6.881294e-10
4.250000e-07 -6.881294e-10
4.252000e-07 -6.881294e-10
4.254000e-07 -6.881294e-10
4.256000e-07 -6.881294e-10
4.258000e-07 -6.881294e-10
4.260000e-07 -6.881294e-10
4.262000e-07 -6.881294e-10
4.264000e-07 -6.881294e-10
4.266000e-07 -6.881294e-10
4.268000e-07 -6.881294e-10
4.270000e-07 -6.881294e-10
4.272000e-07 -6.881294e-10
4.274000e-07 -6.881294e-10
4.276000e-07 -6.881294e-10
4.278000e-07 -6.881294e-10
4.280000e-07 -6.881294e-10
4.282000e-07 -6.881294e-10
4.284000e-07 -6.881294e-10
4.286000e-07 -6.881294e-10
4.288000e-07 -6.881294e-10
4.290000e-07 -6.881294e-10
4.292000e-07 -6.881294e-10
4.294000e-07 -6.881294e-10
4.296000e-07 -6.881294e-10
4.298000e-07 -6.881294e-10
4.300000e-07 -6.881294e-10
4.302000e-07 -6.881294e-10
4.304000e-07 -6.881294e-10
4.306000e-07 -6.881294e-10
4.308000e-07 -6.881294e-10
4.310000e-07 -6.881294e-10
4.312000e-07 -6.881294e-10
4.314000e-07 -6.881294e-10
4.316000e-07 -6.881294e-10
4.318000e-07 -6.881294e-10
4.320000e-07 -6.881294e-10
4.322000e-07 -6.881294e-10
4.324000e-07 -6.881294e-10
4.326000e-07 -6.881294e-10
4.328000e-07 -6.881294e-10
4.330000e-07 -6.881294e-10
4.332000e-07 -6.881294e-10
4.334000e-07 -6.881294e-10
4.336000e-07 -6.881294e-10
4.338000e-07 -6.881294e-10
4.340000e-07 -6.881294e-10
4.342000e-07 -6.881294e-10
4.344000e-07 -6.881294e-10
4.346000e-07 -6.881294e-10
4.348000e-07 -6.881294e-10
4.350000e-07 -6.881294e-10
4.352000e-07 -6.881294e-10
4.354000e-07 -6.881294e-10
4.356000e-07 -6.881294e-10
4.358000e-07 -6.881294e-10
4.360000e-07 -6.881294e-10
4.362000e-07 -6.881294e-10
4.364000e-07 -6.881294e-10
4.366000e-07 -6.881294e-10
4.368000e-07 -6.881294e-10
4.370000e-07 -6.881294e-10
4.372000e-07 -6.881294e-10
4.374000e-07 -6.881294e-10
4.376000e-07 -6.881294e-10
4.378000e-07 -6.881294e-10
4.380000e-07 -6.881294e-10
4.382000e-07 -6.881294e-10
4.384000e-07 -6.881294e-10
4.386000e-07 -6.881294e-10
4.388000e-07 -6.881294e-10
4.390000e-07 -6.881294e-10
4.392000e-07 -6.881294e-10
4.394000e-07 -6.881294e-10
4.396000e-07 -6.881294e-10
4.398000e-07 -6.881294e-10
4.400000e-07 -6.881294e-10
4.402000e-07 -6.881294e-10
4.404000e-07 -6.881294e-10
4.406000e-07 -6.881294e-10
4.408000e-07 -6.881294e-10
4.410000e-07 -6.881294e-10
4.412000e-07 -6.881294e-10
4.414000e-07 -6.881294e-10
4.416000e-07 -6.881294e-10
4.418000e-07 -6.881294e-10
4.420000e-07 -6.881294e-10
4.422000e-07 -6.881294e-10
4.424000e-07 -6.881294e-10
4.426000e-07 -6.881294e-10
4.428000e-07 -6.881294e-10
4.430000e-07 -6.881294e-10
4.432000e-07 -6.881294e-10
4.434000e-07 -6.881294e-10
4.436000e-07 -6.881294e-10
4.438000e-07 -6.881294e-10
4.440000e-07 -6.881294e-10
4.442000e-07 -6.881294e-10
4.444000e-07 -6.881294e-10
4.446000e-07 -6.881294e-10
4.448000e-07 -6.881294e-10
4.450000e-07 -6.881294e-10
4.452000e-07 -6.881294e-10
4.454000e-07 -6.881294e-10
4.456000e-07 -6.881294e-10
4.458000e-07 -6.881294e-10
4.460000e-07 -6.881294e-10
4.462000e-07 -6.881294e-10
4.464000e-07 -6.881294e-10
4.466000e-07 -6.881294e-10
4.468000e-07 -6.881294e-10
4.470000e-07 -6.881294e-10
4.472000e-07 -6.881294e-10
4.474000e-07 -6.881294e-10
4.476000e-07 -6.881294e-10
4.478000e-07 -6.881294e-10
4.480000e-07 -6.881294e-10
4.482000e-07 -6.881294e-10
4.484000e-07 -6.881294e-10
4.486000e-07 -6.881294e-10
4.488000e-07 -6.881294e-10
4.490000e-07 -6.881294e-10
4.492000e-07 -6.881294e-10
4.494000e-07 -6.881294e-10
4.496000e-07 -6.881294e-10
4.498000e-07 -6.881294e-10
4.500000e-07 -6.881294e-10
4.502000e-07 -6.881294e-10
4.504000e-07 -6.881294e-10
4.506000e-07 -6.881294e-10
4.508000e-07 -6.881294e-10
4.510000e-07 -6.881294e-10
4.512000e-07 -6.881294e-10
4.514000e-07 -6.881294e-10
4.516000e-07 -6.881294e-10
4.518000e-07 -6.881294e-10
4.520000e-07 -6.881294e-10
4.522000e-07 -6.881294e-10
4.524000e-07 -6.881294e-10
4.526000e-07 -6.881294e-10
4.528000e-07 -6.881294e-10
4.530000e-07 -6.881294e-10
4.532000e-07 -6.881294e-10
4.534000e-07 -6.881294e-10
4.536000e-07 -6.881294e-10
4.538000e-07 -6.881294e-10
4.540000e-07 -6.881294e-10
4.542000e-07 -6.881294e-10
4.544000e-07 -6.881294e-10
4.546000e-07 -6.881294e-10
4.548000e-07 -6.881294e-10
4.550000e-07 -6.881294e-10
4.552000e-07 -6.881294e-10
4.554000e-07 -6.881294e-10
4.556000e-07 -6.881294e-10
4.558000e-07 -6.881294e-10
4.560000e-07 -6.881294e-10
4.562000e-07 -6.881294e-10
4.564000e-07 -6.881294e-10
4.566000e-07 -6.881294e-10
4.568000e-07 -6.881294e-10
4.570000e-07 -6.881294e-10
4.572000e-07 -6.881294e-10
4.574000e-07 -6.881294e-10
4.576000e-07 -6.881294e-10
4.578000e-07 -6.881294e-10
4.580000e-07 -6.881294e-10
4.582000e-07 -6.881294e-10
4.584000e-07 -6.881294e-10
4.586000e-07 -6.881294e-10
4.588000e-07 -6.881294e-10
4.590000e-07 -6.881294e-10
4.592000e-07 -6.881294e-10
4.594000e-07 -6.881294e-10
4.596000e-07 -6.881294e-10
4.598000e-07 -6.881294e-10
4.600000e-07 -6.881294e-10
4.602000e-07 -6.881294e-10
4.604000e-07 -6.881294e-10
4.606000e-07 -6.881294e-10
4.608000e-07 -6.881294e-10
4.610000e-07 -6.881294e-10
4.612000e-07 -6.881294e-10
4.614000e-07 -6.881294e-10
4.616000e-07 -6.881294e-10
4.618000e-07 -6.881294e-10
4.620000e-07 -6.881294e-10
4.622000e-07 -6.881294e-10
4.624000e-07 -6.881294e-10
4.626000e-07 -6.881294e-10
4.628000e-07 -6.881294e-10
4.630000e-07 -6.881294e-10
4.632000e-07 -6.881294e-10
4.634000e-07 -6.881294e-10
4.636000e-07 -6.881294e-10
4.638000e-07 -6.881294e-10
4.640000e-07 -6.881294e-10
4.642000e-07 -6.881294e-10
4.644000e-07 -6.881294e-10
4.646000e-07 -6.881294e-10
4.648000e-07 -6.881294e-10
4.650000e-07 -6.881294e-10
4.652000e-07 -6.881294e-10
4.654000e-07 -6.881294e-10
4.656000e-07 -6.881294e-10
4.658000e-07 -6.881294e-10
4.660000e-07 -6.881294e-10
4.662000e-07 -6.881294e-10
4.664000e-07 -6.881294e-10
4.666000e-07 -6.881294e-10
4.668000e-07 -6.881294e-10
4.670000e-07 -6.881294e-10
4.672000e-07 -6.881294e-10
4.674000e-07 -6.881294e-10
4.676000e-07 -6.881294e-10
4.678000e-07 -6.881294e-10
4.680000e-07 -6.881294e-10
4.682000e-07 -6.881294e-10
4.684000e-07 -6.881294e-10
4.686000e-07 -6.881294e-10
4.688000e-07 -6.881294e-10
4.690000e-07 -6.881294e-10
4.692000e-07 -6.881294e-10
4.694000e-07 -6.881294e-10
4.696000e-07 -6.881294e-10
4.698000e-07 -6.881294e-10
4.700000e-07 -6.881294e-10
4.702000e-07 -6.881294e-10
4.704000e-07 -6.881294e-10
4.706000e-07 -6.881294e-10
4.708000e-07 -6.881294e-10
4.710000e-07 -6.881294e-10
4.712000e-07 -6.881294e-10
4.714000e-07 -6.881294e-10
4.716000e-07 -6.881294e-10
4.718000e-07 -6.881294e-10
4.720000e-07 -6.881294e-10
4.722000e-07 -6.881294e-10
4.724000e-07 -6.881294e-10
4.726000e-07 -6.881294e-10
4.728000e-07 -6.881294e-10
4.730000e-07 -6.881294e-10
4.732000e-07 -6.881294e-10
4.734000e-07 -6.881294e-10
4.736000e-07 -6.881294e-10
4.738000e-07 -6.881294e-10
4.740000e-07 -6.881294e-10
4.742000e-07 -6.881294e-10
4.744000e-07 -6.881294e-10
4.746000e-07 -6.881294e-10
4.748000e-07 -6.881294e-10
4.750000e-07 -6.881294e-10
4.752000e-07 -6.881294e-10
4.754000e-07 -6.881294e-10
4.756000e-07 -6.881294e-10
4.758000e-07 -6.881294e-10
4.760000e-07 -6.881294e-10
4.762000e-07 -6.881294e-10
4.764000e-07 -6.881294e-10
4.766000e-07 -6.881294e-10
4.768000e-07 -6.881294e-10
4.770000e-07 -6.881294e-10
4.772000e-07 -6.881294e-10
4.774000e-07 -6.881294e-10
4.776000e-07 -6.881294e-10
4.778000e-07 -6.881294e-10
4.780000e-07 -6.881294e-10
4.782000e-07 -6.881294e-10
4.784000e-07 -6.881294e-10
4.786000e-07 -6.881294e-10
4.788000e-07 -6.881294e-10
4.790000e-07 -6.881294e-10
4.792000e-07 -6.881294e-10
4.794000e-07 -6.881294e-10
4.796000e-07 -6.881294e-10
4.798000e-07 -6.881294e-10
4.800000e-07 -6.881294e-10
4.802000e-07 -6.881294e-10
4.804000e-07 -6.881294e-10
4.806000e-07 -6.881294e-10
4.808000e-07 -6.881294e-10
4.810000e-07 -6.881294e-10
4.812000e-07 -6.881294e-10
4.814000e-07 -6.881294e-10
4.816000e-07 -6.881294e-10
4.818000e-07 -6.881294e-10
4.820000e-07 -6.881294e-10
4.822000e-07 -6.881294e-10
4.824000e-07 -6.881294e-10
4.826000e-07 -6.881294e-10
4.828000e-07 -6.881294e-10
4.830000e-07 -6.881294e-10
4.832000e-07 -6.881294e-10
4.834000e-07 -6.881294e-10
4.836000e-07 -6.881294e-10
4.838000e-07 -6.881294e-10
4.840000e-07 -6.881294e-10
4.842000e-07 -6.881294e-10
4.844000e-07 -6.881294e-10
4.846000e-07 -6.881294e-10
4.848000e-07 -6.881294e-10
4.850000e-07 -6.881294e-10
4.852000e-07 -6.881294e-10
4.854000e-07 -6.881294e-10
4.856000e-07 -6.881294e-10
4.858000e-07 -6.881294e-10
4.860000e-07 -6.881294e-10
4.862000e-07 -6.881294e-10
4.864000e-07 -6.881294e-10
4.866000e-07 -6.881294e-10
4.868000e-07 -6.881294e-10
4.870000e-07 -6.881294e-10
4.872000e-07 -6.881294e-10
4.874000e-07 -6.881294e-10
4.876000e-07 -6.881294e-10
4.878000e-07 -6.881294e-10
4.880000e-07 -6.881294e-10
4.882000e-07 -6.881294e-10
4.884000e-07 -6.881294e-10
4.886000e-07 -6.881294e-10
4.888000e-07 -6.881294e-10
4.890000e-07 -6.881294e-10
4.892000e-07 -6.881294e-10
4.894000e-07 -6.881294e-10
4.896000e-07 -6.881294e-10
4.898000e-07 -6.881294e-10
4.900000e-07 -6.881294e-10
4.902000e-07 -6.881294e-10
4.904000e-07 -6.881294e-10
4.906000e-07 -6.881294e-10
4.908000e-07 -6.881294e-10
4.910000e-07 -6.881294e-10
4.912000e-07 -6.881294e-10
4.914000e-07 -6.881294e-10
4.916000e-07 -6.881294e-10
4.918000e-07 -6.881294e-10
4.920000e-07 -6.881294e-10
4.922000e-07 -6.881294e-10
4.924000e-07 -6.881294e-10
4.926000e-07 -6.881294e-10
4.928000e-07 -6.881294e-10
4.930000e-07 -6.881294e-10
4.932000e-07 -6.881294e-10
4.934000e-07 -6.881294e-10
4.936000e-07 -6.881294e-10
4.938000e-07 -6.881294e-10
4.940000e-07 -6.881294e-10
4.942000e-07 -6.881294e-10
4.944000e-07 -6.881294e-10
4.946000e-07 -6.881294e-10
4.948000e-07 -6.881294e-10
4.950000e-07 -6.881294e-10
4.952000e-07 -6.881294e-10
4.954000e-07 -6.881294e-10
4.956000e-07 -6.881294e-10
4.958000e-07 -6.881294e-10
4.960000e-07 -6.881294e-10
4.962000e-07 -6.881294e-10
4.964000e-07 -6.881294e-10
4.966000e-07 -6.881294e-10
4.968000e-07 -6.881294e-10
4.970000e-07 -6.881294e-10
4.972000e-07 -6.881294e-10
4.974000e-07 -6.881294e-10
4.976000e-07 -6.881294e-10
4.978000e-07 -6.881294e-10
4.980000e-07 1.083804e-08
4.982000e-07 1.083804e-08
4.984000e-07 3.354631e-08
4.986000e-07 4.490044e-08
4.988000e-07 6.760871e-08
4.990000e-07 7.913488e-08
4.992000e-07 7.913488e-08
4.994000e-07 7.913488e-08
4.996000e-07 9.048901e-08
4.998000e-07 1.018431e-07
5.000000e-07 1.247234e-07
5.002000e-07 1.359055e-07
5.004000e-07 1.474317e-07
5.006000e-07 1.701400e-07
5.008000e-07 1.814941e-07
5.010000e-07 1.930203e-07
5.012000e-07 1.930203e-07
5.014000e-07 2.157286e-07
5.016000e-07 2.270827e-07
5.018000e-07 2.384368e-07
5.020000e-07 2.384368e-07
5.022000e-07 2.384368e-07
5.024000e-07 2.497910e-07
5.026000e-07 2.384368e-07
5.028000e-07 2.270827e-07
5.030000e-07 2.157286e-07
5.032000e-07 2.042024e-07
5.034000e-07 2.042024e-07
5.036000e-07 2.042024e-07
5.038000e-07 2.042024e-07
5.040000e-07 2.157286e-07
5.042000e-07 2.270827e-07
5.044000e-07 2.270827e-07
5.046000e-07 2.497910e-07
5.048000e-07 2.724992e-07
5.050000e-07 2.724992e-07
5.052000e-07 2.840254e-07
5.054000e-07 2.840254e-07
5.056000e-07 2.724992e-07
5.058000e-07 2.724992e-07
5.060000e-07 2.613171e-07
5.062000e-07 2.497910e-07
5.064000e-07 2.384368e-07
5.066000e-07 2.384368e-07
5.068000e-07 2.270827e-07
5.070000e-07 2.270827e-07
5.072000e-07 2.384368e-07
5.074000e-07 2.384368e-07
5.076000e-07 2.497910e-07
5.078000e-07 2.384368e-07
5.080000e-07 2.157286e-07
5.082000e-07 1.814941e-07
5.084000e-07 1.359055e-07
5.086000e-07 7.913488e-08
5.088000e-07 7.913488e-08
