0.000000e+00 2.759640e-05
2.000000e-10 8.505249e-05
4.000000e-10 2.393790e-04
6.000000e-10 6.801698e-04
8.000000e-10 1.974751e-03
1.000000e-09 5.792152e-03
1.200000e-09 1.710333e-02
1.400000e-09 3.578395e-02
1.600000e-09 6.709361e-02
1.800000e-09 1.167539e-01
2.000000e-09 1.890487e-01
2.200000e-09 2.829187e-01
2.400000e-09 3.864993e-01
2.600000e-09 4.724864e-01
2.800000e-09 4.992290e-01
3.000000e-09 4.225461e-01
3.200000e-09 2.200604e-01
3.400000e-09 1.099639e-01
3.600000e-09 5.292211e-02
3.800000e-09 2.459400e-02
4.000000e-09 1.105158e-02
4.200000e-09 4.792037e-03
4.400000e-09 1.965209e-03
4.600000e-09 6.583325e-04
4.800000e-09 0.000000e+00
5.000000e-09 0.000000e+00
5.200000e-09 0.000000e+00
5.400000e-09 0.000000e+00
5.600000e-09 0.000000e+00
5.800000e-09 0.000000e+00
6.000000e-09 0.000000e+00
6.200000e-09 0.000000e+00
6.400000e-09 0.000000e+00
6.600000e-09 0.000000e+00
6.800000e-09 0.000000e+00
7.000000e-09 0.000000e+00
7.200000e-09 0.000000e+00
7.400000e-09 0.000000e+00
7.600000e-09 0.000000e+00
7.800000e-09 0.000000e+00
8.000000e-09 0.000000e+00
8.200000e-09 0.000000e+00
8.400000e-09 0.000000e+00
8.600000e-09 0.000000e+00
8.800000e-09 0.000000e+00
9.000000e-09 0.000000e+00
9.200000e-09 0.000000e+00
9.400000e-09 0.000000e+00
9.600000e-09 0.000000e+00
9.800000e-09 0.000000e+00
1.000000e-08 0.000000e+00
1.020000e-08 0.000000e+00
1.040000e-08 0.000000e+00
1.060000e-08 0.000000e+00
1.080000e-08 0.000000e+00
1.100000e-08 0.000000e+00
1.120000e-08 0.000000e+00
1.140000e-08 0.000000e+00
1.160000e-08 0.000000e+00
1.180000e-08 0.000000e+00
1.200000e-08 0.000000e+00
1.220000e-08 0.000000e+00
1.240000e-08 0.000000e+00
1.260000e-08 0.000000e+00
1.280000e-08 0.000000e+00
1.300000e-08 0.000000e+00
1.320000e-08 0.000000e+00
1.340000e-08 0.000000e+00
1.360000e-08 0.000000e+00
1.380000e-08 0.000000e+00
1.400000e-08 0.000000e+00
1.420000e-08 0.000000e+00
1.440000e-08 0.000000e+00
1.460000e-08 0.000000e+00
1.480000e-08 0.000000e+00
1.500000e-08 0.000000e+00
1.520000e-08 0.000000e+00
1.540000e-08 0.000000e+00
1.560000e-08 0.000000e+00
1.580000e-08 0.000000e+00
1.600000e-08 0.000000e+00
1.620000e-08 0.000000e+00
1.640000e-08 0.000000e+00
1.660000e-08 0.000000e+00
1.680000e-08 0.000000e+00
1.700000e-08 0.000000e+00
1.720000e-08 0.000000e+00
1.740000e-08 0.000000e+00
1.760000e-08 0.000000e+00
1.780000e-08 0.000000e+00
1.800000e-08 0.000000e+00
1.820000e-08 0.000000e+00
1.840000e-08 0.000000e+00
1.860000e-08 0.000000e+00
1.880000e-08 0.000000e+00
1.900000e-08 0.000000e+00
1.920000e-08 0.000000e+00
1.940000e-08 0.000000e+00
1.960000e-08 0.000000e+00
1.980000e-08 0.000000e+00
2.000000e-08 0.000000e+00
2.020000e-08 0.000000e+00
2.040000e-08 0.000000e+00
2.060000e-08 0.000000e+00
2.080000e-08 0.000000e+00
2.100000e-08 0.000000e+00
2.120000e-08 0.000000e+00
2.140000e-08 0.000000e+00
2.160000e-08 0.000000e+00
2.180000e-08 0.000000e+00
2.200000e-08 0.000000e+00
2.220000e-08 0.000000e+00
2.240000e-08 0.000000e+00
2.260000e-08 0.000000e+00
2.280000e-08 0.000000e+00
2.300000e-08 0.000000e+00
2.320000e-08 0.000000e+00
2.340000e-08 0.000000e+00
2.360000e-08 0.000000e+00
2.380000e-08 0.000000e+00
2.400000e-08 0.000000e+00
2.420000e-08 0.000000e+00
2.440000e-08 0.000000e+00
2.460000e-08 0.000000e+00
2.480000e-08 0.000000e+00
2.500000e-08 0.000000e+00
2.520000e-08 0.000000e+00
2.540000e-08 0.000000e+00
2.560000e-08 0.000000e+00
2.580000e-08 0.000000e+00
2.600000e-08 0.000000e+00
2.620000e-08 0.000000e+00
2.640000e-08 0.000000e+00
2.660000e-08 0.000000e+00
2.680000e-08 0.000000e+00
2.700000e-08 0.000000e+00
2.720000e-08 0.000000e+00
2.740000e-08 0.000000e+00
2.760000e-08 0.000000e+00
2.780000e-08 0.000000e+00
2.800000e-08 0.000000e+00
2.820000e-08 0.000000e+00
2.840000e-08 0.000000e+00
2.860000e-08 0.000000e+00
2.880000e-08 0.000000e+00
2.900000e-08 0.000000e+00
2.920000e-08 0.000000e+00
2.940000e-08 0.000000e+00
2.960000e-08 0.000000e+00
2.980000e-08 0.000000e+00
3.000000e-08 0.000000e+00
3.020000e-08 0.000000e+00
3.040000e-08 0.000000e+00
3.060000e-08 0.000000e+00
3.080000e-08 0.000000e+00
3.100000e-08 0.000000e+00
3.120000e-08 0.000000e+00
3.140000e-08 0.000000e+00
3.160000e-08 0.000000e+00
3.180000e-08 0.000000e+00
3.200000e-08 0.000000e+00
3.220000e-08 0.000000e+00
3.240000e-08 0.000000e+00
3.260000e-08 0.000000e+00
3.280000e-08 0.000000e+00
3.300000e-08 0.000000e+00
3.320000e-08 0.000000e+00
3.340000e-08 0.000000e+00
3.360000e-08 0.000000e+00
3.380000e-08 0.000000e+00
3.400000e-08 0.000000e+00
3.420000e-08 0.000000e+00
3.440000e-08 0.000000e+00
3.460000e-08 0.000000e+00
3.480000e-08 0.000000e+00
3.500000e-08 0.000000e+00
3.520000e-08 0.000000e+00
3.540000e-08 0.000000e+00
3.560000e-08 0.000000e+00
3.580000e-08 0.000000e+00
3.600000e-08 0.000000e+00
3.620000e-08 0.000000e+00
3.640000e-08 0.000000e+00
3.660000e-08 0.000000e+00
3.680000e-08 0.000000e+00
3.700000e-08 0.000000e+00
3.720000e-08 0.000000e+00
3.740000e-08 0.000000e+00
3.760000e-08 0.000000e+00
3.780000e-08 0.000000e+00
3.800000e-08 0.000000e+00
3.820000e-08 0.000000e+00
3.840000e-08 0.000000e+00
3.860000e-08 0.000000e+00
3.880000e-08 0.000000e+00
3.900000e-08 0.000000e+00
3.920000e-08 0.000000e+00
3.940000e-08 0.000000e+00
3.960000e-08 0.000000e+00
3.980000e-08 0.000000e+00
4.000000e-08 0.000000e+00
4.020000e-08 0.000000e+00
4.040000e-08 0.000000e+00
4.060000e-08 0.000000e+00
4.080000e-08 0.000000e+00
4.100000e-08 0.000000e+00
4.120000e-08 0.000000e+00
4.140000e-08 0.000000e+00
4.160000e-08 0.000000e+00
4.180000e-08 0.000000e+00
4.200000e-08 0.000000e+00
4.220000e-08 0.000000e+00
4.240000e-08 0.000000e+00
4.260000e-08 0.000000e+00
4.280000e-08 0.000000e+00
4.300000e-08 0.000000e+00
4.320000e-08 0.000000e+00
4.340000e-08 0.000000e+00
4.360000e-08 0.000000e+00
4.380000e-08 0.000000e+00
4.400000e-08 0.000000e+00
4.420000e-08 0.000000e+00
4.440000e-08 0.000000e+00
4.460000e-08 0.000000e+00
4.480000e-08 0.000000e+00
4.500000e-08 0.000000e+00
4.520000e-08 0.000000e+00
4.540000e-08 0.000000e+00
4.560000e-08 0.000000e+00
4.580000e-08 0.000000e+00
4.600000e-08 0.000000e+00
4.620000e-08 0.000000e+00
4.640000e-08 0.000000e+00
4.660000e-08 0.000000e+00
4.680000e-08 0.000000e+00
4.700000e-08 0.000000e+00
4.720000e-08 0.000000e+00
4.740000e-08 0.000000e+00
4.760000e-08 0.000000e+00
4.780000e-08 0.000000e+00
4.800000e-08 0.000000e+00
4.820000e-08 0.000000e+00
4.840000e-08 0.000000e+00
4.860000e-08 0.000000e+00
4.880000e-08 0.000000e+00
4.900000e-08 0.000000e+00
4.920000e-08 0.000000e+00
4.940000e-08 0.000000e+00
4.960000e-08 0.000000e+00
4.980000e-08 0.000000e+00
5.000000e-08 0.000000e+00
5.020000e-08 0.000000e+00
5.040000e-08 0.000000e+00
5.060000e-08 0.000000e+00
5.080000e-08 0.000000e+00
5.100000e-08 0.000000e+00
5.120000e-08 0.000000e+00
5.140000e-08 0.000000e+00
5.160000e-08 0.000000e+00
5.180000e-08 0.000000e+00
5.200000e-08 0.000000e+00
5.220000e-08 0.000000e+00
5.240000e-08 0.000000e+00
5.260000e-08 0.000000e+00
5.280000e-08 0.000000e+00
5.300000e-08 0.000000e+00
5.320000e-08 0.000000e+00
5.340000e-08 0.000000e+00
5.360000e-08 0.000000e+00
5.380000e-08 0.000000e+00
5.400000e-08 0.000000e+00
5.420000e-08 0.000000e+00
5.440000e-08 0.000000e+00
5.460000e-08 0.000000e+00
5.480000e-08 0.000000e+00
5.500000e-08 0.000000e+00
5.520000e-08 0.000000e+00
5.540000e-08 0.000000e+00
5.560000e-08 0.000000e+00
5.580000e-08 0.000000e+00
5.600000e-08 0.000000e+00
5.620000e-08 0.000000e+00
5.640000e-08 0.000000e+00
5.660000e-08 0.000000e+00
5.680000e-08 0.000000e+00
5.700000e-08 0.000000e+00
5.720000e-08 0.000000e+00
5.740000e-08 0.000000e+00
5.760000e-08 0.000000e+00
5.780000e-08 0.000000e+00
5.800000e-08 0.000000e+00
5.820000e-08 0.000000e+00
5.840000e-08 0.000000e+00
5.860000e-08 0.000000e+00
5.880000e-08 0.000000e+00
5.900000e-08 0.000000e+00
5.920000e-08 0.000000e+00
5.940000e-08 0.000000e+00
5.960000e-08 0.000000e+00
5.980000e-08 0.000000e+00
6.000000e-08 0.000000e+00
6.020000e-08 0.000000e+00
6.040000e-08 0.000000e+00
6.060000e-08 0.000000e+00
6.080000e-08 0.000000e+00
6.100000e-08 0.000000e+00
6.120000e-08 0.000000e+00
6.140000e-08 0.000000e+00
6.160000e-08 0.000000e+00
6.180000e-08 0.000000e+00
6.200000e-08 0.000000e+00
6.220000e-08 0.000000e+00
6.240000e-08 0.000000e+00
6.260000e-08 0.000000e+00
6.280000e-08 0.000000e+00
6.300000e-08 0.000000e+00
6.320000e-08 0.000000e+00
6.340000e-08 0.000000e+00
6.360000e-08 0.000000e+00
6.380000e-08 0.000000e+00
6.400000e-08 0.000000e+00
6.420000e-08 0.000000e+00
6.440000e-08 0.000000e+00
6.460000e-08 0.000000e+00
6.480000e-08 0.000000e+00
6.500000e-08 0.000000e+00
6.520000e-08 0.000000e+00
6.540000e-08 0.000000e+00
6.560000e-08 0.000000e+00
6.580000e-08 0.000000e+00
6.600000e-08 0.000000e+00
6.620000e-08 0.000000e+00
6.640000e-08 0.000000e+00
6.660000e-08 0.000000e+00
6.680000e-08 0.000000e+00
6.700000e-08 0.000000e+00
6.720000e-08 0.000000e+00
6.740000e-08 0.000000e+00
6.760000e-08 0.000000e+00
6.780000e-08 0.000000e+00
6.800000e-08 0.000000e+00
6.820000e-08 0.000000e+00
6.840000e-08 0.000000e+00
6.860000e-08 0.000000e+00
6.880000e-08 0.000000e+00
6.900000e-08 0.000000e+00
6.920000e-08 0.000000e+00
6.940000e-08 0.000000e+00
6.960000e-08 0.000000e+00
6.980000e-08 0.000000e+00
7.000000e-08 0.000000e+00
7.020000e-08 0.000000e+00
7.040000e-08 0.000000e+00
7.060000e-08 0.000000e+00
7.080000e-08 0.000000e+00
7.100000e-08 0.000000e+00
7.120000e-08 0.000000e+00
7.140000e-08 0.000000e+00
7.160000e-08 0.000000e+00
7.180000e-08 0.000000e+00
7.200000e-08 0.000000e+00
7.220000e-08 0.000000e+00
7.240000e-08 0.000000e+00
7.260000e-08 0.000000e+00
7.280000e-08 0.000000e+00
7.300000e-08 0.000000e+00
7.320000e-08 0.000000e+00
7.340000e-08 0.000000e+00
7.360000e-08 0.000000e+00
7.380000e-08 0.000000e+00
7.400000e-08 0.000000e+00
7.420000e-08 0.000000e+00
7.440000e-08 0.000000e+00
7.460000e-08 0.000000e+00
7.480000e-08 0.000000e+00
7.500000e-08 0.000000e+00
7.520000e-08 0.000000e+00
7.540000e-08 0.000000e+00
7.560000e-08 0.000000e+00
7.580000e-08 0.000000e+00
7.600000e-08 0.000000e+00
7.620000e-08 0.000000e+00
7.640000e-08 0.000000e+00
7.660000e-08 0.000000e+00
7.680000e-08 0.000000e+00
7.700000e-08 0.000000e+00
7.720000e-08 0.000000e+00
7.740000e-08 0.000000e+00
7.760000e-08 0.000000e+00
7.780000e-08 0.000000e+00
7.800000e-08 0.000000e+00
7.820000e-08 0.000000e+00
7.840000e-08 0.000000e+00
7.860000e-08 0.000000e+00
7.880000e-08 0.000000e+00
7.900000e-08 0.000000e+00
7.920000e-08 0.000000e+00
7.940000e-08 0.000000e+00
7.960000e-08 0.000000e+00
7.980000e-08 0.000000e+00
8.000000e-08 0.000000e+00
8.020000e-08 0.000000e+00
8.040000e-08 0.000000e+00
8.060000e-08 0.000000e+00
8.080000e-08 0.000000e+00
8.100000e-08 0.000000e+00
8.120000e-08 0.000000e+00
8.140000e-08 0.000000e+00
8.160000e-08 0.000000e+00
8.180000e-08 0.000000e+00
8.200000e-08 0.000000e+00
8.220000e-08 0.000000e+00
8.240000e-08 0.000000e+00
8.260000e-08 0.000000e+00
8.280000e-08 0.000000e+00
8.300000e-08 0.000000e+00
8.320000e-08 0.000000e+00
8.340000e-08 0.000000e+00
8.360000e-08 0.000000e+00
8.380000e-08 0.000000e+00
8.400000e-08 0.000000e+00
8.420000e-08 0.000000e+00
8.440000e-08 0.000000e+00
8.460000e-08 0.000000e+00
8.480000e-08 0.000000e+00
8.500000e-08 0.000000e+00
8.520000e-08 0.000000e+00
8.540000e-08 0.000000e+00
8.560000e-08 0.000000e+00
8.580000e-08 0.000000e+00
8.600000e-08 0.000000e+00
8.620000e-08 0.000000e+00
8.640000e-08 0.000000e+00
8.660000e-08 0.000000e+00
8.680000e-08 0.000000e+00
8.700000e-08 0.000000e+00
8.720000e-08 0.000000e+00
8.740000e-08 0.000000e+00
8.760000e-08 0.000000e+00
8.780000e-08 0.000000e+00
8.800000e-08 0.000000e+00
8.820000e-08 0.000000e+00
8.840000e-08 0.000000e+00
8.860000e-08 0.000000e+00
8.880000e-08 0.000000e+00
8.900000e-08 0.000000e+00
8.920000e-08 0.000000e+00
8.940000e-08 0.000000e+00
8.960000e-08 0.000000e+00
8.980000e-08 0.000000e+00
9.000000e-08 0.000000e+00
9.020000e-08 0.000000e+00
9.040000e-08 0.000000e+00
9.060000e-08 0.000000e+00
9.080000e-08 0.000000e+00
9.100000e-08 0.000000e+00
9.120000e-08 0.000000e+00
9.140000e-08 0.000000e+00
9.160000e-08 0.000000e+00
9.180000e-08 0.000000e+00
9.200000e-08 0.000000e+00
9.220000e-08 0.000000e+00
9.240000e-08 0.000000e+00
9.260000e-08 0.000000e+00
9.280000e-08 0.000000e+00
9.300000e-08 0.000000e+00
9.320000e-08 0.000000e+00
9.340000e-08 0.000000e+00
9.360000e-08 0.000000e+00
9.380000e-08 0.000000e+00
9.400000e-08 0.000000e+00
9.420000e-08 0.000000e+00
9.440000e-08 0.000000e+00
9.460000e-08 0.000000e+00
9.480000e-08 0.000000e+00
9.500000e-08 0.000000e+00
9.520000e-08 0.000000e+00
9.540000e-08 0.000000e+00
9.560000e-08 0.000000e+00
9.580000e-08 0.000000e+00
9.600000e-08 0.000000e+00
9.620000e-08 0.000000e+00
9.640000e-08 0.000000e+00
9.660000e-08 0.000000e+00
9.680000e-08 0.000000e+00
9.700000e-08 0.000000e+00
9.720000e-08 0.000000e+00
9.740000e-08 0.000000e+00
9.760000e-08 0.000000e+00
9.780000e-08 0.000000e+00
9.800000e-08 0.000000e+00
9.820000e-08 0.000000e+00
9.840000e-08 0.000000e+00
9.860000e-08 0.000000e+00
9.880000e-08 0.000000e+00
9.900000e-08 0.000000e+00
9.920000e-08 0.000000e+00
9.940000e-08 0.000000e+00
9.960000e-08 0.000000e+00
9.980000e-08 0.000000e+00
1.000000e-07 0.000000e+00
1.002000e-07 0.000000e+00
1.004000e-07 0.000000e+00
1.006000e-07 0.000000e+00
1.008000e-07 0.000000e+00
1.010000e-07 0.000000e+00
1.012000e-07 0.000000e+00
1.014000e-07 0.000000e+00
1.016000e-07 0.000000e+00
1.018000e-07 0.000000e+00
1.020000e-07 0.000000e+00
1.022000e-07 0.000000e+00
1.024000e-07 0.000000e+00
1.026000e-07 0.000000e+00
1.028000e-07 0.000000e+00
1.030000e-07 0.000000e+00
1.032000e-07 0.000000e+00
1.034000e-07 0.000000e+00
1.036000e-07 0.000000e+00
1.038000e-07 0.000000e+00
1.040000e-07 0.000000e+00
1.042000e-07 0.000000e+00
1.044000e-07 0.000000e+00
1.046000e-07 0.000000e+00
1.048000e-07 0.000000e+00
1.050000e-07 0.000000e+00
1.052000e-07 0.000000e+00
1.054000e-07 0.000000e+00
1.056000e-07 0.000000e+00
1.058000e-07 0.000000e+00
1.060000e-07 0.000000e+00
1.062000e-07 0.000000e+00
1.064000e-07 0.000000e+00
1.066000e-07 0.000000e+00
1.068000e-07 0.000000e+00
1.070000e-07 0.000000e+00
1.072000e-07 0.000000e+00
1.074000e-07 0.000000e+00
1.076000e-07 0.000000e+00
1.078000e-07 0.000000e+00
1.080000e-07 0.000000e+00
1.082000e-07 0.000000e+00
1.084000e-07 0.000000e+00
1.086000e-07 0.000000e+00
1.088000e-07 0.000000e+00
1.090000e-07 0.000000e+00
1.092000e-07 0.000000e+00
1.094000e-07 0.000000e+00
1.096000e-07 0.000000e+00
1.098000e-07 0.000000e+00
1.100000e-07 0.000000e+00
1.102000e-07 0.000000e+00
1.104000e-07 0.000000e+00
1.106000e-07 0.000000e+00
1.108000e-07 0.000000e+00
1.110000e-07 0.000000e+00
1.112000e-07 0.000000e+00
1.114000e-07 0.000000e+00
1.116000e-07 0.000000e+00
1.118000e-07 0.000000e+00
1.120000e-07 0.000000e+00
1.122000e-07 0.000000e+00
1.124000e-07 0.000000e+00
1.126000e-07 0.000000e+00
1.128000e-07 0.000000e+00
1.130000e-07 0.000000e+00
1.132000e-07 0.000000e+00
1.134000e-07 0.000000e+00
1.136000e-07 0.000000e+00
1.138000e-07 0.000000e+00
1.140000e-07 0.000000e+00
1.142000e-07 0.000000e+00
1.144000e-07 0.000000e+00
1.146000e-07 0.000000e+00
1.148000e-07 0.000000e+00
1.150000e-07 0.000000e+00
1.152000e-07 0.000000e+00
1.154000e-07 0.000000e+00
1.156000e-07 0.000000e+00
1.158000e-07 0.000000e+00
1.160000e-07 0.000000e+00
1.162000e-07 0.000000e+00
1.164000e-07 0.000000e+00
1.166000e-07 0.000000e+00
1.168000e-07 0.000000e+00
1.170000e-07 0.000000e+00
1.172000e-07 0.000000e+00
1.174000e-07 0.000000e+00
1.176000e-07 0.000000e+00
1.178000e-07 0.000000e+00
1.180000e-07 0.000000e+00
1.182000e-07 0.000000e+00
1.184000e-07 0.000000e+00
1.186000e-07 0.000000e+00
1.188000e-07 0.000000e+00
1.190000e-07 0.000000e+00
1.192000e-07 0.000000e+00
1.194000e-07 0.000000e+00
1.196000e-07 0.000000e+00
1.198000e-07 0.000000e+00
1.200000e-07 0.000000e+00
1.202000e-07 0.000000e+00
1.204000e-07 0.000000e+00
1.206000e-07 0.000000e+00
1.208000e-07 0.000000e+00
1.210000e-07 0.000000e+00
1.212000e-07 0.000000e+00
1.214000e-07 0.000000e+00
1.216000e-07 0.000000e+00
1.218000e-07 0.000000e+00
1.220000e-07 0.000000e+00
1.222000e-07 0.000000e+00
1.224000e-07 0.000000e+00
1.226000e-07 0.000000e+00
1.228000e-07 0.000000e+00
1.230000e-07 0.000000e+00
1.232000e-07 0.000000e+00
1.234000e-07 0.000000e+00
1.236000e-07 0.000000e+00
1.238000e-07 0.000000e+00
1.240000e-07 0.000000e+00
1.242000e-07 0.000000e+00
1.244000e-07 0.000000e+00
1.246000e-07 0.000000e+00
1.248000e-07 0.000000e+00
1.250000e-07 0.000000e+00
1.252000e-07 0.000000e+00
1.254000e-07 0.000000e+00
1.256000e-07 0.000000e+00
1.258000e-07 0.000000e+00
1.260000e-07 0.000000e+00
1.262000e-07 0.000000e+00
1.264000e-07 0.000000e+00
1.266000e-07 0.000000e+00
1.268000e-07 0.000000e+00
1.270000e-07 0.000000e+00
1.272000e-07 0.000000e+00
1.274000e-07 0.000000e+00
1.276000e-07 0.000000e+00
1.278000e-07 0.000000e+00
1.280000e-07 0.000000e+00
1.282000e-07 0.000000e+00
1.284000e-07 0.000000e+00
1.286000e-07 0.000000e+00
1.288000e-07 0.000000e+00
1.290000e-07 0.000000e+00
1.292000e-07 0.000000e+00
1.294000e-07 0.000000e+00
1.296000e-07 0.000000e+00
1.298000e-07 0.000000e+00
1.300000e-07 0.000000e+00
1.302000e-07 0.000000e+00
1.304000e-07 0.000000e+00
1.306000e-07 0.000000e+00
1.308000e-07 0.000000e+00
1.310000e-07 0.000000e+00
1.312000e-07 0.000000e+00
1.314000e-07 0.000000e+00
1.316000e-07 0.000000e+00
1.318000e-07 0.000000e+00
1.320000e-07 0.000000e+00
1.322000e-07 0.000000e+00
1.324000e-07 0.000000e+00
1.326000e-07 0.000000e+00
1.328000e-07 0.000000e+00
1.330000e-07 0.000000e+00
1.332000e-07 0.000000e+00
1.334000e-07 0.000000e+00
1.336000e-07 0.000000e+00
1.338000e-07 0.000000e+00
1.340000e-07 0.000000e+00
1.342000e-07 0.000000e+00
1.344000e-07 0.000000e+00
1.346000e-07 0.000000e+00
1.348000e-07 0.000000e+00
1.350000e-07 0.000000e+00
1.352000e-07 0.000000e+00
1.354000e-07 0.000000e+00
1.356000e-07 0.000000e+00
1.358000e-07 0.000000e+00
1.360000e-07 0.000000e+00
1.362000e-07 0.000000e+00
1.364000e-07 0.000000e+00
1.366000e-07 0.000000e+00
1.368000e-07 0.000000e+00
1.370000e-07 0.000000e+00
1.372000e-07 0.000000e+00
1.374000e-07 0.000000e+00
1.376000e-07 0.000000e+00
1.378000e-07 0.000000e+00
1.380000e-07 0.000000e+00
1.382000e-07 0.000000e+00
1.384000e-07 0.000000e+00
1.386000e-07 0.000000e+00
1.388000e-07 0.000000e+00
1.390000e-07 0.000000e+00
1.392000e-07 0.000000e+00
1.394000e-07 0.000000e+00
1.396000e-07 0.000000e+00
1.398000e-07 0.000000e+00
1.400000e-07 0.000000e+00
1.402000e-07 0.000000e+00
1.404000e-07 0.000000e+00
1.406000e-07 0.000000e+00
1.408000e-07 0.000000e+00
1.410000e-07 0.000000e+00
1.412000e-07 0.000000e+00
1.414000e-07 0.000000e+00
1.416000e-07 0.000000e+00
1.418000e-07 0.000000e+00
1.420000e-07 0.000000e+00
1.422000e-07 0.000000e+00
1.424000e-07 0.000000e+00
1.426000e-07 0.000000e+00
1.428000e-07 0.000000e+00
1.430000e-07 0.000000e+00
1.432000e-07 0.000000e+00
1.434000e-07 0.000000e+00
1.436000e-07 0.000000e+00
1.438000e-07 0.000000e+00
1.440000e-07 0.000000e+00
1.442000e-07 0.000000e+00
1.444000e-07 0.000000e+00
1.446000e-07 0.000000e+00
1.448000e-07 0.000000e+00
1.450000e-07 0.000000e+00
1.452000e-07 0.000000e+00
1.454000e-07 0.000000e+00
1.456000e-07 0.000000e+00
1.458000e-07 0.000000e+00
1.460000e-07 0.000000e+00
1.462000e-07 0.000000e+00
1.464000e-07 0.000000e+00
1.466000e-07 0.000000e+00
1.468000e-07 0.000000e+00
1.470000e-07 0.000000e+00
1.472000e-07 0.000000e+00
1.474000e-07 0.000000e+00
1.476000e-07 0.000000e+00
1.478000e-07 0.000000e+00
1.480000e-07 0.000000e+00
1.482000e-07 0.000000e+00
1.484000e-07 0.000000e+00
1.486000e-07 0.000000e+00
1.488000e-07 0.000000e+00
1.490000e-07 0.000000e+00
1.492000e-07 0.000000e+00
1.494000e-07 0.000000e+00
1.496000e-07 0.000000e+00
1.498000e-07 0.000000e+00
1.500000e-07 0.000000e+00
1.502000e-07 0.000000e+00
1.504000e-07 0.000000e+00
1.506000e-07 0.000000e+00
1.508000e-07 0.000000e+00
1.510000e-07 0.000000e+00
1.512000e-07 0.000000e+00
1.514000e-07 0.000000e+00
1.516000e-07 0.000000e+00
1.518000e-07 0.000000e+00
1.520000e-07 0.000000e+00
1.522000e-07 0.000000e+00
1.524000e-07 0.000000e+00
1.526000e-07 0.000000e+00
1.528000e-07 0.000000e+00
1.530000e-07 0.000000e+00
1.532000e-07 0.000000e+00
1.534000e-07 0.000000e+00
1.536000e-07 0.000000e+00
1.538000e-07 0.000000e+00
1.540000e-07 0.000000e+00
1.542000e-07 0.000000e+00
1.544000e-07 0.000000e+00
1.546000e-07 0.000000e+00
1.548000e-07 0.000000e+00
1.550000e-07 0.000000e+00
1.552000e-07 0.000000e+00
1.554000e-07 0.000000e+00
1.556000e-07 0.000000e+00
1.558000e-07 0.000000e+00
1.560000e-07 0.000000e+00
1.562000e-07 0.000000e+00
1.564000e-07 0.000000e+00
1.566000e-07 0.000000e+00
1.568000e-07 0.000000e+00
1.570000e-07 0.000000e+00
1.572000e-07 0.000000e+00
1.574000e-07 0.000000e+00
1.576000e-07 0.000000e+00
1.578000e-07 0.000000e+00
1.580000e-07 0.000000e+00
1.582000e-07 0.000000e+00
1.584000e-07 0.000000e+00
1.586000e-07 0.000000e+00
1.588000e-07 0.000000e+00
1.590000e-07 0.000000e+00
1.592000e-07 0.000000e+00
1.594000e-07 0.000000e+00
1.596000e-07 0.000000e+00
1.598000e-07 0.000000e+00
1.600000e-07 0.000000e+00
1.602000e-07 0.000000e+00
1.604000e-07 0.000000e+00
1.606000e-07 0.000000e+00
1.608000e-07 0.000000e+00
1.610000e-07 0.000000e+00
1.612000e-07 0.000000e+00
1.614000e-07 0.000000e+00
1.616000e-07 0.000000e+00
1.618000e-07 0.000000e+00
1.620000e-07 0.000000e+00
1.622000e-07 0.000000e+00
1.624000e-07 0.000000e+00
1.626000e-07 0.000000e+00
1.628000e-07 0.000000e+00
1.630000e-07 0.000000e+00
1.632000e-07 0.000000e+00
1.634000e-07 0.000000e+00
1.636000e-07 0.000000e+00
1.638000e-07 0.000000e+00
1.640000e-07 0.000000e+00
1.642000e-07 0.000000e+00
1.644000e-07 0.000000e+00
1.646000e-07 0.000000e+00
1.648000e-07 0.000000e+00
1.650000e-07 0.000000e+00
1.652000e-07 0.000000e+00
1.654000e-07 0.000000e+00
1.656000e-07 0.000000e+00
1.658000e-07 0.000000e+00
1.660000e-07 0.000000e+00
1.662000e-07 0.000000e+00
1.664000e-07 0.000000e+00
1.666000e-07 0.000000e+00
1.668000e-07 0.000000e+00
1.670000e-07 0.000000e+00
1.672000e-07 0.000000e+00
1.674000e-07 0.000000e+00
1.676000e-07 0.000000e+00
1.678000e-07 0.000000e+00
1.680000e-07 0.000000e+00
1.682000e-07 0.000000e+00
1.684000e-07 0.000000e+00
1.686000e-07 0.000000e+00
1.688000e-07 0.000000e+00
1.690000e-07 0.000000e+00
1.692000e-07 0.000000e+00
1.694000e-07 0.000000e+00
1.696000e-07 0.000000e+00
1.698000e-07 0.000000e+00
1.700000e-07 0.000000e+00
1.702000e-07 0.000000e+00
1.704000e-07 0.000000e+00
1.706000e-07 0.000000e+00
1.708000e-07 0.000000e+00
1.710000e-07 0.000000e+00
1.712000e-07 0.000000e+00
1.714000e-07 0.000000e+00
1.716000e-07 0.000000e+00
1.718000e-07 0.000000e+00
1.720000e-07 0.000000e+00
1.722000e-07 0.000000e+00
1.724000e-07 0.000000e+00
1.726000e-07 0.000000e+00
1.728000e-07 0.000000e+00
1.730000e-07 0.000000e+00
1.732000e-07 0.000000e+00
1.734000e-07 0.000000e+00
1.736000e-07 0.000000e+00
1.738000e-07 0.000000e+00
1.740000e-07 0.000000e+00
1.742000e-07 0.000000e+00
1.744000e-07 0.000000e+00
1.746000e-07 0.000000e+00
1.748000e-07 0.000000e+00
1.750000e-07 0.000000e+00
1.752000e-07 0.000000e+00
1.754000e-07 0.000000e+00
1.756000e-07 0.000000e+00
1.758000e-07 0.000000e+00
1.760000e-07 0.000000e+00
1.762000e-07 0.000000e+00
1.764000e-07 0.000000e+00
1.766000e-07 0.000000e+00
1.768000e-07 0.000000e+00
1.770000e-07 0.000000e+00
1.772000e-07 0.000000e+00
1.774000e-07 0.000000e+00
1.776000e-07 0.000000e+00
1.778000e-07 0.000000e+00
1.780000e-07 0.000000e+00
1.782000e-07 0.000000e+00
1.784000e-07 0.000000e+00
1.786000e-07 0.000000e+00
1.788000e-07 0.000000e+00
1.790000e-07 0.000000e+00
1.792000e-07 0.000000e+00
1.794000e-07 0.000000e+00
1.796000e-07 0.000000e+00
1.798000e-07 0.000000e+00
1.800000e-07 0.000000e+00
1.802000e-07 0.000000e+00
1.804000e-07 0.000000e+00
1.806000e-07 0.000000e+00
1.808000e-07 0.000000e+00
1.810000e-07 0.000000e+00
1.812000e-07 0.000000e+00
1.814000e-07 0.000000e+00
1.816000e-07 0.000000e+00
1.818000e-07 0.000000e+00
1.820000e-07 0.000000e+00
1.822000e-07 0.000000e+00
1.824000e-07 0.000000e+00
1.826000e-07 0.000000e+00
1.828000e-07 0.000000e+00
1.830000e-07 0.000000e+00
1.832000e-07 0.000000e+00
1.834000e-07 0.000000e+00
1.836000e-07 0.000000e+00
1.838000e-07 0.000000e+00
1.840000e-07 0.000000e+00
1.842000e-07 0.000000e+00
1.844000e-07 0.000000e+00
1.846000e-07 0.000000e+00
1.848000e-07 0.000000e+00
1.850000e-07 0.000000e+00
1.852000e-07 0.000000e+00
1.854000e-07 0.000000e+00
1.856000e-07 0.000000e+00
1.858000e-07 0.000000e+00
1.860000e-07 0.000000e+00
1.862000e-07 0.000000e+00
1.864000e-07 0.000000e+00
1.866000e-07 0.000000e+00
1.868000e-07 0.000000e+00
1.870000e-07 0.000000e+00
1.872000e-07 0.000000e+00
1.874000e-07 0.000000e+00
1.876000e-07 0.000000e+00
1.878000e-07 0.000000e+00
1.880000e-07 0.000000e+00
1.882000e-07 0.000000e+00
1.884000e-07 0.000000e+00
1.886000e-07 0.000000e+00
1.888000e-07 0.000000e+00
1.890000e-07 0.000000e+00
1.892000e-07 0.000000e+00
1.894000e-07 0.000000e+00
1.896000e-07 0.000000e+00
1.898000e-07 0.000000e+00
1.900000e-07 0.000000e+00
1.902000e-07 0.000000e+00
1.904000e-07 0.000000e+00
1.906000e-07 0.000000e+00
1.908000e-07 0.000000e+00
1.910000e-07 0.000000e+00
1.912000e-07 0.000000e+00
1.914000e-07 0.000000e+00
1.916000e-07 0.000000e+00
1.918000e-07 0.000000e+00
1.920000e-07 0.000000e+00
1.922000e-07 0.000000e+00
1.924000e-07 0.000000e+00
1.926000e-07 0.000000e+00
1.928000e-07 0.000000e+00
1.930000e-07 0.000000e+00
1.932000e-07 0.000000e+00
1.934000e-07 0.000000e+00
1.936000e-07 0.000000e+00
1.938000e-07 0.000000e+00
1.940000e-07 0.000000e+00
1.942000e-07 0.000000e+00
1.944000e-07 0.000000e+00
1.946000e-07 0.000000e+00
1.948000e-07 0.000000e+00
1.950000e-07 0.000000e+00
1.952000e-07 0.000000e+00
1.954000e-07 0.000000e+00
1.956000e-07 0.000000e+00
1.958000e-07 0.000000e+00
1.960000e-07 0.000000e+00
1.962000e-07 0.000000e+00
1.964000e-07 0.000000e+00
1.966000e-07 0.000000e+00
1.968000e-07 0.000000e+00
1.970000e-07 0.000000e+00
1.972000e-07 0.000000e+00
1.974000e-07 0.000000e+00
1.976000e-07 0.000000e+00
1.978000e-07 0.000000e+00
1.980000e-07 0.000000e+00
1.982000e-07 0.000000e+00
1.984000e-07 0.000000e+00
1.986000e-07 0.000000e+00
1.988000e-07 0.000000e+00
1.990000e-07 0.000000e+00
1.992000e-07 0.000000e+00
1.994000e-07 0.000000e+00
1.996000e-07 0.000000e+00
1.998000e-07 0.000000e+00
2.000000e-07 0.000000e+00
2.002000e-07 0.000000e+00
2.004000e-07 0.000000e+00
2.006000e-07 0.000000e+00
2.008000e-07 0.000000e+00
2.010000e-07 0.000000e+00
2.012000e-07 0.000000e+00
2.014000e-07 0.000000e+00
2.016000e-07 0.000000e+00
2.018000e-07 0.000000e+00
2.020000e-07 0.000000e+00
2.022000e-07 0.000000e+00
2.024000e-07 0.000000e+00
2.026000e-07 0.000000e+00
2.028000e-07 0.000000e+00
2.030000e-07 0.000000e+00
2.032000e-07 0.000000e+00
2.034000e-07 0.000000e+00
2.036000e-07 0.000000e+00
2.038000e-07 0.000000e+00
2.040000e-07 0.000000e+00
2.042000e-07 0.000000e+00
2.044000e-07 0.000000e+00
2.046000e-07 0.000000e+00
2.048000e-07 0.000000e+00
2.050000e-07 0.000000e+00
2.052000e-07 0.000000e+00
2.054000e-07 0.000000e+00
2.056000e-07 0.000000e+00
2.058000e-07 0.000000e+00
2.060000e-07 0.000000e+00
2.062000e-07 0.000000e+00
2.064000e-07 0.000000e+00
2.066000e-07 0.000000e+00
2.068000e-07 0.000000e+00
2.070000e-07 0.000000e+00
2.072000e-07 0.000000e+00
2.074000e-07 0.000000e+00
2.076000e-07 0.000000e+00
2.078000e-07 0.000000e+00
2.080000e-07 0.000000e+00
2.082000e-07 0.000000e+00
2.084000e-07 0.000000e+00
2.086000e-07 0.000000e+00
2.088000e-07 0.000000e+00
2.090000e-07 0.000000e+00
2.092000e-07 0.000000e+00
2.094000e-07 0.000000e+00
2.096000e-07 0.000000e+00
2.098000e-07 0.000000e+00
2.100000e-07 0.000000e+00
2.102000e-07 0.000000e+00
2.104000e-07 0.000000e+00
2.106000e-07 0.000000e+00
2.108000e-07 0.000000e+00
2.110000e-07 0.000000e+00
2.112000e-07 0.000000e+00
2.114000e-07 0.000000e+00
2.116000e-07 0.000000e+00
2.118000e-07 0.000000e+00
2.120000e-07 0.000000e+00
2.122000e-07 0.000000e+00
2.124000e-07 0.000000e+00
2.126000e-07 0.000000e+00
2.128000e-07 0.000000e+00
2.130000e-07 0.000000e+00
2.132000e-07 0.000000e+00
2.134000e-07 0.000000e+00
2.136000e-07 0.000000e+00
2.138000e-07 0.000000e+00
2.140000e-07 0.000000e+00
2.142000e-07 0.000000e+00
2.144000e-07 0.000000e+00
2.146000e-07 0.000000e+00
2.148000e-07 0.000000e+00
2.150000e-07 0.000000e+00
2.152000e-07 0.000000e+00
2.154000e-07 0.000000e+00
2.156000e-07 0.000000e+00
2.158000e-07 0.000000e+00
2.160000e-07 0.000000e+00
2.162000e-07 0.000000e+00
2.164000e-07 0.000000e+00
2.166000e-07 0.000000e+00
2.168000e-07 0.000000e+00
2.170000e-07 0.000000e+00
2.172000e-07 0.000000e+00
2.174000e-07 0.000000e+00
2.176000e-07 0.000000e+00
2.178000e-07 0.000000e+00
2.180000e-07 0.000000e+00
2.182000e-07 0.000000e+00
2.184000e-07 0.000000e+00
2.186000e-07 0.000000e+00
2.188000e-07 0.000000e+00
2.190000e-07 0.000000e+00
2.192000e-07 0.000000e+00
2.194000e-07 0.000000e+00
2.196000e-07 0.000000e+00
2.198000e-07 0.000000e+00
2.200000e-07 0.000000e+00
2.202000e-07 0.000000e+00
2.204000e-07 0.000000e+00
2.206000e-07 0.000000e+00
2.208000e-07 0.000000e+00
2.210000e-07 0.000000e+00
2.212000e-07 0.000000e+00
2.214000e-07 0.000000e+00
2.216000e-07 0.000000e+00
2.218000e-07 0.000000e+00
2.220000e-07 0.000000e+00
2.222000e-07 0.000000e+00
2.224000e-07 0.000000e+00
2.226000e-07 0.000000e+00
2.228000e-07 0.000000e+00
2.230000e-07 0.000000e+00
2.232000e-07 0.000000e+00
2.234000e-07 0.000000e+00
2.236000e-07 0.000000e+00
2.238000e-07 0.000000e+00
2.240000e-07 0.000000e+00
2.242000e-07 0.000000e+00
2.244000e-07 0.000000e+00
2.246000e-07 0.000000e+00
2.248000e-07 0.000000e+00
2.250000e-07 0.000000e+00
2.252000e-07 0.000000e+00
2.254000e-07 0.000000e+00
2.256000e-07 0.000000e+00
2.258000e-07 0.000000e+00
2.260000e-07 0.000000e+00
2.262000e-07 0.000000e+00
2.264000e-07 0.000000e+00
2.266000e-07 0.000000e+00
2.268000e-07 0.000000e+00
2.270000e-07 0.000000e+00
2.272000e-07 0.000000e+00
2.274000e-07 0.000000e+00
2.276000e-07 0.000000e+00
2.278000e-07 0.000000e+00
2.280000e-07 0.000000e+00
2.282000e-07 0.000000e+00
2.284000e-07 0.000000e+00
2.286000e-07 0.000000e+00
2.288000e-07 0.000000e+00
2.290000e-07 0.000000e+00
2.292000e-07 0.000000e+00
2.294000e-07 0.000000e+00
2.296000e-07 0.000000e+00
2.298000e-07 0.000000e+00
2.300000e-07 0.000000e+00
2.302000e-07 0.000000e+00
2.304000e-07 0.000000e+00
2.306000e-07 0.000000e+00
2.308000e-07 0.000000e+00
2.310000e-07 0.000000e+00
2.312000e-07 0.000000e+00
2.314000e-07 0.000000e+00
2.316000e-07 0.000000e+00
2.318000e-07 0.000000e+00
2.320000e-07 0.000000e+00
2.322000e-07 0.000000e+00
2.324000e-07 0.000000e+00
2.326000e-07 0.000000e+00
2.328000e-07 0.000000e+00
2.330000e-07 0.000000e+00
2.332000e-07 0.000000e+00
2.334000e-07 0.000000e+00
2.336000e-07 0.000000e+00
2.338000e-07 0.000000e+00
2.340000e-07 0.000000e+00
2.342000e-07 0.000000e+00
2.344000e-07 0.000000e+00
2.346000e-07 0.000000e+00
2.348000e-07 0.000000e+00
2.350000e-07 0.000000e+00
2.352000e-07 0.000000e+00
2.354000e-07 0.000000e+00
2.356000e-07 0.000000e+00
2.358000e-07 0.000000e+00
2.360000e-07 0.000000e+00
2.362000e-07 0.000000e+00
2.364000e-07 0.000000e+00
2.366000e-07 0.000000e+00
2.368000e-07 0.000000e+00
2.370000e-07 0.000000e+00
2.372000e-07 0.000000e+00
2.374000e-07 0.000000e+00
2.376000e-07 0.000000e+00
2.378000e-07 0.000000e+00
2.380000e-07 0.000000e+00
2.382000e-07 0.000000e+00
2.384000e-07 0.000000e+00
2.386000e-07 0.000000e+00
2.388000e-07 0.000000e+00
2.390000e-07 0.000000e+00
2.392000e-07 0.000000e+00
2.394000e-07 0.000000e+00
2.396000e-07 0.000000e+00
2.398000e-07 0.000000e+00
2.400000e-07 0.000000e+00
2.402000e-07 0.000000e+00
2.404000e-07 0.000000e+00
2.406000e-07 0.000000e+00
2.408000e-07 0.000000e+00
2.410000e-07 0.000000e+00
2.412000e-07 0.000000e+00
2.414000e-07 0.000000e+00
2.416000e-07 0.000000e+00
2.418000e-07 0.000000e+00
2.420000e-07 0.000000e+00
2.422000e-07 0.000000e+00
2.424000e-07 0.000000e+00
2.426000e-07 0.000000e+00
2.428000e-07 0.000000e+00
2.430000e-07 0.000000e+00
2.432000e-07 0.000000e+00
2.434000e-07 0.000000e+00
2.436000e-07 0.000000e+00
2.438000e-07 0.000000e+00
2.440000e-07 0.000000e+00
2.442000e-07 0.000000e+00
2.444000e-07 0.000000e+00
2.446000e-07 0.000000e+00
2.448000e-07 0.000000e+00
2.450000e-07 0.000000e+00
2.452000e-07 0.000000e+00
2.454000e-07 0.000000e+00
2.456000e-07 0.000000e+00
2.458000e-07 0.000000e+00
2.460000e-07 0.000000e+00
2.462000e-07 0.000000e+00
2.464000e-07 0.000000e+00
2.466000e-07 0.000000e+00
2.468000e-07 0.000000e+00
2.470000e-07 0.000000e+00
2.472000e-07 0.000000e+00
2.474000e-07 0.000000e+00
2.476000e-07 0.000000e+00
2.478000e-07 0.000000e+00
2.480000e-07 0.000000e+00
2.482000e-07 0.000000e+00
2.484000e-07 0.000000e+00
2.486000e-07 0.000000e+00
2.488000e-07 0.000000e+00
2.490000e-07 0.000000e+00
2.492000e-07 0.000000e+00
2.494000e-07 0.000000e+00
2.496000e-07 0.000000e+00
2.498000e-07 0.000000e+00
2.500000e-07 0.000000e+00
2.502000e-07 0.000000e+00
2.504000e-07 0.000000e+00
2.506000e-07 0.000000e+00
2.508000e-07 0.000000e+00
2.510000e-07 0.000000e+00
2.512000e-07 0.000000e+00
2.514000e-07 0.000000e+00
2.516000e-07 0.000000e+00
2.518000e-07 0.000000e+00
2.520000e-07 0.000000e+00
2.522000e-07 0.000000e+00
2.524000e-07 0.000000e+00
2.526000e-07 0.000000e+00
2.528000e-07 0.000000e+00
2.530000e-07 0.000000e+00
2.532000e-07 0.000000e+00
2.534000e-07 0.000000e+00
2.536000e-07 0.000000e+00
2.538000e-07 0.000000e+00
2.540000e-07 0.000000e+00
2.542000e-07 0.000000e+00
2.544000e-07 0.000000e+00
2.546000e-07 0.000000e+00
2.548000e-07 0.000000e+00
2.550000e-07 0.000000e+00
2.552000e-07 0.000000e+00
2.554000e-07 0.000000e+00
2.556000e-07 0.000000e+00
2.558000e-07 0.000000e+00
2.560000e-07 0.000000e+00
2.562000e-07 0.000000e+00
2.564000e-07 0.000000e+00
2.566000e-07 0.000000e+00
2.568000e-07 0.000000e+00
2.570000e-07 0.000000e+00
2.572000e-07 0.000000e+00
2.574000e-07 0.000000e+00
2.576000e-07 0.000000e+00
2.578000e-07 0.000000e+00
2.580000e-07 0.000000e+00
2.582000e-07 0.000000e+00
2.584000e-07 0.000000e+00
2.586000e-07 0.000000e+00
2.588000e-07 0.000000e+00
2.590000e-07 0.000000e+00
2.592000e-07 0.000000e+00
2.594000e-07 0.000000e+00
2.596000e-07 0.000000e+00
2.598000e-07 0.000000e+00
2.600000e-07 0.000000e+00
2.602000e-07 0.000000e+00
2.604000e-07 0.000000e+00
2.606000e-07 0.000000e+00
2.608000e-07 0.000000e+00
2.610000e-07 0.000000e+00
2.612000e-07 0.000000e+00
2.614000e-07 0.000000e+00
2.616000e-07 0.000000e+00
2.618000e-07 0.000000e+00
2.620000e-07 0.000000e+00
2.622000e-07 0.000000e+00
2.624000e-07 0.000000e+00
2.626000e-07 0.000000e+00
2.628000e-07 0.000000e+00
2.630000e-07 0.000000e+00
2.632000e-07 0.000000e+00
2.634000e-07 0.000000e+00
2.636000e-07 0.000000e+00
2.638000e-07 0.000000e+00
2.640000e-07 0.000000e+00
2.642000e-07 0.000000e+00
2.644000e-07 0.000000e+00
2.646000e-07 0.000000e+00
2.648000e-07 0.000000e+00
2.650000e-07 0.000000e+00
2.652000e-07 0.000000e+00
2.654000e-07 0.000000e+00
2.656000e-07 0.000000e+00
2.658000e-07 0.000000e+00
2.660000e-07 0.000000e+00
2.662000e-07 0.000000e+00
2.664000e-07 0.000000e+00
2.666000e-07 0.000000e+00
2.668000e-07 0.000000e+00
2.670000e-07 0.000000e+00
2.672000e-07 0.000000e+00
2.674000e-07 0.000000e+00
2.676000e-07 0.000000e+00
2.678000e-07 0.000000e+00
2.680000e-07 0.000000e+00
2.682000e-07 0.000000e+00
2.684000e-07 0.000000e+00
2.686000e-07 0.000000e+00
2.688000e-07 0.000000e+00
2.690000e-07 0.000000e+00
2.692000e-07 0.000000e+00
2.694000e-07 0.000000e+00
2.696000e-07 0.000000e+00
2.698000e-07 0.000000e+00
2.700000e-07 0.000000e+00
2.702000e-07 0.000000e+00
2.704000e-07 0.000000e+00
2.706000e-07 0.000000e+00
2.708000e-07 0.000000e+00
2.710000e-07 0.000000e+00
2.712000e-07 0.000000e+00
2.714000e-07 0.000000e+00
2.716000e-07 0.000000e+00
2.718000e-07 0.000000e+00
2.720000e-07 0.000000e+00
2.722000e-07 0.000000e+00
2.724000e-07 0.000000e+00
2.726000e-07 0.000000e+00
2.728000e-07 0.000000e+00
2.730000e-07 0.000000e+00
2.732000e-07 0.000000e+00
2.734000e-07 0.000000e+00
2.736000e-07 0.000000e+00
2.738000e-07 0.000000e+00
2.740000e-07 0.000000e+00
2.742000e-07 0.000000e+00
2.744000e-07 0.000000e+00
2.746000e-07 0.000000e+00
2.748000e-07 0.000000e+00
2.750000e-07 0.000000e+00
2.752000e-07 0.000000e+00
2.754000e-07 0.000000e+00
2.756000e-07 0.000000e+00
2.758000e-07 0.000000e+00
2.760000e-07 0.000000e+00
2.762000e-07 0.000000e+00
2.764000e-07 0.000000e+00
2.766000e-07 0.000000e+00
2.768000e-07 0.000000e+00
2.770000e-07 0.000000e+00
2.772000e-07 0.000000e+00
2.774000e-07 0.000000e+00
2.776000e-07 0.000000e+00
2.778000e-07 0.000000e+00
2.780000e-07 0.000000e+00
2.782000e-07 0.000000e+00
2.784000e-07 0.000000e+00
2.786000e-07 0.000000e+00
2.788000e-07 0.000000e+00
2.790000e-07 0.000000e+00
2.792000e-07 0.000000e+00
2.794000e-07 0.000000e+00
2.796000e-07 0.000000e+00
2.798000e-07 0.000000e+00
2.800000e-07 0.000000e+00
2.802000e-07 0.000000e+00
2.804000e-07 0.000000e+00
2.806000e-07 0.000000e+00
2.808000e-07 0.000000e+00
2.810000e-07 0.000000e+00
2.812000e-07 0.000000e+00
2.814000e-07 0.000000e+00
2.816000e-07 0.000000e+00
2.818000e-07 0.000000e+00
2.820000e-07 0.000000e+00
2.822000e-07 0.000000e+00
2.824000e-07 0.000000e+00
2.826000e-07 0.000000e+00
2.828000e-07 0.000000e+00
2.830000e-07 0.000000e+00
2.832000e-07 0.000000e+00
2.834000e-07 0.000000e+00
2.836000e-07 0.000000e+00
2.838000e-07 0.000000e+00
2.840000e-07 0.000000e+00
2.842000e-07 0.000000e+00
2.844000e-07 0.000000e+00
2.846000e-07 0.000000e+00
2.848000e-07 0.000000e+00
2.850000e-07 0.000000e+00
2.852000e-07 0.000000e+00
2.854000e-07 0.000000e+00
2.856000e-07 0.000000e+00
2.858000e-07 0.000000e+00
2.860000e-07 0.000000e+00
2.862000e-07 0.000000e+00
2.864000e-07 0.000000e+00
2.866000e-07 0.000000e+00
2.868000e-07 0.000000e+00
2.870000e-07 0.000000e+00
2.872000e-07 0.000000e+00
2.874000e-07 0.000000e+00
2.876000e-07 0.000000e+00
2.878000e-07 0.000000e+00
2.880000e-07 0.000000e+00
2.882000e-07 0.000000e+00
2.884000e-07 0.000000e+00
2.886000e-07 0.000000e+00
2.888000e-07 0.000000e+00
2.890000e-07 0.000000e+00
2.892000e-07 0.000000e+00
2.894000e-07 0.000000e+00
2.896000e-07 0.000000e+00
2.898000e-07 0.000000e+00
2.900000e-07 0.000000e+00
2.902000e-07 0.000000e+00
2.904000e-07 0.000000e+00
2.906000e-07 0.000000e+00
2.908000e-07 0.000000e+00
2.910000e-07 0.000000e+00
2.912000e-07 0.000000e+00
2.914000e-07 0.000000e+00
2.916000e-07 0.000000e+00
2.918000e-07 0.000000e+00
2.920000e-07 0.000000e+00
2.922000e-07 0.000000e+00
2.924000e-07 0.000000e+00
2.926000e-07 0.000000e+00
2.928000e-07 0.000000e+00
2.930000e-07 0.000000e+00
2.932000e-07 0.000000e+00
2.934000e-07 0.000000e+00
2.936000e-07 0.000000e+00
2.938000e-07 0.000000e+00
2.940000e-07 0.000000e+00
2.942000e-07 0.000000e+00
2.944000e-07 0.000000e+00
2.946000e-07 0.000000e+00
2.948000e-07 0.000000e+00
2.950000e-07 0.000000e+00
2.952000e-07 0.000000e+00
2.954000e-07 0.000000e+00
2.956000e-07 0.000000e+00
2.958000e-07 0.000000e+00
2.960000e-07 0.000000e+00
2.962000e-07 0.000000e+00
2.964000e-07 0.000000e+00
2.966000e-07 0.000000e+00
2.968000e-07 0.000000e+00
2.970000e-07 0.000000e+00
2.972000e-07 0.000000e+00
2.974000e-07 0.000000e+00
2.976000e-07 0.000000e+00
2.978000e-07 0.000000e+00
2.980000e-07 0.000000e+00
2.982000e-07 0.000000e+00
2.984000e-07 0.000000e+00
2.986000e-07 0.000000e+00
2.988000e-07 0.000000e+00
2.990000e-07 0.000000e+00
2.992000e-07 0.000000e+00
2.994000e-07 0.000000e+00
2.996000e-07 0.000000e+00
2.998000e-07 0.000000e+00
3.000000e-07 0.000000e+00
3.002000e-07 0.000000e+00
3.004000e-07 0.000000e+00
3.006000e-07 0.000000e+00
3.008000e-07 0.000000e+00
3.010000e-07 0.000000e+00
3.012000e-07 0.000000e+00
3.014000e-07 0.000000e+00
3.016000e-07 0.000000e+00
3.018000e-07 0.000000e+00
3.020000e-07 0.000000e+00
3.022000e-07 0.000000e+00
3.024000e-07 0.000000e+00
3.026000e-07 0.000000e+00
3.028000e-07 0.000000e+00
3.030000e-07 0.000000e+00
3.032000e-07 0.000000e+00
3.034000e-07 0.000000e+00
3.036000e-07 0.000000e+00
3.038000e-07 0.000000e+00
3.040000e-07 0.000000e+00
3.042000e-07 0.000000e+00
3.044000e-07 0.000000e+00
3.046000e-07 0.000000e+00
3.048000e-07 0.000000e+00
3.050000e-07 0.000000e+00
3.052000e-07 0.000000e+00
3.054000e-07 0.000000e+00
3.056000e-07 0.000000e+00
3.058000e-07 0.000000e+00
3.060000e-07 0.000000e+00
3.062000e-07 0.000000e+00
3.064000e-07 0.000000e+00
3.066000e-07 0.000000e+00
3.068000e-07 0.000000e+00
3.070000e-07 0.000000e+00
3.072000e-07 0.000000e+00
3.074000e-07 0.000000e+00
3.076000e-07 0.000000e+00
3.078000e-07 0.000000e+00
3.080000e-07 0.000000e+00
3.082000e-07 0.000000e+00
3.084000e-07 0.000000e+00
3.086000e-07 0.000000e+00
3.088000e-07 0.000000e+00
3.090000e-07 0.000000e+00
3.092000e-07 0.000000e+00
3.094000e-07 0.000000e+00
3.096000e-07 0.000000e+00
3.098000e-07 0.000000e+00
3.100000e-07 0.000000e+00
3.102000e-07 0.000000e+00
3.104000e-07 0.000000e+00
3.106000e-07 0.000000e+00
3.108000e-07 0.000000e+00
3.110000e-07 0.000000e+00
3.112000e-07 0.000000e+00
3.114000e-07 0.000000e+00
3.116000e-07 0.000000e+00
3.118000e-07 0.000000e+00
3.120000e-07 0.000000e+00
3.122000e-07 0.000000e+00
3.124000e-07 0.000000e+00
3.126000e-07 0.000000e+00
3.128000e-07 0.000000e+00
3.130000e-07 0.000000e+00
3.132000e-07 0.000000e+00
3.134000e-07 0.000000e+00
3.136000e-07 0.000000e+00
3.138000e-07 0.000000e+00
3.140000e-07 0.000000e+00
3.142000e-07 0.000000e+00
3.144000e-07 0.000000e+00
3.146000e-07 0.000000e+00
3.148000e-07 0.000000e+00
3.150000e-07 0.000000e+00
3.152000e-07 0.000000e+00
3.154000e-07 0.000000e+00
3.156000e-07 0.000000e+00
3.158000e-07 0.000000e+00
3.160000e-07 0.000000e+00
3.162000e-07 0.000000e+00
3.164000e-07 0.000000e+00
3.166000e-07 0.000000e+00
3.168000e-07 0.000000e+00
3.170000e-07 0.000000e+00
3.172000e-07 0.000000e+00
3.174000e-07 0.000000e+00
3.176000e-07 0.000000e+00
3.178000e-07 0.000000e+00
3.180000e-07 0.000000e+00
3.182000e-07 0.000000e+00
3.184000e-07 0.000000e+00
3.186000e-07 0.000000e+00
3.188000e-07 0.000000e+00
3.190000e-07 0.000000e+00
3.192000e-07 0.000000e+00
3.194000e-07 0.000000e+00
3.196000e-07 0.000000e+00
3.198000e-07 0.000000e+00
3.200000e-07 0.000000e+00
3.202000e-07 0.000000e+00
3.204000e-07 0.000000e+00
3.206000e-07 0.000000e+00
3.208000e-07 0.000000e+00
3.210000e-07 0.000000e+00
3.212000e-07 0.000000e+00
3.214000e-07 0.000000e+00
3.216000e-07 0.000000e+00
3.218000e-07 0.000000e+00
3.220000e-07 0.000000e+00
3.222000e-07 0.000000e+00
3.224000e-07 0.000000e+00
3.226000e-07 0.000000e+00
3.228000e-07 0.000000e+00
3.230000e-07 0.000000e+00
3.232000e-07 0.000000e+00
3.234000e-07 0.000000e+00
3.236000e-07 0.000000e+00
3.238000e-07 0.000000e+00
3.240000e-07 0.000000e+00
3.242000e-07 0.000000e+00
3.244000e-07 0.000000e+00
3.246000e-07 0.000000e+00
3.248000e-07 0.000000e+00
3.250000e-07 0.000000e+00
3.252000e-07 0.000000e+00
3.254000e-07 0.000000e+00
3.256000e-07 0.000000e+00
3.258000e-07 0.000000e+00
3.260000e-07 0.000000e+00
3.262000e-07 0.000000e+00
3.264000e-07 0.000000e+00
3.266000e-07 0.000000e+00
3.268000e-07 0.000000e+00
3.270000e-07 0.000000e+00
3.272000e-07 0.000000e+00
3.274000e-07 0.000000e+00
3.276000e-07 0.000000e+00
3.278000e-07 0.000000e+00
3.280000e-07 0.000000e+00
3.282000e-07 0.000000e+00
3.284000e-07 0.000000e+00
3.286000e-07 0.000000e+00
3.288000e-07 0.000000e+00
3.290000e-07 0.000000e+00
3.292000e-07 0.000000e+00
3.294000e-07 0.000000e+00
3.296000e-07 0.000000e+00
3.298000e-07 0.000000e+00
3.300000e-07 0.000000e+00
3.302000e-07 0.000000e+00
3.304000e-07 0.000000e+00
3.306000e-07 0.000000e+00
3.308000e-07 0.000000e+00
3.310000e-07 0.000000e+00
3.312000e-07 0.000000e+00
3.314000e-07 0.000000e+00
3.316000e-07 0.000000e+00
3.318000e-07 0.000000e+00
3.320000e-07 0.000000e+00
3.322000e-07 0.000000e+00
3.324000e-07 0.000000e+00
3.326000e-07 0.000000e+00
3.328000e-07 0.000000e+00
3.330000e-07 0.000000e+00
3.332000e-07 0.000000e+00
3.334000e-07 0.000000e+00
3.336000e-07 0.000000e+00
3.338000e-07 0.000000e+00
3.340000e-07 0.000000e+00
3.342000e-07 0.000000e+00
3.344000e-07 0.000000e+00
3.346000e-07 0.000000e+00
3.348000e-07 0.000000e+00
3.350000e-07 0.000000e+00
3.352000e-07 0.000000e+00
3.354000e-07 0.000000e+00
3.356000e-07 0.000000e+00
3.358000e-07 0.000000e+00
3.360000e-07 0.000000e+00
3.362000e-07 0.000000e+00
3.364000e-07 0.000000e+00
3.366000e-07 0.000000e+00
3.368000e-07 0.000000e+00
3.370000e-07 0.000000e+00
3.372000e-07 0.000000e+00
3.374000e-07 0.000000e+00
3.376000e-07 0.000000e+00
3.378000e-07 0.000000e+00
3.380000e-07 0.000000e+00
3.382000e-07 0.000000e+00
3.384000e-07 0.000000e+00
3.386000e-07 0.000000e+00
3.388000e-07 0.000000e+00
3.390000e-07 0.000000e+00
3.392000e-07 0.000000e+00
3.394000e-07 0.000000e+00
3.396000e-07 0.000000e+00
3.398000e-07 0.000000e+00
3.400000e-07 0.000000e+00
3.402000e-07 0.000000e+00
3.404000e-07 0.000000e+00
3.406000e-07 0.000000e+00
3.408000e-07 0.000000e+00
3.410000e-07 0.000000e+00
3.412000e-07 0.000000e+00
3.414000e-07 0.000000e+00
3.416000e-07 0.000000e+00
3.418000e-07 0.000000e+00
3.420000e-07 0.000000e+00
3.422000e-07 0.000000e+00
3.424000e-07 0.000000e+00
3.426000e-07 0.000000e+00
3.428000e-07 0.000000e+00
3.430000e-07 0.000000e+00
3.432000e-07 0.000000e+00
3.434000e-07 0.000000e+00
3.436000e-07 0.000000e+00
3.438000e-07 0.000000e+00
3.440000e-07 0.000000e+00
3.442000e-07 0.000000e+00
3.444000e-07 0.000000e+00
3.446000e-07 0.000000e+00
3.448000e-07 0.000000e+00
3.450000e-07 0.000000e+00
3.452000e-07 0.000000e+00
3.454000e-07 0.000000e+00
3.456000e-07 0.000000e+00
3.458000e-07 0.000000e+00
3.460000e-07 0.000000e+00
3.462000e-07 0.000000e+00
3.464000e-07 0.000000e+00
3.466000e-07 0.000000e+00
3.468000e-07 0.000000e+00
3.470000e-07 0.000000e+00
3.472000e-07 0.000000e+00
3.474000e-07 0.000000e+00
3.476000e-07 0.000000e+00
3.478000e-07 0.000000e+00
3.480000e-07 0.000000e+00
3.482000e-07 0.000000e+00
3.484000e-07 0.000000e+00
3.486000e-07 0.000000e+00
3.488000e-07 0.000000e+00
3.490000e-07 0.000000e+00
3.492000e-07 0.000000e+00
3.494000e-07 0.000000e+00
3.496000e-07 0.000000e+00
3.498000e-07 0.000000e+00
3.500000e-07 0.000000e+00
3.502000e-07 0.000000e+00
3.504000e-07 0.000000e+00
3.506000e-07 0.000000e+00
3.508000e-07 0.000000e+00
3.510000e-07 0.000000e+00
3.512000e-07 0.000000e+00
3.514000e-07 0.000000e+00
3.516000e-07 0.000000e+00
3.518000e-07 0.000000e+00
3.520000e-07 0.000000e+00
3.522000e-07 0.000000e+00
3.524000e-07 0.000000e+00
3.526000e-07 0.000000e+00
3.528000e-07 0.000000e+00
3.530000e-07 0.000000e+00
3.532000e-07 0.000000e+00
3.534000e-07 0.000000e+00
3.536000e-07 0.000000e+00
3.538000e-07 0.000000e+00
3.540000e-07 0.000000e+00
3.542000e-07 0.000000e+00
3.544000e-07 0.000000e+00
3.546000e-07 0.000000e+00
3.548000e-07 0.000000e+00
3.550000e-07 0.000000e+00
3.552000e-07 0.000000e+00
3.554000e-07 0.000000e+00
3.556000e-07 0.000000e+00
3.558000e-07 0.000000e+00
3.560000e-07 0.000000e+00
3.562000e-07 0.000000e+00
3.564000e-07 0.000000e+00
3.566000e-07 0.000000e+00
3.568000e-07 0.000000e+00
3.570000e-07 0.000000e+00
3.572000e-07 0.000000e+00
3.574000e-07 0.000000e+00
3.576000e-07 0.000000e+00
3.578000e-07 0.000000e+00
3.580000e-07 0.000000e+00
3.582000e-07 0.000000e+00
3.584000e-07 0.000000e+00
3.586000e-07 0.000000e+00
3.588000e-07 0.000000e+00
3.590000e-07 0.000000e+00
3.592000e-07 0.000000e+00
3.594000e-07 0.000000e+00
3.596000e-07 0.000000e+00
3.598000e-07 0.000000e+00
3.600000e-07 0.000000e+00
3.602000e-07 0.000000e+00
3.604000e-07 0.000000e+00
3.606000e-07 0.000000e+00
3.608000e-07 0.000000e+00
3.610000e-07 0.000000e+00
3.612000e-07 0.000000e+00
3.614000e-07 0.000000e+00
3.616000e-07 0.000000e+00
3.618000e-07 0.000000e+00
3.620000e-07 0.000000e+00
3.622000e-07 0.000000e+00
3.624000e-07 0.000000e+00
3.626000e-07 0.000000e+00
3.628000e-07 0.000000e+00
3.630000e-07 0.000000e+00
3.632000e-07 0.000000e+00
3.634000e-07 0.000000e+00
3.636000e-07 0.000000e+00
3.638000e-07 0.000000e+00
3.640000e-07 0.000000e+00
3.642000e-07 0.000000e+00
3.644000e-07 0.000000e+00
3.646000e-07 0.000000e+00
3.648000e-07 0.000000e+00
3.650000e-07 0.000000e+00
3.652000e-07 0.000000e+00
3.654000e-07 0.000000e+00
3.656000e-07 0.000000e+00
3.658000e-07 0.000000e+00
3.660000e-07 0.000000e+00
3.662000e-07 0.000000e+00
3.664000e-07 0.000000e+00
3.666000e-07 0.000000e+00
3.668000e-07 0.000000e+00
3.670000e-07 0.000000e+00
3.672000e-07 0.000000e+00
3.674000e-07 0.000000e+00
3.676000e-07 0.000000e+00
3.678000e-07 0.000000e+00
3.680000e-07 0.000000e+00
3.682000e-07 0.000000e+00
3.684000e-07 0.000000e+00
3.686000e-07 0.000000e+00
3.688000e-07 0.000000e+00
3.690000e-07 0.000000e+00
3.692000e-07 0.000000e+00
3.694000e-07 0.000000e+00
3.696000e-07 0.000000e+00
3.698000e-07 0.000000e+00
3.700000e-07 0.000000e+00
3.702000e-07 0.000000e+00
3.704000e-07 0.000000e+00
3.706000e-07 0.000000e+00
3.708000e-07 0.000000e+00
3.710000e-07 0.000000e+00
3.712000e-07 0.000000e+00
3.714000e-07 0.000000e+00
3.716000e-07 0.000000e+00
3.718000e-07 0.000000e+00
3.720000e-07 0.000000e+00
3.722000e-07 0.000000e+00
3.724000e-07 0.000000e+00
3.726000e-07 0.000000e+00
3.728000e-07 0.000000e+00
3.730000e-07 0.000000e+00
3.732000e-07 0.000000e+00
3.734000e-07 0.000000e+00
3.736000e-07 0.000000e+00
3.738000e-07 0.000000e+00
3.740000e-07 0.000000e+00
3.742000e-07 0.000000e+00
3.744000e-07 0.000000e+00
3.746000e-07 0.000000e+00
3.748000e-07 0.000000e+00
3.750000e-07 0.000000e+00
3.752000e-07 0.000000e+00
3.754000e-07 0.000000e+00
3.756000e-07 0.000000e+00
3.758000e-07 0.000000e+00
3.760000e-07 0.000000e+00
3.762000e-07 0.000000e+00
3.764000e-07 0.000000e+00
3.766000e-07 0.000000e+00
3.768000e-07 0.000000e+00
3.770000e-07 0.000000e+00
3.772000e-07 0.000000e+00
3.774000e-07 0.000000e+00
3.776000e-07 0.000000e+00
3.778000e-07 0.000000e+00
3.780000e-07 0.000000e+00
3.782000e-07 0.000000e+00
3.784000e-07 0.000000e+00
3.786000e-07 0.000000e+00
3.788000e-07 0.000000e+00
3.790000e-07 0.000000e+00
3.792000e-07 0.000000e+00
3.794000e-07 0.000000e+00
3.796000e-07 0.000000e+00
3.798000e-07 0.000000e+00
3.800000e-07 0.000000e+00
3.802000e-07 0.000000e+00
3.804000e-07 0.000000e+00
3.806000e-07 0.000000e+00
3.808000e-07 0.000000e+00
3.810000e-07 0.000000e+00
3.812000e-07 0.000000e+00
3.814000e-07 0.000000e+00
3.816000e-07 0.000000e+00
3.818000e-07 0.000000e+00
3.820000e-07 0.000000e+00
3.822000e-07 0.000000e+00
3.824000e-07 0.000000e+00
3.826000e-07 0.000000e+00
3.828000e-07 0.000000e+00
3.830000e-07 0.000000e+00
3.832000e-07 0.000000e+00
3.834000e-07 0.000000e+00
3.836000e-07 0.000000e+00
3.838000e-07 0.000000e+00
3.840000e-07 0.000000e+00
3.842000e-07 0.000000e+00
3.844000e-07 0.000000e+00
3.846000e-07 0.000000e+00
3.848000e-07 0.000000e+00
3.850000e-07 0.000000e+00
3.852000e-07 0.000000e+00
3.854000e-07 0.000000e+00
3.856000e-07 0.000000e+00
3.858000e-07 0.000000e+00
3.860000e-07 0.000000e+00
3.862000e-07 0.000000e+00
3.864000e-07 0.000000e+00
3.866000e-07 0.000000e+00
3.868000e-07 0.000000e+00
3.870000e-07 0.000000e+00
3.872000e-07 0.000000e+00
3.874000e-07 0.000000e+00
3.876000e-07 0.000000e+00
3.878000e-07 0.000000e+00
3.880000e-07 0.000000e+00
3.882000e-07 0.000000e+00
3.884000e-07 0.000000e+00
3.886000e-07 0.000000e+00
3.888000e-07 0.000000e+00
3.890000e-07 0.000000e+00
3.892000e-07 0.000000e+00
3.894000e-07 0.000000e+00
3.896000e-07 0.000000e+00
3.898000e-07 0.000000e+00
3.900000e-07 0.000000e+00
3.902000e-07 0.000000e+00
3.904000e-07 0.000000e+00
3.906000e-07 0.000000e+00
3.908000e-07 0.000000e+00
3.910000e-07 0.000000e+00
3.912000e-07 0.000000e+00
3.914000e-07 0.000000e+00
3.916000e-07 0.000000e+00
3.918000e-07 0.000000e+00
3.920000e-07 0.000000e+00
3.922000e-07 0.000000e+00
3.924000e-07 0.000000e+00
3.926000e-07 0.000000e+00
3.928000e-07 0.000000e+00
3.930000e-07 0.000000e+00
3.932000e-07 0.000000e+00
3.934000e-07 0.000000e+00
3.936000e-07 0.000000e+00
3.938000e-07 0.000000e+00
3.940000e-07 0.000000e+00
3.942000e-07 0.000000e+00
3.944000e-07 0.000000e+00
3.946000e-07 0.000000e+00
3.948000e-07 0.000000e+00
3.950000e-07 0.000000e+00
3.952000e-07 0.000000e+00
3.954000e-07 0.000000e+00
3.956000e-07 0.000000e+00
3.958000e-07 0.000000e+00
3.960000e-07 0.000000e+00
3.962000e-07 0.000000e+00
3.964000e-07 0.000000e+00
3.966000e-07 0.000000e+00
3.968000e-07 0.000000e+00
3.970000e-07 0.000000e+00
3.972000e-07 0.000000e+00
3.974000e-07 0.000000e+00
3.976000e-07 0.000000e+00
3.978000e-07 0.000000e+00
3.980000e-07 0.000000e+00
3.982000e-07 0.000000e+00
3.984000e-07 0.000000e+00
3.986000e-07 0.000000e+00
3.988000e-07 0.000000e+00
3.990000e-07 0.000000e+00
3.992000e-07 0.000000e+00
3.994000e-07 0.000000e+00
3.996000e-07 0.000000e+00
3.998000e-07 0.000000e+00
4.000000e-07 0.000000e+00
4.002000e-07 0.000000e+00
4.004000e-07 0.000000e+00
4.006000e-07 0.000000e+00
4.008000e-07 0.000000e+00
4.010000e-07 0.000000e+00
4.012000e-07 0.000000e+00
4.014000e-07 0.000000e+00
4.016000e-07 0.000000e+00
4.018000e-07 0.000000e+00
4.020000e-07 0.000000e+00
4.022000e-07 0.000000e+00
4.024000e-07 0.000000e+00
4.026000e-07 0.000000e+00
4.028000e-07 0.000000e+00
4.030000e-07 0.000000e+00
4.032000e-07 0.000000e+00
4.034000e-07 0.000000e+00
4.036000e-07 0.000000e+00
4.038000e-07 0.000000e+00
4.040000e-07 0.000000e+00
4.042000e-07 0.000000e+00
4.044000e-07 0.000000e+00
4.046000e-07 0.000000e+00
4.048000e-07 0.000000e+00
4.050000e-07 0.000000e+00
4.052000e-07 0.000000e+00
4.054000e-07 0.000000e+00
4.056000e-07 0.000000e+00
4.058000e-07 0.000000e+00
4.060000e-07 0.000000e+00
4.062000e-07 0.000000e+00
4.064000e-07 0.000000e+00
4.066000e-07 0.000000e+00
4.068000e-07 0.000000e+00
4.070000e-07 0.000000e+00
4.072000e-07 0.000000e+00
4.074000e-07 0.000000e+00
4.076000e-07 0.000000e+00
4.078000e-07 0.000000e+00
4.080000e-07 0.000000e+00
4.082000e-07 0.000000e+00
4.084000e-07 0.000000e+00
4.086000e-07 0.000000e+00
4.088000e-07 0.000000e+00
4.090000e-07 0.000000e+00
4.092000e-07 0.000000e+00
4.094000e-07 0.000000e+00
4.096000e-07 0.000000e+00
4.098000e-07 0.000000e+00
4.100000e-07 0.000000e+00
4.102000e-07 0.000000e+00
4.104000e-07 0.000000e+00
4.106000e-07 0.000000e+00
4.108000e-07 0.000000e+00
4.110000e-07 0.000000e+00
4.112000e-07 0.000000e+00
4.114000e-07 0.000000e+00
4.116000e-07 0.000000e+00
4.118000e-07 0.000000e+00
4.120000e-07 0.000000e+00
4.122000e-07 0.000000e+00
4.124000e-07 0.000000e+00
4.126000e-07 0.000000e+00
4.128000e-07 0.000000e+00
4.130000e-07 0.000000e+00
4.132000e-07 0.000000e+00
4.134000e-07 0.000000e+00
4.136000e-07 0.000000e+00
4.138000e-07 0.000000e+00
4.140000e-07 0.000000e+00
4.142000e-07 0.000000e+00
4.144000e-07 0.000000e+00
4.146000e-07 0.000000e+00
4.148000e-07 0.000000e+00
4.150000e-07 0.000000e+00
4.152000e-07 0.000000e+00
4.154000e-07 0.000000e+00
4.156000e-07 0.000000e+00
4.158000e-07 0.000000e+00
4.160000e-07 0.000000e+00
4.162000e-07 0.000000e+00
4.164000e-07 0.000000e+00
4.166000e-07 0.000000e+00
4.168000e-07 0.000000e+00
4.170000e-07 0.000000e+00
4.172000e-07 0.000000e+00
4.174000e-07 0.000000e+00
4.176000e-07 0.000000e+00
4.178000e-07 0.000000e+00
4.180000e-07 0.000000e+00
4.182000e-07 0.000000e+00
4.184000e-07 0.000000e+00
4.186000e-07 0.000000e+00
4.188000e-07 0.000000e+00
4.190000e-07 0.000000e+00
4.192000e-07 0.000000e+00
4.194000e-07 0.000000e+00
4.196000e-07 0.000000e+00
4.198000e-07 0.000000e+00
4.200000e-07 0.000000e+00
4.202000e-07 0.000000e+00
4.204000e-07 0.000000e+00
4.206000e-07 0.000000e+00
4.208000e-07 0.000000e+00
4.210000e-07 0.000000e+00
4.212000e-07 0.000000e+00
4.214000e-07 0.000000e+00
4.216000e-07 0.000000e+00
4.218000e-07 0.000000e+00
4.220000e-07 0.000000e+00
4.222000e-07 0.000000e+00
4.224000e-07 0.000000e+00
4.226000e-07 0.000000e+00
4.228000e-07 0.000000e+00
4.230000e-07 0.000000e+00
4.232000e-07 0.000000e+00
4.234000e-07 0.000000e+00
4.236000e-07 0.000000e+00
4.238000e-07 0.000000e+00
4.240000e-07 0.000000e+00
4.242000e-07 0.000000e+00
4.244000e-07 0.000000e+00
4.246000e-07 0.000000e+00
4.248000e-07 0.000000e+00
4.250000e-07 0.000000e+00
4.252000e-07 0.000000e+00
4.254000e-07 0.000000e+00
4.256000e-07 0.000000e+00
4.258000e-07 0.000000e+00
4.260000e-07 0.000000e+00
4.262000e-07 0.000000e+00
4.264000e-07 0.000000e+00
4.266000e-07 0.000000e+00
4.268000e-07 0.000000e+00
4.270000e-07 0.000000e+00
4.272000e-07 0.000000e+00
4.274000e-07 0.000000e+00
4.276000e-07 0.000000e+00
4.278000e-07 0.000000e+00
4.280000e-07 0.000000e+00
4.282000e-07 0.000000e+00
4.284000e-07 0.000000e+00
4.286000e-07 0.000000e+00
4.288000e-07 0.000000e+00
4.290000e-07 0.000000e+00
4.292000e-07 0.000000e+00
4.294000e-07 0.000000e+00
4.296000e-07 0.000000e+00
4.298000e-07 0.000000e+00
4.300000e-07 0.000000e+00
4.302000e-07 0.000000e+00
4.304000e-07 0.000000e+00
4.306000e-07 0.000000e+00
4.308000e-07 0.000000e+00
4.310000e-07 0.000000e+00
4.312000e-07 0.000000e+00
4.314000e-07 0.000000e+00
4.316000e-07 0.000000e+00
4.318000e-07 0.000000e+00
4.320000e-07 0.000000e+00
4.322000e-07 0.000000e+00
4.324000e-07 0.000000e+00
4.326000e-07 0.000000e+00
4.328000e-07 0.000000e+00
4.330000e-07 0.000000e+00
4.332000e-07 0.000000e+00
4.334000e-07 0.000000e+00
4.336000e-07 0.000000e+00
4.338000e-07 0.000000e+00
4.340000e-07 0.000000e+00
4.342000e-07 0.000000e+00
4.344000e-07 0.000000e+00
4.346000e-07 0.000000e+00
4.348000e-07 0.000000e+00
4.350000e-07 0.000000e+00
4.352000e-07 0.000000e+00
4.354000e-07 0.000000e+00
4.356000e-07 0.000000e+00
4.358000e-07 0.000000e+00
4.360000e-07 0.000000e+00
4.362000e-07 0.000000e+00
4.364000e-07 0.000000e+00
4.366000e-07 0.000000e+00
4.368000e-07 0.000000e+00
4.370000e-07 0.000000e+00
4.372000e-07 0.000000e+00
4.374000e-07 0.000000e+00
4.376000e-07 0.000000e+00
4.378000e-07 0.000000e+00
4.380000e-07 0.000000e+00
4.382000e-07 0.000000e+00
4.384000e-07 0.000000e+00
4.386000e-07 0.000000e+00
4.388000e-07 0.000000e+00
4.390000e-07 0.000000e+00
4.392000e-07 0.000000e+00
4.394000e-07 0.000000e+00
4.396000e-07 0.000000e+00
4.398000e-07 0.000000e+00
4.400000e-07 0.000000e+00
4.402000e-07 0.000000e+00
4.404000e-07 0.000000e+00
4.406000e-07 0.000000e+00
4.408000e-07 0.000000e+00
4.410000e-07 0.000000e+00
4.412000e-07 0.000000e+00
4.414000e-07 0.000000e+00
4.416000e-07 0.000000e+00
4.418000e-07 0.000000e+00
4.420000e-07 0.000000e+00
4.422000e-07 0.000000e+00
4.424000e-07 0.000000e+00
4.426000e-07 0.000000e+00
4.428000e-07 0.000000e+00
4.430000e-07 0.000000e+00
4.432000e-07 0.000000e+00
4.434000e-07 0.000000e+00
4.436000e-07 0.000000e+00
4.438000e-07 0.000000e+00
4.440000e-07 0.000000e+00
4.442000e-07 0.000000e+00
4.444000e-07 0.000000e+00
4.446000e-07 0.000000e+00
4.448000e-07 0.000000e+00
4.450000e-07 0.000000e+00
4.452000e-07 0.000000e+00
4.454000e-07 0.000000e+00
4.456000e-07 0.000000e+00
4.458000e-07 0.000000e+00
4.460000e-07 0.000000e+00
4.462000e-07 0.000000e+00
4.464000e-07 0.000000e+00
4.466000e-07 0.000000e+00
4.468000e-07 0.000000e+00
4.470000e-07 0.000000e+00
4.472000e-07 0.000000e+00
4.474000e-07 0.000000e+00
4.476000e-07 0.000000e+00
4.478000e-07 0.000000e+00
4.480000e-07 0.000000e+00
4.482000e-07 0.000000e+00
4.484000e-07 0.000000e+00
4.486000e-07 0.000000e+00
4.488000e-07 0.000000e+00
4.490000e-07 0.000000e+00
4.492000e-07 0.000000e+00
4.494000e-07 0.000000e+00
4.496000e-07 0.000000e+00
4.498000e-07 0.000000e+00
4.500000e-07 0.000000e+00
4.502000e-07 0.000000e+00
4.504000e-07 0.000000e+00
4.506000e-07 0.000000e+00
4.508000e-07 0.000000e+00
4.510000e-07 0.000000e+00
4.512000e-07 0.000000e+00
4.514000e-07 0.000000e+00
4.516000e-07 0.000000e+00
4.518000e-07 0.000000e+00
4.520000e-07 0.000000e+00
4.522000e-07 0.000000e+00
4.524000e-07 0.000000e+00
4.526000e-07 0.000000e+00
4.528000e-07 0.000000e+00
4.530000e-07 0.000000e+00
4.532000e-07 0.000000e+00
4.534000e-07 0.000000e+00
4.536000e-07 0.000000e+00
4.538000e-07 0.000000e+00
4.540000e-07 0.000000e+00
4.542000e-07 0.000000e+00
4.544000e-07 0.000000e+00
4.546000e-07 0.000000e+00
4.548000e-07 0.000000e+00
4.550000e-07 0.000000e+00
4.552000e-07 0.000000e+00
4.554000e-07 0.000000e+00
4.556000e-07 0.000000e+00
4.558000e-07 0.000000e+00
4.560000e-07 0.000000e+00
4.562000e-07 0.000000e+00
4.564000e-07 0.000000e+00
4.566000e-07 0.000000e+00
4.568000e-07 0.000000e+00
4.570000e-07 0.000000e+00
4.572000e-07 0.000000e+00
4.574000e-07 0.000000e+00
4.576000e-07 0.000000e+00
4.578000e-07 0.000000e+00
4.580000e-07 0.000000e+00
4.582000e-07 0.000000e+00
4.584000e-07 0.000000e+00
4.586000e-07 0.000000e+00
4.588000e-07 0.000000e+00
4.590000e-07 0.000000e+00
4.592000e-07 0.000000e+00
4.594000e-07 0.000000e+00
4.596000e-07 0.000000e+00
4.598000e-07 0.000000e+00
4.600000e-07 0.000000e+00
4.602000e-07 0.000000e+00
4.604000e-07 0.000000e+00
4.606000e-07 0.000000e+00
4.608000e-07 0.000000e+00
4.610000e-07 0.000000e+00
4.612000e-07 0.000000e+00
4.614000e-07 0.000000e+00
4.616000e-07 0.000000e+00
4.618000e-07 0.000000e+00
4.620000e-07 0.000000e+00
4.622000e-07 0.000000e+00
4.624000e-07 0.000000e+00
4.626000e-07 0.000000e+00
4.628000e-07 0.000000e+00
4.630000e-07 0.000000e+00
4.632000e-07 0.000000e+00
4.634000e-07 0.000000e+00
4.636000e-07 0.000000e+00
4.638000e-07 0.000000e+00
4.640000e-07 0.000000e+00
4.642000e-07 0.000000e+00
4.644000e-07 0.000000e+00
4.646000e-07 0.000000e+00
4.648000e-07 0.000000e+00
4.650000e-07 0.000000e+00
4.652000e-07 0.000000e+00
4.654000e-07 0.000000e+00
4.656000e-07 0.000000e+00
4.658000e-07 0.000000e+00
4.660000e-07 0.000000e+00
4.662000e-07 0.000000e+00
4.664000e-07 0.000000e+00
4.666000e-07 0.000000e+00
4.668000e-07 0.000000e+00
4.670000e-07 0.000000e+00
4.672000e-07 0.000000e+00
4.674000e-07 0.000000e+00
4.676000e-07 0.000000e+00
4.678000e-07 0.000000e+00
4.680000e-07 0.000000e+00
4.682000e-07 0.000000e+00
4.684000e-07 0.000000e+00
4.686000e-07 0.000000e+00
4.688000e-07 0.000000e+00
4.690000e-07 0.000000e+00
4.692000e-07 0.000000e+00
4.694000e-07 0.000000e+00
4.696000e-07 0.000000e+00
4.698000e-07 0.000000e+00
4.700000e-07 0.000000e+00
4.702000e-07 0.000000e+00
4.704000e-07 0.000000e+00
4.706000e-07 0.000000e+00
4.708000e-07 0.000000e+00
4.710000e-07 0.000000e+00
4.712000e-07 0.000000e+00
4.714000e-07 0.000000e+00
4.716000e-07 0.000000e+00
4.718000e-07 0.000000e+00
4.720000e-07 0.000000e+00
4.722000e-07 0.000000e+00
4.724000e-07 0.000000e+00
4.726000e-07 0.000000e+00
4.728000e-07 0.000000e+00
4.730000e-07 0.000000e+00
4.732000e-07 0.000000e+00
4.734000e-07 0.000000e+00
4.736000e-07 0.000000e+00
4.738000e-07 0.000000e+00
4.740000e-07 0.000000e+00
4.742000e-07 0.000000e+00
4.744000e-07 0.000000e+00
4.746000e-07 0.000000e+00
4.748000e-07 0.000000e+00
4.750000e-07 0.000000e+00
4.752000e-07 0.000000e+00
4.754000e-07 0.000000e+00
4.756000e-07 0.000000e+00
4.758000e-07 0.000000e+00
4.760000e-07 0.000000e+00
4.762000e-07 0.000000e+00
4.764000e-07 0.000000e+00
4.766000e-07 0.000000e+00
4.768000e-07 0.000000e+00
4.770000e-07 0.000000e+00
4.772000e-07 0.000000e+00
4.774000e-07 0.000000e+00
4.776000e-07 0.000000e+00
4.778000e-07 0.000000e+00
4.780000e-07 0.000000e+00
4.782000e-07 0.000000e+00
4.784000e-07 0.000000e+00
4.786000e-07 0.000000e+00
4.788000e-07 0.000000e+00
4.790000e-07 0.000000e+00
4.792000e-07 0.000000e+00
4.794000e-07 0.000000e+00
4.796000e-07 0.000000e+00
4.798000e-07 0.000000e+00
4.800000e-07 0.000000e+00
4.802000e-07 0.000000e+00
4.804000e-07 0.000000e+00
4.806000e-07 0.000000e+00
4.808000e-07 0.000000e+00
4.810000e-07 0.000000e+00
4.812000e-07 0.000000e+00
4.814000e-07 0.000000e+00
4.816000e-07 0.000000e+00
4.818000e-07 0.000000e+00
4.820000e-07 0.000000e+00
4.822000e-07 0.000000e+00
4.824000e-07 0.000000e+00
4.826000e-07 0.000000e+00
4.828000e-07 0.000000e+00
4.830000e-07 0.000000e+00
4.832000e-07 0.000000e+00
4.834000e-07 0.000000e+00
4.836000e-07 0.000000e+00
4.838000e-07 0.000000e+00
4.840000e-07 0.000000e+00
4.842000e-07 0.000000e+00
4.844000e-07 0.000000e+00
4.846000e-07 0.000000e+00
4.848000e-07 0.000000e+00
4.850000e-07 0.000000e+00
4.852000e-07 0.000000e+00
4.854000e-07 0.000000e+00
4.856000e-07 0.000000e+00
4.858000e-07 0.000000e+00
4.860000e-07 0.000000e+00
4.862000e-07 0.000000e+00
4.864000e-07 0.000000e+00
4.866000e-07 0.000000e+00
4.868000e-07 0.000000e+00
4.870000e-07 0.000000e+00
4.872000e-07 0.000000e+00
4.874000e-07 0.000000e+00
4.876000e-07 0.000000e+00
4.878000e-07 0.000000e+00
4.880000e-07 0.000000e+00
4.882000e-07 0.000000e+00
4.884000e-07 0.000000e+00
4.886000e-07 0.000000e+00
4.888000e-07 0.000000e+00
4.890000e-07 0.000000e+00
4.892000e-07 0.000000e+00
4.894000e-07 0.000000e+00
4.896000e-07 0.000000e+00
4.898000e-07 0.000000e+00
4.900000e-07 0.000000e+00
4.902000e-07 0.000000e+00
4.904000e-07 0.000000e+00
4.906000e-07 0.000000e+00
4.908000e-07 0.000000e+00
4.910000e-07 0.000000e+00
4.912000e-07 0.000000e+00
4.914000e-07 0.000000e+00
4.916000e-07 0.000000e+00
4.918000e-07 0.000000e+00
4.920000e-07 0.000000e+00
4.922000e-07 0.000000e+00
4.924000e-07 0.000000e+00
4.926000e-07 0.000000e+00
4.928000e-07 0.000000e+00
4.930000e-07 0.000000e+00
4.932000e-07 0.000000e+00
4.934000e-07 0.000000e+00
4.936000e-07 0.000000e+00
4.938000e-07 0.000000e+00
4.940000e-07 0.000000e+00
4.942000e-07 0.000000e+00
4.944000e-07 0.000000e+00
4.946000e-07 0.000000e+00
4.948000e-07 0.000000e+00
4.950000e-07 0.000000e+00
4.952000e-07 0.000000e+00
4.954000e-07 0.000000e+00
4.956000e-07 0.000000e+00
4.958000e-07 0.000000e+00
4.960000e-07 0.000000e+00
4.962000e-07 0.000000e+00
4.964000e-07 0.000000e+00
4.966000e-07 0.000000e+00
4.968000e-07 0.000000e+00
4.970000e-07 0.000000e+00
4.972000e-07 0.000000e+00
4.974000e-07 0.000000e+00
4.976000e-07 0.000000e+00
4.978000e-07 0.000000e+00
4.980000e-07 0.000000e+00
4.982000e-07 0.000000e+00
4.984000e-07 0.000000e+00
4.986000e-07 0.000000e+00
4.988000e-07 0.000000e+00
4.990000e-07 0.000000e+00
4.992000e-07 0.000000e+00
4.994000e-07 0.000000e+00
4.996000e-07 0.000000e+00
4.998000e-07 0.000000e+00
5.000000e-07 0.000000e+00
5.002000e-07 0.000000e+00
5.004000e-07 0.000000e+00
5.006000e-07 0.000000e+00
5.008000e-07 0.000000e+00
5.010000e-07 0.000000e+00
5.012000e-07 0.000000e+00
5.014000e-07 0.000000e+00
5.016000e-07 0.000000e+00
5.018000e-07 0.000000e+00
5.020000e-07 0.000000e+00
5.022000e-07 0.000000e+00
5.024000e-07 0.000000e+00
5.026000e-07 0.000000e+00
5.028000e-07 0.000000e+00
5.030000e-07 0.000000e+00
5.032000e-07 0.000000e+00
5.034000e-07 0.000000e+00
5.036000e-07 0.000000e+00
5.038000e-07 0.000000e+00
5.040000e-07 0.000000e+00
5.042000e-07 0.000000e+00
5.044000e-07 0.000000e+00
5.046000e-07 0.000000e+00
5.048000e-07 0.000000e+00
5.050000e-07 0.000000e+00
5.052000e-07 0.000000e+00
5.054000e-07 0.000000e+00
5.056000e-07 0.000000e+00
5.058000e-07 0.000000e+00
5.060000e-07 0.000000e+00
5.062000e-07 0.000000e+00
5.064000e-07 0.000000e+00
5.066000e-07 0.000000e+00
5.068000e-07 0.000000e+00
5.070000e-07 0.000000e+00
5.072000e-07 0.000000e+00
5.074000e-07 0.000000e+00
5.076000e-07 0.000000e+00
5.078000e-07 0.000000e+00
5.080000e-07 0.000000e+00
5.082000e-07 0.000000e+00
5.084000e-07 0.000000e+00
5.086000e-07 0.000000e+00
5.088000e-07 0.000000e+00
