0.000000e+00 1.118291e+00 -1.709285e-03
1.000000e-07 1.118291e+00 -1.709285e-03
2.000000e-07 1.118291e+00 -1.709285e-03
3.000000e-07 1.118291e+00 -1.709285e-03
4.000000e-07 1.118291e+00 -1.709285e-03
5.000000e-07 1.118291e+00 -1.709285e-03
6.000000e-07 1.118291e+00 -1.709285e-03
7.000000e-07 1.118291e+00 -1.709285e-03
8.000000e-07 1.118291e+00 -1.709285e-03
9.000000e-07 1.118291e+00 -1.709285e-03
1.000000e-06 1.118291e+00 -1.709285e-03
1.100000e-06 1.118291e+00 -1.709285e-03
1.200000e-06 1.118291e+00 -1.709285e-03
1.300000e-06 1.118291e+00 -1.709285e-03
1.400000e-06 1.118291e+00 -1.709285e-03
1.500000e-06 1.118291e+00 -1.709285e-03
1.600000e-06 1.118291e+00 -1.709285e-03
1.700000e-06 1.118291e+00 -1.709285e-03
1.800000e-06 1.118291e+00 -1.709285e-03
1.900000e-06 1.118291e+00 -1.709285e-03
2.000000e-06 1.118291e+00 -1.709285e-03
2.100000e-06 1.118291e+00 -1.709285e-03
2.200000e-06 1.118291e+00 -1.709285e-03
2.300000e-06 1.118291e+00 -1.709285e-03
2.400000e-06 1.118291e+00 -1.709285e-03
2.500000e-06 1.118291e+00 -1.709285e-03
2.600000e-06 1.118291e+00 -1.709285e-03
2.700000e-06 1.118291e+00 -1.709285e-03
2.800000e-06 1.118291e+00 -1.709285e-03
2.900000e-06 1.118291e+00 -1.709285e-03
3.000000e-06 1.118291e+00 -1.709285e-03
3.100000e-06 1.118291e+00 -1.709285e-03
3.200000e-06 1.118291e+00 -1.709285e-03
3.300000e-06 1.118291e+00 -1.709285e-03
3.400000e-06 1.118291e+00 -1.709285e-03
3.500000e-06 1.118291e+00 -1.709285e-03
3.600000e-06 1.118291e+00 -1.709285e-03
3.700000e-06 1.118291e+00 -1.709285e-03
3.800000e-06 1.118291e+00 -1.709285e-03
3.900000e-06 1.118291e+00 -1.709285e-03
4.000000e-06 1.118291e+00 -1.709285e-03
4.100000e-06 1.118291e+00 -1.709285e-03
4.200000e-06 1.118291e+00 -1.709285e-03
4.300000e-06 1.118291e+00 -1.709285e-03
4.400000e-06 1.118291e+00 -1.709285e-03
4.500000e-06 1.118291e+00 -1.709285e-03
4.600000e-06 1.118291e+00 -1.709285e-03
4.700000e-06 1.118291e+00 -1.709285e-03
4.800000e-06 1.118291e+00 -1.709285e-03
4.900000e-06 1.118291e+00 -1.709285e-03
5.000000e-06 1.118291e+00 -1.709285e-03
5.100000e-06 1.118291e+00 -1.709285e-03
5.200000e-06 1.118291e+00 -1.709285e-03
5.300000e-06 1.118291e+00 -1.709285e-03
5.400000e-06 1.118291e+00 -1.709285e-03
5.500000e-06 1.118291e+00 -1.709285e-03
5.600000e-06 1.118291e+00 -1.709285e-03
5.700000e-06 1.118291e+00 -1.709285e-03
5.800000e-06 1.118291e+00 -1.709285e-03
5.900000e-06 1.118291e+00 -1.709285e-03
6.000000e-06 1.118291e+00 -1.709285e-03
6.100000e-06 1.118291e+00 -1.709285e-03
6.200000e-06 1.118291e+00 -1.709285e-03
6.300000e-06 1.118291e+00 -1.709285e-03
6.400000e-06 1.118291e+00 -1.709285e-03
6.500000e-06 1.118291e+00 -1.709285e-03
6.600000e-06 1.118291e+00 -1.709285e-03
6.700000e-06 1.118291e+00 -1.709285e-03
6.800000e-06 1.118291e+00 -1.709285e-03
6.900000e-06 1.118291e+00 -1.709285e-03
7.000000e-06 1.118291e+00 -1.709285e-03
7.100000e-06 1.118291e+00 -1.709285e-03
7.200000e-06 1.118291e+00 -1.709285e-03
7.300000e-06 1.118291e+00 -1.709285e-03
7.400000e-06 1.118291e+00 -1.709285e-03
7.500000e-06 1.118291e+00 -1.709285e-03
7.600000e-06 1.118291e+00 -1.709285e-03
7.700000e-06 1.118291e+00 -1.709285e-03
7.800000e-06 1.118291e+00 -1.709285e-03
7.900000e-06 1.118291e+00 -1.709285e-03
8.000000e-06 1.118291e+00 -1.709285e-03
8.100000e-06 1.118291e+00 -1.709285e-03
8.200000e-06 1.118291e+00 -1.709285e-03
8.300000e-06 1.118291e+00 -1.709285e-03
8.400000e-06 1.118291e+00 -1.709285e-03
8.500000e-06 1.118291e+00 -1.709285e-03
8.600000e-06 1.118291e+00 -1.709285e-03
8.700000e-06 1.118291e+00 -1.709285e-03
8.800000e-06 1.118291e+00 -1.709285e-03
8.900000e-06 1.118291e+00 -1.709285e-03
9.000000e-06 1.118291e+00 -1.709285e-03
9.100000e-06 1.118291e+00 -1.709285e-03
9.200000e-06 1.118291e+00 -1.709285e-03
9.300000e-06 1.118291e+00 -1.709285e-03
9.400000e-06 1.118291e+00 -1.709285e-03
9.500000e-06 1.118291e+00 -1.709285e-03
9.600000e-06 1.118291e+00 -1.709285e-03
9.700000e-06 1.118291e+00 -1.709285e-03
9.800000e-06 1.118291e+00 -1.709285e-03
9.900000e-06 1.118291e+00 -1.709285e-03
1.000000e-05 1.118291e+00 -1.709285e-03
1.010000e-05 1.118291e+00 -1.709285e-03
1.020000e-05 1.118291e+00 -1.709285e-03
1.030000e-05 1.118291e+00 -1.709285e-03
1.040000e-05 1.118291e+00 -1.709285e-03
1.050000e-05 1.118291e+00 -1.709285e-03
1.060000e-05 1.118291e+00 -1.709285e-03
1.070000e-05 1.118291e+00 -1.709285e-03
1.080000e-05 1.118291e+00 -1.709285e-03
1.090000e-05 1.118291e+00 -1.709285e-03
1.100000e-05 1.118291e+00 -1.709285e-03
1.110000e-05 1.118291e+00 -1.709285e-03
1.120000e-05 1.118291e+00 -1.709285e-03
1.130000e-05 1.118291e+00 -1.709285e-03
1.140000e-05 1.118291e+00 -1.709285e-03
1.150000e-05 1.118291e+00 -1.709285e-03
1.160000e-05 1.118291e+00 -1.709285e-03
1.170000e-05 1.118291e+00 -1.709285e-03
1.180000e-05 1.118291e+00 -1.709285e-03
1.190000e-05 1.118291e+00 -1.709285e-03
1.200000e-05 1.118291e+00 -1.709285e-03
1.210000e-05 1.118291e+00 -1.709285e-03
1.220000e-05 1.118291e+00 -1.709285e-03
1.230000e-05 1.118291e+00 -1.709285e-03
1.240000e-05 1.118291e+00 -1.709285e-03
1.250000e-05 1.118291e+00 -1.709285e-03
1.260000e-05 1.118291e+00 -1.709285e-03
1.270000e-05 1.118291e+00 -1.709285e-03
1.280000e-05 1.118291e+00 -1.709285e-03
1.290000e-05 1.118291e+00 -1.709285e-03
1.300000e-05 1.118291e+00 -1.709285e-03
1.310000e-05 1.118291e+00 -1.709285e-03
1.320000e-05 1.118291e+00 -1.709285e-03
1.330000e-05 1.118291e+00 -1.709285e-03
1.340000e-05 1.118291e+00 -1.709285e-03
1.350000e-05 1.118291e+00 -1.709285e-03
1.360000e-05 1.118291e+00 -1.709285e-03
1.370000e-05 1.118291e+00 -1.709285e-03
1.380000e-05 1.118291e+00 -1.709285e-03
1.390000e-05 1.118291e+00 -1.709285e-03
1.400000e-05 1.118291e+00 -1.709285e-03
1.410000e-05 1.118291e+00 -1.709285e-03
1.420000e-05 1.118291e+00 -1.709285e-03
1.430000e-05 1.118291e+00 -1.709285e-03
1.440000e-05 1.118291e+00 -1.709285e-03
1.450000e-05 1.118291e+00 -1.709285e-03
1.460000e-05 1.118291e+00 -1.709285e-03
1.470000e-05 1.118291e+00 -1.709285e-03
1.480000e-05 1.118291e+00 -1.709285e-03
1.490000e-05 1.118291e+00 -1.709285e-03
1.500000e-05 1.118291e+00 -1.709285e-03
1.510000e-05 1.118291e+00 -1.709285e-03
1.520000e-05 1.118291e+00 -1.709285e-03
1.530000e-05 1.118291e+00 -1.709285e-03
1.540000e-05 1.118291e+00 -1.709285e-03
1.550000e-05 1.118291e+00 -1.709285e-03
1.560000e-05 1.118291e+00 -1.709285e-03
1.570000e-05 1.118291e+00 -1.709285e-03
1.580000e-05 1.118291e+00 -1.709285e-03
1.590000e-05 1.118291e+00 -1.709285e-03
1.600000e-05 1.118291e+00 -1.709285e-03
1.610000e-05 1.118291e+00 -1.709285e-03
1.620000e-05 1.118291e+00 -1.709285e-03
1.630000e-05 1.118291e+00 -1.709285e-03
1.640000e-05 1.118291e+00 -1.709285e-03
1.650000e-05 1.118291e+00 -1.709285e-03
1.660000e-05 1.118291e+00 -1.709285e-03
1.670000e-05 1.118291e+00 -1.709285e-03
1.680000e-05 1.118291e+00 -1.709285e-03
1.690000e-05 1.118291e+00 -1.709285e-03
1.700000e-05 1.118291e+00 -1.709285e-03
1.710000e-05 1.118291e+00 -1.709285e-03
1.720000e-05 1.118291e+00 -1.709285e-03
1.730000e-05 1.118291e+00 -1.709285e-03
1.740000e-05 1.118291e+00 -1.709285e-03
1.750000e-05 1.118291e+00 -1.709285e-03
1.760000e-05 1.118291e+00 -1.709285e-03
1.770000e-05 1.118291e+00 -1.709285e-03
1.780000e-05 1.118291e+00 -1.709285e-03
1.790000e-05 1.118291e+00 -1.709285e-03
1.800000e-05 1.118291e+00 -1.709285e-03
1.810000e-05 1.118291e+00 -1.709285e-03
1.820000e-05 1.118291e+00 -1.709285e-03
1.830000e-05 1.118291e+00 -1.709285e-03
1.840000e-05 1.118291e+00 -1.709285e-03
1.850000e-05 1.118291e+00 -1.709285e-03
1.860000e-05 1.118291e+00 -1.709285e-03
1.870000e-05 1.118291e+00 -1.709285e-03
1.880000e-05 1.118291e+00 -1.709285e-03
1.890000e-05 1.118291e+00 -1.709285e-03
1.900000e-05 1.118291e+00 -1.709285e-03
1.910000e-05 1.118291e+00 -1.709285e-03
1.920000e-05 1.118291e+00 -1.709285e-03
1.930000e-05 1.118291e+00 -1.709285e-03
1.940000e-05 1.118291e+00 -1.709285e-03
1.950000e-05 1.118291e+00 -1.709285e-03
1.960000e-05 1.118291e+00 -1.709285e-03
1.970000e-05 1.118291e+00 -1.709285e-03
1.980000e-05 1.118291e+00 -1.709285e-03
1.990000e-05 1.118291e+00 -1.709285e-03
2.000000e-05 1.118291e+00 -1.709285e-03
2.010000e-05 1.118291e+00 -1.709285e-03
2.020000e-05 1.118291e+00 -1.709285e-03
2.030000e-05 1.118291e+00 -1.709285e-03
2.040000e-05 1.118291e+00 -1.709285e-03
2.050000e-05 1.118291e+00 -1.709285e-03
2.060000e-05 1.118291e+00 -1.709285e-03
2.070000e-05 1.118291e+00 -1.709285e-03
2.080000e-05 1.118291e+00 -1.709285e-03
2.090000e-05 1.118291e+00 -1.709285e-03
2.100000e-05 1.118291e+00 -1.709285e-03
2.110000e-05 1.118291e+00 -1.709285e-03
2.120000e-05 1.118291e+00 -1.709285e-03
2.130000e-05 1.118291e+00 -1.709285e-03
2.140000e-05 1.118291e+00 -1.709285e-03
2.150000e-05 1.118291e+00 -1.709285e-03
2.160000e-05 1.118291e+00 -1.709285e-03
2.170000e-05 1.118291e+00 -1.709285e-03
2.180000e-05 1.118291e+00 -1.709285e-03
2.190000e-05 1.118291e+00 -1.709285e-03
2.200000e-05 1.118291e+00 -1.709285e-03
2.210000e-05 1.118291e+00 -1.709285e-03
2.220000e-05 1.118291e+00 -1.709285e-03
2.230000e-05 1.118291e+00 -1.709285e-03
2.240000e-05 1.118291e+00 -1.709285e-03
2.250000e-05 1.118291e+00 -1.709285e-03
2.260000e-05 1.118291e+00 -1.709285e-03
2.270000e-05 1.118291e+00 -1.709285e-03
2.280000e-05 1.118291e+00 -1.709285e-03
2.290000e-05 1.118291e+00 -1.709285e-03
2.300000e-05 1.118291e+00 -1.709285e-03
2.310000e-05 1.118291e+00 -1.709285e-03
2.320000e-05 1.118291e+00 -1.709285e-03
2.330000e-05 1.118291e+00 -1.709285e-03
2.340000e-05 1.118291e+00 -1.709285e-03
2.350000e-05 1.118291e+00 -1.709285e-03
2.360000e-05 1.118291e+00 -1.709285e-03
2.370000e-05 1.118291e+00 -1.709285e-03
2.380000e-05 1.118291e+00 -1.709285e-03
2.390000e-05 1.118291e+00 -1.709285e-03
2.400000e-05 1.118291e+00 -1.709285e-03
2.410000e-05 1.118291e+00 -1.709285e-03
2.420000e-05 1.118291e+00 -1.709285e-03
2.430000e-05 1.118291e+00 -1.709285e-03
2.440000e-05 1.118291e+00 -1.709285e-03
2.450000e-05 1.118291e+00 -1.709285e-03
2.460000e-05 1.118291e+00 -1.709285e-03
2.470000e-05 1.118291e+00 -1.709285e-03
2.480000e-05 1.118291e+00 -1.709285e-03
2.490000e-05 1.118291e+00 -1.709285e-03
2.500000e-05 1.118291e+00 -1.709285e-03
2.510000e-05 1.118291e+00 -1.709285e-03
2.520000e-05 1.118291e+00 -1.709285e-03
2.530000e-05 1.118291e+00 -1.709285e-03
2.540000e-05 1.118291e+00 -1.709285e-03
2.550000e-05 1.118291e+00 -1.709285e-03
2.560000e-05 1.118291e+00 -1.709285e-03
2.570000e-05 1.118291e+00 -1.709285e-03
2.580000e-05 1.118291e+00 -1.709285e-03
2.590000e-05 1.118291e+00 -1.709285e-03
2.600000e-05 1.118291e+00 -1.709285e-03
2.610000e-05 1.118291e+00 -1.709285e-03
2.620000e-05 1.118291e+00 -1.709285e-03
2.630000e-05 1.118291e+00 -1.709285e-03
2.640000e-05 1.118291e+00 -1.709285e-03
2.650000e-05 1.118291e+00 -1.709285e-03
2.660000e-05 1.118291e+00 -1.709285e-03
2.670000e-05 1.118291e+00 -1.709285e-03
2.680000e-05 1.118291e+00 -1.709285e-03
2.690000e-05 1.118291e+00 -1.709285e-03
2.700000e-05 1.118291e+00 -1.709285e-03
2.710000e-05 1.118291e+00 -1.709285e-03
2.720000e-05 1.118291e+00 -1.709285e-03
2.730000e-05 1.118291e+00 -1.709285e-03
2.740000e-05 1.118291e+00 -1.709285e-03
2.750000e-05 1.118291e+00 -1.709285e-03
2.760000e-05 1.118291e+00 -1.709285e-03
2.770000e-05 1.118291e+00 -1.709285e-03
2.780000e-05 1.118291e+00 -1.709285e-03
2.790000e-05 1.118291e+00 -1.709285e-03
2.800000e-05 1.118291e+00 -1.709285e-03
2.810000e-05 1.118291e+00 -1.709285e-03
2.820000e-05 1.118291e+00 -1.709285e-03
2.830000e-05 1.118291e+00 -1.709285e-03
2.840000e-05 1.118291e+00 -1.709285e-03
2.850000e-05 1.118291e+00 -1.709285e-03
2.860000e-05 1.118291e+00 -1.709285e-03
2.870000e-05 1.118291e+00 -1.709285e-03
2.880000e-05 1.118291e+00 -1.709285e-03
2.890000e-05 1.118291e+00 -1.709285e-03
2.900000e-05 1.118291e+00 -1.709285e-03
2.910000e-05 1.118291e+00 -1.709285e-03
2.920000e-05 1.118291e+00 -1.709285e-03
2.930000e-05 1.118291e+00 -1.709285e-03
2.940000e-05 1.118291e+00 -1.709285e-03
2.950000e-05 1.118291e+00 -1.709285e-03
2.960000e-05 1.118291e+00 -1.709285e-03
2.970000e-05 1.118291e+00 -1.709285e-03
2.980000e-05 1.118291e+00 -1.709285e-03
2.990000e-05 1.118291e+00 -1.709285e-03
3.000000e-05 1.118291e+00 -1.709285e-03
3.010000e-05 1.118291e+00 -1.709285e-03
3.020000e-05 1.118291e+00 -1.709285e-03
3.030000e-05 1.118291e+00 -1.709285e-03
3.040000e-05 1.118291e+00 -1.709285e-03
3.050000e-05 1.118291e+00 -1.709285e-03
3.060000e-05 1.118291e+00 -1.709285e-03
3.070000e-05 1.118291e+00 -1.709285e-03
3.080000e-05 1.118291e+00 -1.709285e-03
3.090000e-05 1.118291e+00 -1.709285e-03
3.100000e-05 1.118291e+00 -1.709285e-03
3.110000e-05 1.118291e+00 -1.709285e-03
3.120000e-05 1.118291e+00 -1.709285e-03
3.130000e-05 1.118291e+00 -1.709285e-03
3.140000e-05 1.118291e+00 -1.709285e-03
3.150000e-05 1.118291e+00 -1.709285e-03
3.160000e-05 1.118291e+00 -1.709285e-03
3.170000e-05 1.118291e+00 -1.709285e-03
3.180000e-05 1.118291e+00 -1.709285e-03
3.190000e-05 1.118291e+00 -1.709285e-03
3.200000e-05 1.118291e+00 -1.709285e-03
3.210000e-05 1.118291e+00 -1.709285e-03
3.220000e-05 1.118291e+00 -1.709285e-03
3.230000e-05 1.118291e+00 -1.709285e-03
3.240000e-05 1.118291e+00 -1.709285e-03
3.250000e-05 1.118291e+00 -1.709285e-03
3.260000e-05 1.118291e+00 -1.709285e-03
3.270000e-05 1.118291e+00 -1.709285e-03
3.280000e-05 1.118291e+00 -1.709285e-03
3.290000e-05 1.118291e+00 -1.709285e-03
3.300000e-05 1.118291e+00 -1.709285e-03
3.310000e-05 1.118291e+00 -1.709285e-03
3.320000e-05 1.118291e+00 -1.709285e-03
3.330000e-05 1.118291e+00 -1.709285e-03
3.340000e-05 1.118291e+00 -1.709285e-03
3.350000e-05 1.118291e+00 -1.709285e-03
3.360000e-05 1.118291e+00 -1.709285e-03
3.370000e-05 1.118291e+00 -1.709285e-03
3.380000e-05 1.118291e+00 -1.709285e-03
3.390000e-05 1.118291e+00 -1.709285e-03
3.400000e-05 1.118291e+00 -1.709285e-03
3.410000e-05 1.118291e+00 -1.709285e-03
3.420000e-05 1.118291e+00 -1.709285e-03
3.430000e-05 1.118291e+00 -1.709285e-03
3.440000e-05 1.118291e+00 -1.709285e-03
3.450000e-05 1.118291e+00 -1.709285e-03
3.460000e-05 1.118291e+00 -1.709285e-03
3.470000e-05 1.118291e+00 -1.709285e-03
3.480000e-05 1.118291e+00 -1.709285e-03
3.490000e-05 1.118291e+00 -1.709285e-03
3.500000e-05 1.118291e+00 -1.709285e-03
3.510000e-05 1.118291e+00 -1.709285e-03
3.520000e-05 1.118291e+00 -1.709285e-03
3.530000e-05 1.118291e+00 -1.709285e-03
3.540000e-05 1.118291e+00 -1.709285e-03
3.550000e-05 1.118291e+00 -1.709285e-03
3.560000e-05 1.118291e+00 -1.709285e-03
3.570000e-05 1.118291e+00 -1.709285e-03
3.580000e-05 1.118291e+00 -1.709285e-03
3.590000e-05 1.118291e+00 -1.709285e-03
3.600000e-05 1.118291e+00 -1.709285e-03
3.610000e-05 1.118291e+00 -1.709285e-03
3.620000e-05 1.118291e+00 -1.709285e-03
3.630000e-05 1.118291e+00 -1.709285e-03
3.640000e-05 1.118291e+00 -1.709285e-03
3.650000e-05 1.118291e+00 -1.709285e-03
3.660000e-05 1.118291e+00 -1.709285e-03
3.670000e-05 1.118291e+00 -1.709285e-03
3.680000e-05 1.118291e+00 -1.709285e-03
3.690000e-05 1.118291e+00 -1.709285e-03
3.700000e-05 1.118291e+00 -1.709285e-03
3.710000e-05 1.118291e+00 -1.709285e-03
3.720000e-05 1.118291e+00 -1.709285e-03
3.730000e-05 1.118291e+00 -1.709285e-03
3.740000e-05 1.118291e+00 -1.709285e-03
3.750000e-05 1.118291e+00 -1.709285e-03
3.760000e-05 1.118291e+00 -1.709285e-03
3.770000e-05 1.118291e+00 -1.709285e-03
3.780000e-05 1.118291e+00 -1.709285e-03
3.790000e-05 1.118291e+00 -1.709285e-03
3.800000e-05 1.118291e+00 -1.709285e-03
3.810000e-05 1.118291e+00 -1.709285e-03
3.820000e-05 1.118291e+00 -1.709285e-03
3.830000e-05 1.118291e+00 -1.709285e-03
3.840000e-05 1.118291e+00 -1.709285e-03
3.850000e-05 1.118291e+00 -1.709285e-03
3.860000e-05 1.118291e+00 -1.709285e-03
3.870000e-05 1.118291e+00 -1.709285e-03
3.880000e-05 1.118291e+00 -1.709285e-03
3.890000e-05 1.118291e+00 -1.709285e-03
3.900000e-05 1.118291e+00 -1.709285e-03
3.910000e-05 1.118291e+00 -1.709285e-03
3.920000e-05 1.118291e+00 -1.709285e-03
3.930000e-05 1.118291e+00 -1.709285e-03
3.940000e-05 1.118291e+00 -1.709285e-03
3.950000e-05 1.118291e+00 -1.709285e-03
3.960000e-05 1.118291e+00 -1.709285e-03
3.970000e-05 1.118291e+00 -1.709285e-03
3.980000e-05 1.118291e+00 -1.709285e-03
3.990000e-05 1.118291e+00 -1.709285e-03
4.000000e-05 1.118291e+00 -1.709285e-03
4.010000e-05 1.118291e+00 -1.709285e-03
4.020000e-05 1.118291e+00 -1.709285e-03
4.030000e-05 1.118291e+00 -1.709285e-03
4.040000e-05 1.118291e+00 -1.709285e-03
4.050000e-05 1.118291e+00 -1.709285e-03
4.060000e-05 1.118291e+00 -1.709285e-03
4.070000e-05 1.118291e+00 -1.709285e-03
4.080000e-05 1.118291e+00 -1.709285e-03
4.090000e-05 1.118291e+00 -1.709285e-03
4.100000e-05 1.118291e+00 -1.709285e-03
4.110000e-05 1.118291e+00 -1.709285e-03
4.120000e-05 1.118291e+00 -1.709285e-03
4.130000e-05 1.118291e+00 -1.709285e-03
4.140000e-05 1.118291e+00 -1.709285e-03
4.150000e-05 1.118291e+00 -1.709285e-03
4.160000e-05 1.118291e+00 -1.709285e-03
4.170000e-05 1.118291e+00 -1.709285e-03
4.180000e-05 1.118291e+00 -1.709285e-03
4.190000e-05 1.118291e+00 -1.709285e-03
4.200000e-05 1.118291e+00 -1.709285e-03
4.210000e-05 1.118291e+00 -1.709285e-03
4.220000e-05 1.118291e+00 -1.709285e-03
4.230000e-05 1.118291e+00 -1.709285e-03
4.240000e-05 1.118291e+00 -1.709285e-03
4.250000e-05 1.118291e+00 -1.709285e-03
4.260000e-05 1.118291e+00 -1.709285e-03
4.270000e-05 1.118291e+00 -1.709285e-03
4.280000e-05 1.118291e+00 -1.709285e-03
4.290000e-05 1.118291e+00 -1.709285e-03
4.300000e-05 1.118291e+00 -1.709285e-03
4.310000e-05 1.118291e+00 -1.709285e-03
4.320000e-05 1.118291e+00 -1.709285e-03
4.330000e-05 1.118291e+00 -1.709285e-03
4.340000e-05 1.118291e+00 -1.709285e-03
4.350000e-05 1.118291e+00 -1.709285e-03
4.360000e-05 1.118291e+00 -1.709285e-03
4.370000e-05 1.118291e+00 -1.709285e-03
4.380000e-05 1.118291e+00 -1.709285e-03
4.390000e-05 1.118291e+00 -1.709285e-03
4.400000e-05 1.118291e+00 -1.709285e-03
4.410000e-05 1.118291e+00 -1.709285e-03
4.420000e-05 1.118291e+00 -1.709285e-03
4.430000e-05 1.118291e+00 -1.709285e-03
4.440000e-05 1.118291e+00 -1.709285e-03
4.450000e-05 1.118291e+00 -1.709285e-03
4.460000e-05 1.118291e+00 -1.709285e-03
4.470000e-05 1.118291e+00 -1.709285e-03
4.480000e-05 1.118291e+00 -1.709285e-03
4.490000e-05 1.118291e+00 -1.709285e-03
4.500000e-05 1.118291e+00 -1.709285e-03
4.510000e-05 1.118291e+00 -1.709285e-03
4.520000e-05 1.118291e+00 -1.709285e-03
4.530000e-05 1.118291e+00 -1.709285e-03
4.540000e-05 1.118291e+00 -1.709285e-03
4.550000e-05 1.118291e+00 -1.709285e-03
4.560000e-05 1.118291e+00 -1.709285e-03
4.570000e-05 1.118291e+00 -1.709285e-03
4.580000e-05 1.118291e+00 -1.709285e-03
4.590000e-05 1.118291e+00 -1.709285e-03
4.600000e-05 1.118291e+00 -1.709285e-03
4.610000e-05 1.118291e+00 -1.709285e-03
4.620000e-05 1.118291e+00 -1.709285e-03
4.630000e-05 1.118291e+00 -1.709285e-03
4.640000e-05 1.118291e+00 -1.709285e-03
4.650000e-05 1.118291e+00 -1.709285e-03
4.660000e-05 1.118291e+00 -1.709285e-03
4.670000e-05 1.118291e+00 -1.709285e-03
4.680000e-05 1.118291e+00 -1.709285e-03
4.690000e-05 1.118291e+00 -1.709285e-03
4.700000e-05 1.118291e+00 -1.709286e-03
4.710000e-05 1.118291e+00 -1.709288e-03
4.720000e-05 1.118291e+00 -1.709292e-03
4.730000e-05 1.118291e+00 -1.709301e-03
4.740000e-05 1.118291e+00 -1.709319e-03
4.750000e-05 1.118291e+00 -1.709359e-03
4.760000e-05 1.118291e+00 -1.709442e-03
4.770000e-05 1.118290e+00 -1.709620e-03
4.780000e-05 1.118290e+00 -1.709997e-03
4.790000e-05 1.118289e+00 -1.710802e-03
4.800000e-05 1.118287e+00 -1.712513e-03
4.810000e-05 1.118284e+00 -1.716157e-03
4.820000e-05 1.118276e+00 -1.723910e-03
4.830000e-05 1.118260e+00 -1.740411e-03
4.840000e-05 1.118224e+00 -1.775523e-03
4.850000e-05 1.118150e+00 -1.850210e-03
4.860000e-05 1.117991e+00 -2.008977e-03
4.870000e-05 1.117654e+00 -2.345998e-03
4.880000e-05 1.116941e+00 -3.059279e-03
4.890000e-05 1.115441e+00 -4.559466e-03
4.900000e-05 1.112326e+00 -7.674134e-03
4.910000e-05 1.106025e+00 -1.397550e-02
4.920000e-05 1.093880e+00 -2.611973e-02
4.930000e-05 1.072286e+00 -4.771401e-02
4.940000e-05 1.037835e+00 -8.216486e-02
4.950000e-05 9.886067e-01 -1.313933e-01
4.960000e-05 9.240148e-01 -1.959852e-01
4.970000e-05 8.439655e-01 -2.760345e-01
4.980000e-05 7.484506e-01 -3.715494e-01
4.990000e-05 6.374698e-01 -4.825302e-01
5.000000e-05 5.110231e-01 -6.089769e-01
5.010000e-05 4.000423e-01 -7.199577e-01
5.020000e-05 3.045275e-01 -8.154725e-01
5.030000e-05 2.244781e-01 -8.955219e-01
5.040000e-05 1.598863e-01 -9.601137e-01
5.050000e-05 1.106578e-01 -1.009342e+00
5.060000e-05 7.620697e-02 -1.043793e+00
5.070000e-05 5.461269e-02 -1.065387e+00
5.080000e-05 4.246846e-02 -1.077532e+00
5.090000e-05 3.616709e-02 -1.083833e+00
5.100000e-05 3.305243e-02 -1.086948e+00
5.110000e-05 3.155224e-02 -1.088448e+00
5.120000e-05 3.083896e-02 -1.089161e+00
5.130000e-05 3.050194e-02 -1.089498e+00
5.140000e-05 3.034317e-02 -1.089657e+00
5.150000e-05 3.026848e-02 -1.089732e+00
5.160000e-05 3.023337e-02 -1.089767e+00
5.170000e-05 3.021687e-02 -1.089783e+00
5.180000e-05 3.020912e-02 -1.089791e+00
5.190000e-05 3.020547e-02 -1.089795e+00
5.200000e-05 3.020376e-02 -1.089796e+00
5.210000e-05 3.020296e-02 -1.089797e+00
5.220000e-05 3.020258e-02 -1.089797e+00
5.230000e-05 3.020240e-02 -1.089798e+00
5.240000e-05 3.020232e-02 -1.089798e+00
5.250000e-05 3.020228e-02 -1.089798e+00
5.260000e-05 3.020226e-02 -1.089798e+00
5.270000e-05 3.020225e-02 -1.089798e+00
5.280000e-05 3.020225e-02 -1.089798e+00
5.290000e-05 3.020225e-02 -1.089798e+00
5.300000e-05 3.020225e-02 -1.089798e+00
5.310000e-05 3.020225e-02 -1.089798e+00
5.320000e-05 3.020225e-02 -1.089798e+00
5.330000e-05 3.020225e-02 -1.089798e+00
5.340000e-05 3.020225e-02 -1.089798e+00
5.350000e-05 3.020225e-02 -1.089798e+00
5.360000e-05 3.020225e-02 -1.089798e+00
5.370000e-05 3.020225e-02 -1.089798e+00
5.380000e-05 3.020225e-02 -1.089798e+00
5.390000e-05 3.020225e-02 -1.089798e+00
5.400000e-05 3.020225e-02 -1.089798e+00
5.410000e-05 3.020225e-02 -1.089798e+00
5.420000e-05 3.020225e-02 -1.089798e+00
5.430000e-05 3.020225e-02 -1.089798e+00
5.440000e-05 3.020225e-02 -1.089798e+00
5.450000e-05 3.020225e-02 -1.089798e+00
5.460000e-05 3.020225e-02 -1.089798e+00
5.470000e-05 3.020225e-02 -1.089798e+00
5.480000e-05 3.020225e-02 -1.089798e+00
5.490000e-05 3.020225e-02 -1.089798e+00
5.500000e-05 3.020225e-02 -1.089798e+00
5.510000e-05 3.020225e-02 -1.089798e+00
5.520000e-05 3.020225e-02 -1.089798e+00
5.530000e-05 3.020225e-02 -1.089798e+00
5.540000e-05 3.020225e-02 -1.089798e+00
5.550000e-05 3.020225e-02 -1.089798e+00
5.560000e-05 3.020225e-02 -1.089798e+00
5.570000e-05 3.020225e-02 -1.089798e+00
5.580000e-05 3.020225e-02 -1.089798e+00
5.590000e-05 3.020225e-02 -1.089798e+00
5.600000e-05 3.020225e-02 -1.089798e+00
5.610000e-05 3.020225e-02 -1.089798e+00
5.620000e-05 3.020225e-02 -1.089798e+00
5.630000e-05 3.020225e-02 -1.089798e+00
5.640000e-05 3.020225e-02 -1.089798e+00
5.650000e-05 3.020225e-02 -1.089798e+00
5.660000e-05 3.020225e-02 -1.089798e+00
5.670000e-05 3.020225e-02 -1.089798e+00
5.680000e-05 3.020225e-02 -1.089798e+00
5.690000e-05 3.020225e-02 -1.089798e+00
5.700000e-05 3.020225e-02 -1.089798e+00
5.710000e-05 3.020225e-02 -1.089798e+00
5.720000e-05 3.020225e-02 -1.089798e+00
5.730000e-05 3.020225e-02 -1.089798e+00
5.740000e-05 3.020225e-02 -1.089798e+00
5.750000e-05 3.020225e-02 -1.089798e+00
5.760000e-05 3.020225e-02 -1.089798e+00
5.770000e-05 3.020225e-02 -1.089798e+00
5.780000e-05 3.020225e-02 -1.089798e+00
5.790000e-05 3.020225e-02 -1.089798e+00
5.800000e-05 3.020225e-02 -1.089798e+00
5.810000e-05 3.020225e-02 -1.089798e+00
5.820000e-05 3.020225e-02 -1.089798e+00
5.830000e-05 3.020225e-02 -1.089798e+00
5.840000e-05 3.020225e-02 -1.089798e+00
5.850000e-05 3.020225e-02 -1.089798e+00
5.860000e-05 3.020225e-02 -1.089798e+00
5.870000e-05 3.020225e-02 -1.089798e+00
5.880000e-05 3.020225e-02 -1.089798e+00
5.890000e-05 3.020225e-02 -1.089798e+00
5.900000e-05 3.020225e-02 -1.089798e+00
5.910000e-05 3.020225e-02 -1.089798e+00
5.920000e-05 3.020225e-02 -1.089798e+00
5.930000e-05 3.020225e-02 -1.089798e+00
5.940000e-05 3.020225e-02 -1.089798e+00
5.950000e-05 3.020225e-02 -1.089798e+00
5.960000e-05 3.020225e-02 -1.089798e+00
5.970000e-05 3.020225e-02 -1.089798e+00
5.980000e-05 3.020225e-02 -1.089798e+00
5.990000e-05 3.020225e-02 -1.089798e+00
6.000000e-05 3.020225e-02 -1.089798e+00
6.010000e-05 3.020225e-02 -1.089798e+00
6.020000e-05 3.020225e-02 -1.089798e+00
6.030000e-05 3.020225e-02 -1.089798e+00
6.040000e-05 3.020225e-02 -1.089798e+00
6.050000e-05 3.020225e-02 -1.089798e+00
6.060000e-05 3.020225e-02 -1.089798e+00
6.070000e-05 3.020225e-02 -1.089798e+00
6.080000e-05 3.020225e-02 -1.089798e+00
6.090000e-05 3.020225e-02 -1.089798e+00
6.100000e-05 3.020225e-02 -1.089798e+00
6.110000e-05 3.020225e-02 -1.089798e+00
6.120000e-05 3.020225e-02 -1.089798e+00
6.130000e-05 3.020225e-02 -1.089798e+00
6.140000e-05 3.020225e-02 -1.089798e+00
6.150000e-05 3.020225e-02 -1.089798e+00
6.160000e-05 3.020225e-02 -1.089798e+00
6.170000e-05 3.020225e-02 -1.089798e+00
6.180000e-05 3.020225e-02 -1.089798e+00
6.190000e-05 3.020225e-02 -1.089798e+00
6.200000e-05 3.020225e-02 -1.089798e+00
6.210000e-05 3.020225e-02 -1.089798e+00
6.220000e-05 3.020225e-02 -1.089798e+00
6.230000e-05 3.020225e-02 -1.089798e+00
6.240000e-05 3.020225e-02 -1.089798e+00
6.250000e-05 3.020225e-02 -1.089798e+00
6.260000e-05 3.020225e-02 -1.089798e+00
6.270000e-05 3.020225e-02 -1.089798e+00
6.280000e-05 3.020225e-02 -1.089798e+00
6.290000e-05 3.020225e-02 -1.089798e+00
6.300000e-05 3.020225e-02 -1.089798e+00
6.310000e-05 3.020225e-02 -1.089798e+00
6.320000e-05 3.020225e-02 -1.089798e+00
6.330000e-05 3.020225e-02 -1.089798e+00
6.340000e-05 3.020225e-02 -1.089798e+00
6.350000e-05 3.020225e-02 -1.089798e+00
6.360000e-05 3.020225e-02 -1.089798e+00
6.370000e-05 3.020225e-02 -1.089798e+00
6.380000e-05 3.020225e-02 -1.089798e+00
6.390000e-05 3.020225e-02 -1.089798e+00
6.400000e-05 3.020225e-02 -1.089798e+00
6.410000e-05 3.020225e-02 -1.089798e+00
6.420000e-05 3.020225e-02 -1.089798e+00
6.430000e-05 3.020225e-02 -1.089798e+00
6.440000e-05 3.020225e-02 -1.089798e+00
6.450000e-05 3.020225e-02 -1.089798e+00
6.460000e-05 3.020225e-02 -1.089798e+00
6.470000e-05 3.020225e-02 -1.089798e+00
6.480000e-05 3.020225e-02 -1.089798e+00
6.490000e-05 3.020225e-02 -1.089798e+00
6.500000e-05 3.020225e-02 -1.089798e+00
6.510000e-05 3.020225e-02 -1.089798e+00
6.520000e-05 3.020225e-02 -1.089798e+00
6.530000e-05 3.020225e-02 -1.089798e+00
6.540000e-05 3.020225e-02 -1.089798e+00
6.550000e-05 3.020225e-02 -1.089798e+00
6.560000e-05 3.020225e-02 -1.089798e+00
6.570000e-05 3.020225e-02 -1.089798e+00
6.580000e-05 3.020225e-02 -1.089798e+00
6.590000e-05 3.020225e-02 -1.089798e+00
6.600000e-05 3.020225e-02 -1.089798e+00
6.610000e-05 3.020225e-02 -1.089798e+00
6.620000e-05 3.020225e-02 -1.089798e+00
6.630000e-05 3.020225e-02 -1.089798e+00
6.640000e-05 3.020225e-02 -1.089798e+00
6.650000e-05 3.020225e-02 -1.089798e+00
6.660000e-05 3.020225e-02 -1.089798e+00
6.670000e-05 3.020225e-02 -1.089798e+00
6.680000e-05 3.020225e-02 -1.089798e+00
6.690000e-05 3.020225e-02 -1.089798e+00
6.700000e-05 3.020225e-02 -1.089798e+00
6.710000e-05 3.020225e-02 -1.089798e+00
6.720000e-05 3.020225e-02 -1.089798e+00
6.730000e-05 3.020225e-02 -1.089798e+00
6.740000e-05 3.020225e-02 -1.089798e+00
6.750000e-05 3.020225e-02 -1.089798e+00
6.760000e-05 3.020225e-02 -1.089798e+00
6.770000e-05 3.020225e-02 -1.089798e+00
6.780000e-05 3.020225e-02 -1.089798e+00
6.790000e-05 3.020225e-02 -1.089798e+00
6.800000e-05 3.020225e-02 -1.089798e+00
6.810000e-05 3.020225e-02 -1.089798e+00
6.820000e-05 3.020225e-02 -1.089798e+00
6.830000e-05 3.020225e-02 -1.089798e+00
6.840000e-05 3.020225e-02 -1.089798e+00
6.850000e-05 3.020225e-02 -1.089798e+00
6.860000e-05 3.020225e-02 -1.089798e+00
6.870000e-05 3.020225e-02 -1.089798e+00
6.880000e-05 3.020225e-02 -1.089798e+00
6.890000e-05 3.020225e-02 -1.089798e+00
6.900000e-05 3.020225e-02 -1.089798e+00
6.910000e-05 3.020225e-02 -1.089798e+00
6.920000e-05 3.020225e-02 -1.089798e+00
6.930000e-05 3.020225e-02 -1.089798e+00
6.940000e-05 3.020225e-02 -1.089798e+00
6.950000e-05 3.020225e-02 -1.089798e+00
6.960000e-05 3.020225e-02 -1.089798e+00
6.970000e-05 3.020225e-02 -1.089798e+00
6.980000e-05 3.020225e-02 -1.089798e+00
6.990000e-05 3.020225e-02 -1.089798e+00
7.000000e-05 3.020225e-02 -1.089798e+00
7.010000e-05 3.020225e-02 -1.089798e+00
7.020000e-05 3.020225e-02 -1.089798e+00
7.030000e-05 3.020225e-02 -1.089798e+00
7.040000e-05 3.020225e-02 -1.089798e+00
7.050000e-05 3.020225e-02 -1.089798e+00
7.060000e-05 3.020225e-02 -1.089798e+00
7.070000e-05 3.020225e-02 -1.089798e+00
7.080000e-05 3.020225e-02 -1.089798e+00
7.090000e-05 3.020225e-02 -1.089798e+00
7.100000e-05 3.020225e-02 -1.089798e+00
7.110000e-05 3.020225e-02 -1.089798e+00
7.120000e-05 3.020225e-02 -1.089798e+00
7.130000e-05 3.020225e-02 -1.089798e+00
7.140000e-05 3.020225e-02 -1.089798e+00
7.150000e-05 3.020225e-02 -1.089798e+00
7.160000e-05 3.020225e-02 -1.089798e+00
7.170000e-05 3.020225e-02 -1.089798e+00
7.180000e-05 3.020225e-02 -1.089798e+00
7.190000e-05 3.020225e-02 -1.089798e+00
7.200000e-05 3.020225e-02 -1.089798e+00
7.210000e-05 3.020225e-02 -1.089798e+00
7.220000e-05 3.020225e-02 -1.089798e+00
7.230000e-05 3.020225e-02 -1.089798e+00
7.240000e-05 3.020225e-02 -1.089798e+00
7.250000e-05 3.020225e-02 -1.089798e+00
7.260000e-05 3.020225e-02 -1.089798e+00
7.270000e-05 3.020225e-02 -1.089798e+00
7.280000e-05 3.020225e-02 -1.089798e+00
7.290000e-05 3.020225e-02 -1.089798e+00
7.300000e-05 3.020225e-02 -1.089798e+00
7.310000e-05 3.020225e-02 -1.089798e+00
7.320000e-05 3.020225e-02 -1.089798e+00
7.330000e-05 3.020225e-02 -1.089798e+00
7.340000e-05 3.020225e-02 -1.089798e+00
7.350000e-05 3.020225e-02 -1.089798e+00
7.360000e-05 3.020225e-02 -1.089798e+00
7.370000e-05 3.020225e-02 -1.089798e+00
7.380000e-05 3.020225e-02 -1.089798e+00
7.390000e-05 3.020225e-02 -1.089798e+00
7.400000e-05 3.020225e-02 -1.089798e+00
7.410000e-05 3.020225e-02 -1.089798e+00
7.420000e-05 3.020225e-02 -1.089798e+00
7.430000e-05 3.020225e-02 -1.089798e+00
7.440000e-05 3.020225e-02 -1.089798e+00
7.450000e-05 3.020225e-02 -1.089798e+00
7.460000e-05 3.020225e-02 -1.089798e+00
7.470000e-05 3.020225e-02 -1.089798e+00
7.480000e-05 3.020225e-02 -1.089798e+00
7.490000e-05 3.020225e-02 -1.089798e+00
7.500000e-05 3.020225e-02 -1.089798e+00
7.510000e-05 3.020225e-02 -1.089798e+00
7.520000e-05 3.020225e-02 -1.089798e+00
7.530000e-05 3.020225e-02 -1.089798e+00
7.540000e-05 3.020225e-02 -1.089798e+00
7.550000e-05 3.020225e-02 -1.089798e+00
7.560000e-05 3.020225e-02 -1.089798e+00
7.570000e-05 3.020225e-02 -1.089798e+00
7.580000e-05 3.020225e-02 -1.089798e+00
7.590000e-05 3.020225e-02 -1.089798e+00
7.600000e-05 3.020225e-02 -1.089798e+00
7.610000e-05 3.020225e-02 -1.089798e+00
7.620000e-05 3.020225e-02 -1.089798e+00
7.630000e-05 3.020225e-02 -1.089798e+00
7.640000e-05 3.020225e-02 -1.089798e+00
7.650000e-05 3.020225e-02 -1.089798e+00
7.660000e-05 3.020225e-02 -1.089798e+00
7.670000e-05 3.020225e-02 -1.089798e+00
7.680000e-05 3.020225e-02 -1.089798e+00
7.690000e-05 3.020225e-02 -1.089798e+00
7.700000e-05 3.020225e-02 -1.089798e+00
7.710000e-05 3.020225e-02 -1.089798e+00
7.720000e-05 3.020225e-02 -1.089798e+00
7.730000e-05 3.020225e-02 -1.089798e+00
7.740000e-05 3.020225e-02 -1.089798e+00
7.750000e-05 3.020225e-02 -1.089798e+00
7.760000e-05 3.020225e-02 -1.089798e+00
7.770000e-05 3.020225e-02 -1.089798e+00
7.780000e-05 3.020225e-02 -1.089798e+00
7.790000e-05 3.020225e-02 -1.089798e+00
7.800000e-05 3.020225e-02 -1.089798e+00
7.810000e-05 3.020225e-02 -1.089798e+00
7.820000e-05 3.020225e-02 -1.089798e+00
7.830000e-05 3.020225e-02 -1.089798e+00
7.840000e-05 3.020225e-02 -1.089798e+00
7.850000e-05 3.020225e-02 -1.089798e+00
7.860000e-05 3.020225e-02 -1.089798e+00
7.870000e-05 3.020225e-02 -1.089798e+00
7.880000e-05 3.020225e-02 -1.089798e+00
7.890000e-05 3.020225e-02 -1.089798e+00
7.900000e-05 3.020225e-02 -1.089798e+00
7.910000e-05 3.020225e-02 -1.089798e+00
7.920000e-05 3.020225e-02 -1.089798e+00
7.930000e-05 3.020225e-02 -1.089798e+00
7.940000e-05 3.020225e-02 -1.089798e+00
7.950000e-05 3.020225e-02 -1.089798e+00
7.960000e-05 3.020225e-02 -1.089798e+00
7.970000e-05 3.020225e-02 -1.089798e+00
7.980000e-05 3.020225e-02 -1.089798e+00
7.990000e-05 3.020225e-02 -1.089798e+00
8.000000e-05 3.020225e-02 -1.089798e+00
8.010000e-05 3.020225e-02 -1.089798e+00
8.020000e-05 3.020225e-02 -1.089798e+00
8.030000e-05 3.020225e-02 -1.089798e+00
8.040000e-05 3.020225e-02 -1.089798e+00
8.050000e-05 3.020225e-02 -1.089798e+00
8.060000e-05 3.020225e-02 -1.089798e+00
8.070000e-05 3.020225e-02 -1.089798e+00
8.080000e-05 3.020225e-02 -1.089798e+00
8.090000e-05 3.020225e-02 -1.089798e+00
8.100000e-05 3.020225e-02 -1.089798e+00
8.110000e-05 3.020225e-02 -1.089798e+00
8.120000e-05 3.020225e-02 -1.089798e+00
8.130000e-05 3.020225e-02 -1.089798e+00
8.140000e-05 3.020225e-02 -1.089798e+00
8.150000e-05 3.020225e-02 -1.089798e+00
8.160000e-05 3.020225e-02 -1.089798e+00
8.170000e-05 3.020225e-02 -1.089798e+00
8.180000e-05 3.020225e-02 -1.089798e+00
8.190000e-05 3.020225e-02 -1.089798e+00
8.200000e-05 3.020225e-02 -1.089798e+00
8.210000e-05 3.020225e-02 -1.089798e+00
8.220000e-05 3.020225e-02 -1.089798e+00
8.230000e-05 3.020225e-02 -1.089798e+00
8.240000e-05 3.020225e-02 -1.089798e+00
8.250000e-05 3.020225e-02 -1.089798e+00
8.260000e-05 3.020225e-02 -1.089798e+00
8.270000e-05 3.020225e-02 -1.089798e+00
8.280000e-05 3.020225e-02 -1.089798e+00
8.290000e-05 3.020225e-02 -1.089798e+00
8.300000e-05 3.020225e-02 -1.089798e+00
8.310000e-05 3.020225e-02 -1.089798e+00
8.320000e-05 3.020225e-02 -1.089798e+00
8.330000e-05 3.020225e-02 -1.089798e+00
8.340000e-05 3.020225e-02 -1.089798e+00
8.350000e-05 3.020225e-02 -1.089798e+00
8.360000e-05 3.020225e-02 -1.089798e+00
8.370000e-05 3.020225e-02 -1.089798e+00
8.380000e-05 3.020225e-02 -1.089798e+00
8.390000e-05 3.020225e-02 -1.089798e+00
8.400000e-05 3.020225e-02 -1.089798e+00
8.410000e-05 3.020225e-02 -1.089798e+00
8.420000e-05 3.020225e-02 -1.089798e+00
8.430000e-05 3.020225e-02 -1.089798e+00
8.440000e-05 3.020225e-02 -1.089798e+00
8.450000e-05 3.020225e-02 -1.089798e+00
8.460000e-05 3.020225e-02 -1.089798e+00
8.470000e-05 3.020225e-02 -1.089798e+00
8.480000e-05 3.020225e-02 -1.089798e+00
8.490000e-05 3.020225e-02 -1.089798e+00
8.500000e-05 3.020225e-02 -1.089798e+00
8.510000e-05 3.020225e-02 -1.089798e+00
8.520000e-05 3.020225e-02 -1.089798e+00
8.530000e-05 3.020225e-02 -1.089798e+00
8.540000e-05 3.020225e-02 -1.089798e+00
8.550000e-05 3.020225e-02 -1.089798e+00
8.560000e-05 3.020225e-02 -1.089798e+00
8.570000e-05 3.020225e-02 -1.089798e+00
8.580000e-05 3.020225e-02 -1.089798e+00
8.590000e-05 3.020225e-02 -1.089798e+00
8.600000e-05 3.020225e-02 -1.089798e+00
8.610000e-05 3.020225e-02 -1.089798e+00
8.620000e-05 3.020225e-02 -1.089798e+00
8.630000e-05 3.020225e-02 -1.089798e+00
8.640000e-05 3.020225e-02 -1.089798e+00
8.650000e-05 3.020225e-02 -1.089798e+00
8.660000e-05 3.020225e-02 -1.089798e+00
8.670000e-05 3.020225e-02 -1.089798e+00
8.680000e-05 3.020225e-02 -1.089798e+00
8.690000e-05 3.020225e-02 -1.089798e+00
8.700000e-05 3.020225e-02 -1.089798e+00
8.710000e-05 3.020225e-02 -1.089798e+00
8.720000e-05 3.020225e-02 -1.089798e+00
8.730000e-05 3.020225e-02 -1.089798e+00
8.740000e-05 3.020225e-02 -1.089798e+00
8.750000e-05 3.020225e-02 -1.089798e+00
8.760000e-05 3.020225e-02 -1.089798e+00
8.770000e-05 3.020225e-02 -1.089798e+00
8.780000e-05 3.020225e-02 -1.089798e+00
8.790000e-05 3.020225e-02 -1.089798e+00
8.800000e-05 3.020225e-02 -1.089798e+00
8.810000e-05 3.020225e-02 -1.089798e+00
8.820000e-05 3.020225e-02 -1.089798e+00
8.830000e-05 3.020225e-02 -1.089798e+00
8.840000e-05 3.020225e-02 -1.089798e+00
8.850000e-05 3.020225e-02 -1.089798e+00
8.860000e-05 3.020225e-02 -1.089798e+00
8.870000e-05 3.020225e-02 -1.089798e+00
8.880000e-05 3.020225e-02 -1.089798e+00
8.890000e-05 3.020225e-02 -1.089798e+00
8.900000e-05 3.020225e-02 -1.089798e+00
8.910000e-05 3.020225e-02 -1.089798e+00
8.920000e-05 3.020225e-02 -1.089798e+00
8.930000e-05 3.020225e-02 -1.089798e+00
8.940000e-05 3.020225e-02 -1.089798e+00
8.950000e-05 3.020225e-02 -1.089798e+00
8.960000e-05 3.020225e-02 -1.089798e+00
8.970000e-05 3.020225e-02 -1.089798e+00
8.980000e-05 3.020225e-02 -1.089798e+00
8.990000e-05 3.020225e-02 -1.089798e+00
9.000000e-05 3.020225e-02 -1.089798e+00
9.010000e-05 3.020225e-02 -1.089798e+00
9.020000e-05 3.020225e-02 -1.089798e+00
9.030000e-05 3.020225e-02 -1.089798e+00
9.040000e-05 3.020225e-02 -1.089798e+00
9.050000e-05 3.020225e-02 -1.089798e+00
9.060000e-05 3.020225e-02 -1.089798e+00
9.070000e-05 3.020225e-02 -1.089798e+00
9.080000e-05 3.020225e-02 -1.089798e+00
9.090000e-05 3.020225e-02 -1.089798e+00
9.100000e-05 3.020225e-02 -1.089798e+00
9.110000e-05 3.020225e-02 -1.089798e+00
9.120000e-05 3.020225e-02 -1.089798e+00
9.130000e-05 3.020225e-02 -1.089798e+00
9.140000e-05 3.020225e-02 -1.089798e+00
9.150000e-05 3.020225e-02 -1.089798e+00
9.160000e-05 3.020225e-02 -1.089798e+00
9.170000e-05 3.020225e-02 -1.089798e+00
9.180000e-05 3.020225e-02 -1.089798e+00
9.190000e-05 3.020225e-02 -1.089798e+00
9.200000e-05 3.020225e-02 -1.089798e+00
9.210000e-05 3.020225e-02 -1.089798e+00
9.220000e-05 3.020225e-02 -1.089798e+00
9.230000e-05 3.020225e-02 -1.089798e+00
9.240000e-05 3.020225e-02 -1.089798e+00
9.250000e-05 3.020225e-02 -1.089798e+00
9.260000e-05 3.020225e-02 -1.089798e+00
9.270000e-05 3.020225e-02 -1.089798e+00
9.280000e-05 3.020225e-02 -1.089798e+00
9.290000e-05 3.020225e-02 -1.089798e+00
9.300000e-05 3.020225e-02 -1.089798e+00
9.310000e-05 3.020225e-02 -1.089798e+00
9.320000e-05 3.020225e-02 -1.089798e+00
9.330000e-05 3.020225e-02 -1.089798e+00
9.340000e-05 3.020225e-02 -1.089798e+00
9.350000e-05 3.020225e-02 -1.089798e+00
9.360000e-05 3.020225e-02 -1.089798e+00
9.370000e-05 3.020225e-02 -1.089798e+00
9.380000e-05 3.020225e-02 -1.089798e+00
9.390000e-05 3.020225e-02 -1.089798e+00
9.400000e-05 3.020225e-02 -1.089798e+00
9.410000e-05 3.020225e-02 -1.089798e+00
9.420000e-05 3.020225e-02 -1.089798e+00
9.430000e-05 3.020225e-02 -1.089798e+00
9.440000e-05 3.020225e-02 -1.089798e+00
9.450000e-05 3.020225e-02 -1.089798e+00
9.460000e-05 3.020225e-02 -1.089798e+00
9.470000e-05 3.020225e-02 -1.089798e+00
9.480000e-05 3.020225e-02 -1.089798e+00
9.490000e-05 3.020225e-02 -1.089798e+00
9.500000e-05 3.020225e-02 -1.089798e+00
9.510000e-05 3.020225e-02 -1.089798e+00
9.520000e-05 3.020225e-02 -1.089798e+00
9.530000e-05 3.020225e-02 -1.089798e+00
9.540000e-05 3.020225e-02 -1.089798e+00
9.550000e-05 3.020225e-02 -1.089798e+00
9.560000e-05 3.020225e-02 -1.089798e+00
9.570000e-05 3.020225e-02 -1.089798e+00
9.580000e-05 3.020225e-02 -1.089798e+00
9.590000e-05 3.020225e-02 -1.089798e+00
9.600000e-05 3.020225e-02 -1.089798e+00
9.610000e-05 3.020225e-02 -1.089798e+00
9.620000e-05 3.020225e-02 -1.089798e+00
9.630000e-05 3.020225e-02 -1.089798e+00
9.640000e-05 3.020225e-02 -1.089798e+00
9.650000e-05 3.020225e-02 -1.089798e+00
9.660000e-05 3.020225e-02 -1.089798e+00
9.670000e-05 3.020225e-02 -1.089798e+00
9.680000e-05 3.020225e-02 -1.089798e+00
9.690000e-05 3.020225e-02 -1.089798e+00
9.700000e-05 3.020225e-02 -1.089798e+00
9.710000e-05 3.020225e-02 -1.089798e+00
9.720000e-05 3.020225e-02 -1.089798e+00
9.730000e-05 3.020225e-02 -1.089798e+00
9.740000e-05 3.020225e-02 -1.089798e+00
9.750000e-05 3.020225e-02 -1.089798e+00
9.760000e-05 3.020225e-02 -1.089798e+00
9.770000e-05 3.020225e-02 -1.089798e+00
9.780000e-05 3.020225e-02 -1.089798e+00
9.790000e-05 3.020225e-02 -1.089798e+00
9.800000e-05 3.020225e-02 -1.089798e+00
9.810000e-05 3.020225e-02 -1.089798e+00
9.820000e-05 3.020225e-02 -1.089798e+00
9.830000e-05 3.020225e-02 -1.089798e+00
9.840000e-05 3.020225e-02 -1.089798e+00
9.850000e-05 3.020225e-02 -1.089798e+00
9.860000e-05 3.020225e-02 -1.089798e+00
9.870000e-05 3.020225e-02 -1.089798e+00
9.880000e-05 3.020225e-02 -1.089798e+00
9.890000e-05 3.020225e-02 -1.089798e+00
9.900000e-05 3.020225e-02 -1.089798e+00
9.910000e-05 3.020225e-02 -1.089798e+00
9.920000e-05 3.020225e-02 -1.089798e+00
9.930000e-05 3.020225e-02 -1.089798e+00
9.940000e-05 3.020225e-02 -1.089798e+00
9.950000e-05 3.020225e-02 -1.089798e+00
9.960000e-05 3.020225e-02 -1.089798e+00
9.970000e-05 3.020225e-02 -1.089798e+00
9.980000e-05 3.020225e-02 -1.089798e+00
9.990000e-05 3.020225e-02 -1.089798e+00
