0.000000e+00 -2.752517e-09
1.000000e-09 -2.752517e-09
2.000000e-09 -2.752517e-09
3.000000e-09 -2.752517e-09
4.000000e-09 -2.752517e-09
5.000000e-09 2.752517e-09
6.000000e-09 -2.752517e-09
7.000000e-09 -2.752517e-09
8.000000e-09 -2.752517e-09
9.000000e-09 -2.752517e-09
1.000000e-08 2.752517e-09
1.100000e-08 -2.752517e-09
1.200000e-08 -2.752517e-09
1.300000e-08 -2.752517e-09
1.400000e-08 2.752517e-09
1.500000e-08 2.752517e-09
1.600000e-08 -2.752517e-09
1.700000e-08 -2.752517e-09
1.800000e-08 2.752517e-09
1.900000e-08 -2.752517e-09
2.000000e-08 -2.752517e-09
2.100000e-08 -2.752517e-09
2.200000e-08 -2.752517e-09
2.300000e-08 -2.752517e-09
2.400000e-08 -2.752517e-09
2.500000e-08 -8.601617e-09
2.600000e-08 -2.752517e-09
2.700000e-08 2.752517e-09
2.800000e-08 -2.752517e-09
2.900000e-08 2.752517e-09
3.000000e-08 2.752517e-09
3.100000e-08 2.752517e-09
3.200000e-08 2.752517e-09
3.300000e-08 2.752517e-09
3.400000e-08 2.752517e-09
3.500000e-08 2.752517e-09
3.600000e-08 2.752517e-09
3.700000e-08 2.752517e-09
3.800000e-08 2.752517e-09
3.900000e-08 2.752517e-09
4.000000e-08 2.752517e-09
4.100000e-08 2.752517e-09
4.200000e-08 2.752517e-09
4.300000e-08 2.752517e-09
4.400000e-08 2.752517e-09
4.500000e-08 2.752517e-09
4.600000e-08 2.752517e-09
4.700000e-08 2.752517e-09
4.800000e-08 2.752517e-09
4.900000e-08 2.752517e-09
5.000000e-08 2.752517e-09
5.100000e-08 2.752517e-09
5.200000e-08 2.752517e-09
5.300000e-08 2.752517e-09
5.400000e-08 2.752517e-09
5.500000e-08 2.752517e-09
5.600000e-08 2.752517e-09
5.700000e-08 2.752517e-09
5.800000e-08 2.752517e-09
5.900000e-08 2.752517e-09
6.000000e-08 2.752517e-09
6.100000e-08 2.752517e-09
6.200000e-08 2.752517e-09
6.300000e-08 2.752517e-09
6.400000e-08 2.752517e-09
6.500000e-08 2.752517e-09
6.600000e-08 2.752517e-09
6.700000e-08 2.752517e-09
6.800000e-08 2.752517e-09
6.900000e-08 2.752517e-09
7.000000e-08 2.752517e-09
7.100000e-08 2.752517e-09
7.200000e-08 2.752517e-09
7.300000e-08 2.752517e-09
7.400000e-08 2.752517e-09
7.500000e-08 2.752517e-09
7.600000e-08 2.752517e-09
7.700000e-08 2.752517e-09
7.800000e-08 2.752517e-09
7.900000e-08 2.752517e-09
8.000000e-08 2.752517e-09
8.100000e-08 2.752517e-09
8.200000e-08 2.752517e-09
8.300000e-08 2.752517e-09
8.400000e-08 2.752517e-09
8.500000e-08 2.752517e-09
8.600000e-08 2.752517e-09
8.700000e-08 2.752517e-09
8.800000e-08 2.752517e-09
8.900000e-08 2.752517e-09
9.000000e-08 2.752517e-09
9.100000e-08 2.752517e-09
9.200000e-08 2.752517e-09
9.300000e-08 2.752517e-09
9.400000e-08 2.752517e-09
9.500000e-08 2.752517e-09
9.600000e-08 2.752517e-09
9.700000e-08 2.752517e-09
9.800000e-08 2.752517e-09
9.900000e-08 2.752517e-09
1.000000e-07 2.752517e-09
1.010000e-07 2.752517e-09
1.020000e-07 2.752517e-09
1.030000e-07 2.752517e-09
1.040000e-07 2.752517e-09
1.050000e-07 2.752517e-09
1.060000e-07 2.752517e-09
1.070000e-07 2.752517e-09
1.080000e-07 2.752517e-09
1.090000e-07 2.752517e-09
1.100000e-07 2.752517e-09
1.110000e-07 2.752517e-09
1.120000e-07 2.752517e-09
1.130000e-07 2.752517e-09
1.140000e-07 2.752517e-09
1.150000e-07 2.752517e-09
1.160000e-07 2.752517e-09
1.170000e-07 2.752517e-09
1.180000e-07 2.752517e-09
1.190000e-07 2.752517e-09
1.200000e-07 2.752517e-09
1.210000e-07 2.752517e-09
1.220000e-07 2.752517e-09
1.230000e-07 2.752517e-09
1.240000e-07 2.752517e-09
1.250000e-07 2.752517e-09
1.260000e-07 2.752517e-09
1.270000e-07 2.752517e-09
1.280000e-07 2.752517e-09
1.290000e-07 2.752517e-09
1.300000e-07 2.752517e-09
1.310000e-07 2.752517e-09
1.320000e-07 2.752517e-09
1.330000e-07 2.752517e-09
1.340000e-07 2.752517e-09
1.350000e-07 2.752517e-09
1.360000e-07 2.752517e-09
1.370000e-07 2.752517e-09
1.380000e-07 2.752517e-09
1.390000e-07 2.752517e-09
1.400000e-07 2.752517e-09
1.410000e-07 2.752517e-09
1.420000e-07 2.752517e-09
1.430000e-07 2.752517e-09
1.440000e-07 2.752517e-09
1.450000e-07 2.752517e-09
1.460000e-07 2.752517e-09
1.470000e-07 2.752517e-09
1.480000e-07 2.752517e-09
1.490000e-07 2.752517e-09
1.500000e-07 2.752517e-09
1.510000e-07 2.752517e-09
1.520000e-07 2.752517e-09
1.530000e-07 2.752517e-09
1.540000e-07 2.752517e-09
1.550000e-07 2.752517e-09
1.560000e-07 2.752517e-09
1.570000e-07 2.752517e-09
1.580000e-07 2.752517e-09
1.590000e-07 2.752517e-09
1.600000e-07 2.752517e-09
1.610000e-07 2.752517e-09
1.620000e-07 2.752517e-09
1.630000e-07 2.752517e-09
1.640000e-07 2.752517e-09
1.650000e-07 2.752517e-09
1.660000e-07 2.752517e-09
1.670000e-07 2.752517e-09
1.680000e-07 2.752517e-09
1.690000e-07 2.752517e-09
1.700000e-07 2.752517e-09
1.710000e-07 2.752517e-09
1.720000e-07 2.752517e-09
1.730000e-07 2.752517e-09
1.740000e-07 2.752517e-09
1.750000e-07 2.752517e-09
1.760000e-07 2.752517e-09
1.770000e-07 2.752517e-09
1.780000e-07 2.752517e-09
1.790000e-07 2.752517e-09
1.800000e-07 2.752517e-09
1.810000e-07 2.752517e-09
1.820000e-07 2.752517e-09
1.830000e-07 2.752517e-09
1.840000e-07 2.752517e-09
1.850000e-07 2.752517e-09
1.860000e-07 2.752517e-09
1.870000e-07 2.752517e-09
1.880000e-07 2.752517e-09
1.890000e-07 2.752517e-09
1.900000e-07 2.752517e-09
1.910000e-07 2.752517e-09
1.920000e-07 2.752517e-09
1.930000e-07 2.752517e-09
1.940000e-07 2.752517e-09
1.950000e-07 2.752517e-09
1.960000e-07 2.752517e-09
1.970000e-07 2.752517e-09
1.980000e-07 2.752517e-09
1.990000e-07 2.752517e-09
2.000000e-07 2.752517e-09
2.010000e-07 2.752517e-09
2.020000e-07 2.752517e-09
2.030000e-07 2.752517e-09
2.040000e-07 2.752517e-09
2.050000e-07 2.752517e-09
2.060000e-07 2.752517e-09
2.070000e-07 2.752517e-09
2.080000e-07 2.752517e-09
2.090000e-07 2.752517e-09
2.100000e-07 2.752517e-09
2.110000e-07 2.752517e-09
2.120000e-07 2.752517e-09
2.130000e-07 2.752517e-09
2.140000e-07 2.752517e-09
2.150000e-07 2.752517e-09
2.160000e-07 2.752517e-09
2.170000e-07 2.752517e-09
2.180000e-07 2.752517e-09
2.190000e-07 2.752517e-09
2.200000e-07 2.752517e-09
2.210000e-07 2.752517e-09
2.220000e-07 2.752517e-09
2.230000e-07 2.752517e-09
2.240000e-07 2.752517e-09
2.250000e-07 2.752517e-09
2.260000e-07 2.752517e-09
2.270000e-07 2.752517e-09
2.280000e-07 2.752517e-09
2.290000e-07 2.752517e-09
2.300000e-07 2.752517e-09
2.310000e-07 2.752517e-09
2.320000e-07 2.752517e-09
2.330000e-07 2.752517e-09
2.340000e-07 2.752517e-09
2.350000e-07 2.752517e-09
2.360000e-07 2.752517e-09
2.370000e-07 2.752517e-09
2.380000e-07 2.752517e-09
2.390000e-07 2.752517e-09
2.400000e-07 2.752517e-09
2.410000e-07 2.752517e-09
2.420000e-07 2.752517e-09
2.430000e-07 2.752517e-09
2.440000e-07 2.752517e-09
2.450000e-07 2.752517e-09
2.460000e-07 2.752517e-09
2.470000e-07 2.752517e-09
2.480000e-07 2.752517e-09
2.490000e-07 2.752517e-09
2.500000e-07 2.752517e-09
2.510000e-07 2.752517e-09
2.520000e-07 2.752517e-09
2.530000e-07 2.752517e-09
2.540000e-07 2.752517e-09
2.550000e-07 2.752517e-09
2.560000e-07 2.752517e-09
2.570000e-07 2.752517e-09
2.580000e-07 2.752517e-09
2.590000e-07 2.752517e-09
2.600000e-07 2.752517e-09
2.610000e-07 2.752517e-09
2.620000e-07 2.752517e-09
2.630000e-07 2.752517e-09
2.640000e-07 2.752517e-09
2.650000e-07 2.752517e-09
2.660000e-07 2.752517e-09
2.670000e-07 2.752517e-09
2.680000e-07 2.752517e-09
2.690000e-07 2.752517e-09
2.700000e-07 2.752517e-09
2.710000e-07 2.752517e-09
2.720000e-07 2.752517e-09
2.730000e-07 2.752517e-09
2.740000e-07 2.752517e-09
2.750000e-07 2.752517e-09
2.760000e-07 2.752517e-09
2.770000e-07 2.752517e-09
2.780000e-07 2.752517e-09
2.790000e-07 2.752517e-09
2.800000e-07 2.752517e-09
2.810000e-07 2.752517e-09
2.820000e-07 2.752517e-09
2.830000e-07 2.752517e-09
2.840000e-07 2.752517e-09
2.850000e-07 2.752517e-09
2.860000e-07 2.752517e-09
2.870000e-07 2.752517e-09
2.880000e-07 2.752517e-09
2.890000e-07 2.752517e-09
2.900000e-07 2.752517e-09
2.910000e-07 2.752517e-09
2.920000e-07 2.752517e-09
2.930000e-07 2.752517e-09
2.940000e-07 2.752517e-09
2.950000e-07 2.752517e-09
2.960000e-07 2.752517e-09
2.970000e-07 2.752517e-09
2.980000e-07 2.752517e-09
2.990000e-07 2.752517e-09
3.000000e-07 2.752517e-09
3.010000e-07 2.752517e-09
3.020000e-07 2.752517e-09
3.030000e-07 2.752517e-09
3.040000e-07 2.752517e-09
3.050000e-07 2.752517e-09
3.060000e-07 2.752517e-09
3.070000e-07 2.752517e-09
3.080000e-07 2.752517e-09
3.090000e-07 2.752517e-09
3.100000e-07 2.752517e-09
3.110000e-07 2.752517e-09
3.120000e-07 2.752517e-09
3.130000e-07 2.752517e-09
3.140000e-07 2.752517e-09
3.150000e-07 2.752517e-09
3.160000e-07 2.752517e-09
3.170000e-07 2.752517e-09
3.180000e-07 2.752517e-09
3.190000e-07 2.752517e-09
3.200000e-07 2.752517e-09
3.210000e-07 2.752517e-09
3.220000e-07 2.752517e-09
3.230000e-07 2.752517e-09
3.240000e-07 2.752517e-09
3.250000e-07 2.752517e-09
3.260000e-07 2.752517e-09
3.270000e-07 2.752517e-09
3.280000e-07 2.752517e-09
3.290000e-07 2.752517e-09
3.300000e-07 2.752517e-09
3.310000e-07 2.752517e-09
3.320000e-07 2.752517e-09
3.330000e-07 2.752517e-09
3.340000e-07 2.752517e-09
3.350000e-07 2.752517e-09
3.360000e-07 2.752517e-09
3.370000e-07 2.752517e-09
3.380000e-07 2.752517e-09
3.390000e-07 2.752517e-09
3.400000e-07 2.752517e-09
3.410000e-07 2.752517e-09
3.420000e-07 2.752517e-09
3.430000e-07 2.752517e-09
3.440000e-07 2.752517e-09
3.450000e-07 2.752517e-09
3.460000e-07 2.752517e-09
3.470000e-07 2.752517e-09
3.480000e-07 2.752517e-09
3.490000e-07 2.752517e-09
3.500000e-07 2.752517e-09
3.510000e-07 2.752517e-09
3.520000e-07 2.752517e-09
3.530000e-07 2.752517e-09
3.540000e-07 2.752517e-09
3.550000e-07 2.752517e-09
3.560000e-07 2.752517e-09
3.570000e-07 2.752517e-09
3.580000e-07 2.752517e-09
3.590000e-07 2.752517e-09
3.600000e-07 2.752517e-09
3.610000e-07 2.752517e-09
3.620000e-07 2.752517e-09
3.630000e-07 2.752517e-09
3.640000e-07 2.752517e-09
3.650000e-07 2.752517e-09
3.660000e-07 2.752517e-09
3.670000e-07 2.752517e-09
3.680000e-07 2.752517e-09
3.690000e-07 2.752517e-09
3.700000e-07 2.752517e-09
3.710000e-07 2.752517e-09
3.720000e-07 2.752517e-09
3.730000e-07 2.752517e-09
3.740000e-07 2.752517e-09
3.750000e-07 2.752517e-09
3.760000e-07 2.752517e-09
3.770000e-07 2.752517e-09
3.780000e-07 2.752517e-09
3.790000e-07 2.752517e-09
3.800000e-07 2.752517e-09
3.810000e-07 2.752517e-09
3.820000e-07 2.752517e-09
3.830000e-07 2.752517e-09
3.840000e-07 2.752517e-09
3.850000e-07 2.752517e-09
3.860000e-07 2.752517e-09
3.870000e-07 2.752517e-09
3.880000e-07 2.752517e-09
3.890000e-07 2.752517e-09
3.900000e-07 2.752517e-09
3.910000e-07 2.752517e-09
3.920000e-07 2.752517e-09
3.930000e-07 2.752517e-09
3.940000e-07 2.752517e-09
3.950000e-07 2.752517e-09
3.960000e-07 2.752517e-09
3.970000e-07 2.752517e-09
3.980000e-07 2.752517e-09
3.990000e-07 2.752517e-09
4.000000e-07 2.752517e-09
4.010000e-07 2.752517e-09
4.020000e-07 2.752517e-09
4.030000e-07 2.752517e-09
4.040000e-07 2.752517e-09
4.050000e-07 2.752517e-09
4.060000e-07 2.752517e-09
4.070000e-07 2.752517e-09
4.080000e-07 2.752517e-09
4.090000e-07 2.752517e-09
4.100000e-07 2.752517e-09
4.110000e-07 2.752517e-09
4.120000e-07 2.752517e-09
4.130000e-07 2.752517e-09
4.140000e-07 2.752517e-09
4.150000e-07 2.752517e-09
4.160000e-07 2.752517e-09
4.170000e-07 2.752517e-09
4.180000e-07 2.752517e-09
4.190000e-07 2.752517e-09
4.200000e-07 2.752517e-09
4.210000e-07 2.752517e-09
4.220000e-07 2.752517e-09
4.230000e-07 2.752517e-09
4.240000e-07 2.752517e-09
4.250000e-07 2.752517e-09
4.260000e-07 2.752517e-09
4.270000e-07 2.752517e-09
4.280000e-07 2.752517e-09
4.290000e-07 2.752517e-09
4.300000e-07 2.752517e-09
4.310000e-07 2.752517e-09
4.320000e-07 2.752517e-09
4.330000e-07 2.752517e-09
4.340000e-07 2.752517e-09
4.350000e-07 2.752517e-09
4.360000e-07 2.752517e-09
4.370000e-07 2.752517e-09
4.380000e-07 2.752517e-09
4.390000e-07 2.752517e-09
4.400000e-07 2.752517e-09
4.410000e-07 2.752517e-09
4.420000e-07 2.752517e-09
4.430000e-07 2.752517e-09
4.440000e-07 2.752517e-09
4.450000e-07 2.752517e-09
4.460000e-07 2.752517e-09
4.470000e-07 2.752517e-09
4.480000e-07 -2.752517e-09
4.490000e-07 -8.601617e-09
4.500000e-07 -2.546079e-08
4.510000e-07 -6.537229e-08
4.520000e-07 -1.334971e-07
4.530000e-07 -2.759399e-07
4.540000e-07 -5.890387e-07
4.550000e-07 -1.255148e-06
4.560000e-07 -2.678199e-06
4.570000e-07 -5.700464e-06
4.580000e-07 -1.213826e-05
4.590000e-07 -2.583926e-05
4.600000e-07 -5.497672e-05
4.610000e-07 -1.170033e-04
4.620000e-07 -2.490309e-04
4.630000e-07 -5.300313e-04
4.640000e-07 -1.128126e-03
4.650000e-07 -2.401107e-03
4.660000e-07 -5.110551e-03
4.670000e-07 -1.087737e-02
4.680000e-07 -2.315156e-02
4.690000e-07 -4.927612e-02
4.700000e-07 -1.048800e-01
4.710000e-07 -2.232280e-01
4.720000e-07 -4.751216e-01
4.730000e-07 -1.011255e+00
4.740000e-07 -2.152369e+00
4.750000e-07 -4.581128e+00
4.760000e-07 -9.750518e+00
4.770000e-07 -2.075305e+01
4.780000e-07 -4.417067e+01
4.790000e-07 -9.401160e+01
4.800000e-07 -2.000872e+02
4.810000e-07 -4.258300e+02
4.820000e-07 -9.061688e+02
4.830000e-07 -1.927916e+03
4.840000e-07 -4.099845e+03
4.850000e-07 -8.710083e+03
4.860000e-07 -1.846613e+04
4.870000e-07 -3.897825e+04
4.880000e-07 -8.151873e+04
4.890000e-07 -1.672505e+05
4.900000e-07 -3.301227e+05
4.910000e-07 -6.052862e+05
4.920000e-07 -9.789676e+05
4.930000e-07 -1.331864e+06
4.940000e-07 -1.530871e+06
4.950000e-07 -1.591556e+06
4.960000e-07 -1.601303e+06
4.970000e-07 -1.602137e+06
4.980000e-07 -1.602175e+06
4.990000e-07 -1.602176e+06
5.000000e-07 1.602176e+06
5.010000e-07 1.602175e+06
5.020000e-07 1.602137e+06
5.030000e-07 1.601303e+06
5.040000e-07 1.591556e+06
5.050000e-07 1.530871e+06
5.060000e-07 1.331864e+06
5.070000e-07 9.789676e+05
5.080000e-07 6.052862e+05
5.090000e-07 3.301227e+05
5.100000e-07 1.672505e+05
5.110000e-07 8.151873e+04
5.120000e-07 3.897825e+04
5.130000e-07 1.846613e+04
5.140000e-07 8.710083e+03
5.150000e-07 4.099845e+03
5.160000e-07 1.927916e+03
5.170000e-07 9.061688e+02
5.180000e-07 4.258300e+02
5.190000e-07 2.000872e+02
5.200000e-07 9.401160e+01
5.210000e-07 4.417067e+01
5.220000e-07 2.075305e+01
5.230000e-07 9.750518e+00
5.240000e-07 4.581128e+00
5.250000e-07 2.152369e+00
5.260000e-07 1.011255e+00
5.270000e-07 4.751216e-01
5.280000e-07 2.232280e-01
5.290000e-07 1.048800e-01
5.300000e-07 4.927612e-02
5.310000e-07 2.315156e-02
5.320000e-07 1.087737e-02
5.330000e-07 5.110551e-03
5.340000e-07 2.401112e-03
5.350000e-07 1.128126e-03
5.360000e-07 5.300371e-04
5.370000e-07 2.490254e-04
5.380000e-07 1.169975e-04
5.390000e-07 5.496536e-05
5.400000e-07 2.582205e-05
5.410000e-07 1.213241e-05
5.420000e-07 5.706313e-06
5.430000e-07 2.678199e-06
5.440000e-07 1.260997e-06
5.450000e-07 5.890387e-07
5.460000e-07 2.817890e-07
5.470000e-07 1.393462e-07
5.480000e-07 6.537229e-08
5.490000e-07 3.130989e-08
5.500000e-07 1.410665e-08
5.510000e-07 1.410665e-08
5.520000e-07 1.410665e-08
5.530000e-07 8.601617e-09
5.540000e-07 2.752517e-09
5.550000e-07 2.752517e-09
5.560000e-07 2.752517e-09
5.570000e-07 2.752517e-09
5.580000e-07 2.752517e-09
5.590000e-07 2.752517e-09
5.600000e-07 2.752517e-09
5.610000e-07 2.752517e-09
5.620000e-07 2.752517e-09
5.630000e-07 2.752517e-09
5.640000e-07 2.752517e-09
5.650000e-07 2.752517e-09
5.660000e-07 2.752517e-09
5.670000e-07 2.752517e-09
5.680000e-07 2.752517e-09
5.690000e-07 2.752517e-09
5.700000e-07 2.752517e-09
5.710000e-07 2.752517e-09
5.720000e-07 2.752517e-09
5.730000e-07 2.752517e-09
5.740000e-07 2.752517e-09
5.750000e-07 2.752517e-09
5.760000e-07 2.752517e-09
5.770000e-07 2.752517e-09
5.780000e-07 2.752517e-09
5.790000e-07 2.752517e-09
5.800000e-07 2.752517e-09
5.810000e-07 2.752517e-09
5.820000e-07 2.752517e-09
5.830000e-07 2.752517e-09
5.840000e-07 2.752517e-09
5.850000e-07 2.752517e-09
5.860000e-07 2.752517e-09
5.870000e-07 2.752517e-09
5.880000e-07 2.752517e-09
5.890000e-07 2.752517e-09
5.900000e-07 2.752517e-09
5.910000e-07 2.752517e-09
5.920000e-07 2.752517e-09
5.930000e-07 2.752517e-09
5.940000e-07 2.752517e-09
5.950000e-07 2.752517e-09
5.960000e-07 2.752517e-09
5.970000e-07 2.752517e-09
5.980000e-07 2.752517e-09
5.990000e-07 2.752517e-09
6.000000e-07 2.752517e-09
6.010000e-07 2.752517e-09
6.020000e-07 2.752517e-09
6.030000e-07 2.752517e-09
6.040000e-07 2.752517e-09
6.050000e-07 2.752517e-09
6.060000e-07 2.752517e-09
6.070000e-07 2.752517e-09
6.080000e-07 2.752517e-09
6.090000e-07 2.752517e-09
6.100000e-07 2.752517e-09
6.110000e-07 2.752517e-09
6.120000e-07 2.752517e-09
6.130000e-07 2.752517e-09
6.140000e-07 2.752517e-09
6.150000e-07 2.752517e-09
6.160000e-07 2.752517e-09
6.170000e-07 2.752517e-09
6.180000e-07 2.752517e-09
6.190000e-07 2.752517e-09
6.200000e-07 2.752517e-09
6.210000e-07 2.752517e-09
6.220000e-07 2.752517e-09
6.230000e-07 2.752517e-09
6.240000e-07 2.752517e-09
6.250000e-07 2.752517e-09
6.260000e-07 2.752517e-09
6.270000e-07 2.752517e-09
6.280000e-07 2.752517e-09
6.290000e-07 2.752517e-09
6.300000e-07 2.752517e-09
6.310000e-07 2.752517e-09
6.320000e-07 2.752517e-09
6.330000e-07 2.752517e-09
6.340000e-07 2.752517e-09
6.350000e-07 2.752517e-09
6.360000e-07 2.752517e-09
6.370000e-07 2.752517e-09
6.380000e-07 2.752517e-09
6.390000e-07 2.752517e-09
6.400000e-07 2.752517e-09
6.410000e-07 2.752517e-09
6.420000e-07 2.752517e-09
6.430000e-07 2.752517e-09
6.440000e-07 2.752517e-09
6.450000e-07 2.752517e-09
6.460000e-07 2.752517e-09
6.470000e-07 2.752517e-09
6.480000e-07 2.752517e-09
6.490000e-07 2.752517e-09
6.500000e-07 2.752517e-09
6.510000e-07 2.752517e-09
6.520000e-07 2.752517e-09
6.530000e-07 2.752517e-09
6.540000e-07 2.752517e-09
6.550000e-07 2.752517e-09
6.560000e-07 2.752517e-09
6.570000e-07 2.752517e-09
6.580000e-07 2.752517e-09
6.590000e-07 2.752517e-09
6.600000e-07 2.752517e-09
6.610000e-07 2.752517e-09
6.620000e-07 2.752517e-09
6.630000e-07 2.752517e-09
6.640000e-07 2.752517e-09
6.650000e-07 2.752517e-09
6.660000e-07 2.752517e-09
6.670000e-07 2.752517e-09
6.680000e-07 2.752517e-09
6.690000e-07 2.752517e-09
6.700000e-07 2.752517e-09
6.710000e-07 2.752517e-09
6.720000e-07 2.752517e-09
6.730000e-07 2.752517e-09
6.740000e-07 2.752517e-09
6.750000e-07 2.752517e-09
6.760000e-07 2.752517e-09
6.770000e-07 2.752517e-09
6.780000e-07 2.752517e-09
6.790000e-07 2.752517e-09
6.800000e-07 2.752517e-09
6.810000e-07 2.752517e-09
6.820000e-07 2.752517e-09
6.830000e-07 2.752517e-09
6.840000e-07 2.752517e-09
6.850000e-07 2.752517e-09
6.860000e-07 2.752517e-09
6.870000e-07 2.752517e-09
6.880000e-07 2.752517e-09
6.890000e-07 2.752517e-09
6.900000e-07 2.752517e-09
6.910000e-07 2.752517e-09
6.920000e-07 2.752517e-09
6.930000e-07 2.752517e-09
6.940000e-07 2.752517e-09
6.950000e-07 2.752517e-09
6.960000e-07 2.752517e-09
6.970000e-07 2.752517e-09
6.980000e-07 2.752517e-09
6.990000e-07 2.752517e-09
7.000000e-07 2.752517e-09
7.010000e-07 2.752517e-09
7.020000e-07 2.752517e-09
7.030000e-07 2.752517e-09
7.040000e-07 2.752517e-09
7.050000e-07 2.752517e-09
7.060000e-07 2.752517e-09
7.070000e-07 2.752517e-09
7.080000e-07 2.752517e-09
7.090000e-07 2.752517e-09
7.100000e-07 2.752517e-09
7.110000e-07 2.752517e-09
7.120000e-07 2.752517e-09
7.130000e-07 2.752517e-09
7.140000e-07 2.752517e-09
7.150000e-07 2.752517e-09
7.160000e-07 2.752517e-09
7.170000e-07 2.752517e-09
7.180000e-07 2.752517e-09
7.190000e-07 2.752517e-09
7.200000e-07 2.752517e-09
7.210000e-07 2.752517e-09
7.220000e-07 2.752517e-09
7.230000e-07 2.752517e-09
7.240000e-07 2.752517e-09
7.250000e-07 2.752517e-09
7.260000e-07 2.752517e-09
7.270000e-07 2.752517e-09
7.280000e-07 2.752517e-09
7.290000e-07 2.752517e-09
7.300000e-07 2.752517e-09
7.310000e-07 2.752517e-09
7.320000e-07 2.752517e-09
7.330000e-07 2.752517e-09
7.340000e-07 2.752517e-09
7.350000e-07 2.752517e-09
7.360000e-07 2.752517e-09
7.370000e-07 2.752517e-09
7.380000e-07 2.752517e-09
7.390000e-07 2.752517e-09
7.400000e-07 2.752517e-09
7.410000e-07 2.752517e-09
7.420000e-07 2.752517e-09
7.430000e-07 2.752517e-09
7.440000e-07 2.752517e-09
7.450000e-07 2.752517e-09
7.460000e-07 2.752517e-09
7.470000e-07 2.752517e-09
7.480000e-07 2.752517e-09
7.490000e-07 2.752517e-09
7.500000e-07 2.752517e-09
7.510000e-07 2.752517e-09
7.520000e-07 2.752517e-09
7.530000e-07 2.752517e-09
7.540000e-07 2.752517e-09
7.550000e-07 2.752517e-09
7.560000e-07 2.752517e-09
7.570000e-07 2.752517e-09
7.580000e-07 2.752517e-09
7.590000e-07 2.752517e-09
7.600000e-07 2.752517e-09
7.610000e-07 2.752517e-09
7.620000e-07 2.752517e-09
7.630000e-07 2.752517e-09
7.640000e-07 2.752517e-09
7.650000e-07 2.752517e-09
7.660000e-07 2.752517e-09
7.670000e-07 2.752517e-09
7.680000e-07 2.752517e-09
7.690000e-07 2.752517e-09
7.700000e-07 2.752517e-09
7.710000e-07 2.752517e-09
7.720000e-07 2.752517e-09
7.730000e-07 2.752517e-09
7.740000e-07 2.752517e-09
7.750000e-07 2.752517e-09
7.760000e-07 2.752517e-09
7.770000e-07 2.752517e-09
7.780000e-07 2.752517e-09
7.790000e-07 2.752517e-09
7.800000e-07 2.752517e-09
7.810000e-07 2.752517e-09
7.820000e-07 2.752517e-09
7.830000e-07 2.752517e-09
7.840000e-07 2.752517e-09
7.850000e-07 2.752517e-09
7.860000e-07 2.752517e-09
7.870000e-07 2.752517e-09
7.880000e-07 2.752517e-09
7.890000e-07 2.752517e-09
7.900000e-07 2.752517e-09
7.910000e-07 2.752517e-09
7.920000e-07 2.752517e-09
7.930000e-07 2.752517e-09
7.940000e-07 2.752517e-09
7.950000e-07 2.752517e-09
7.960000e-07 2.752517e-09
7.970000e-07 2.752517e-09
7.980000e-07 2.752517e-09
7.990000e-07 2.752517e-09
8.000000e-07 2.752517e-09
8.010000e-07 2.752517e-09
8.020000e-07 2.752517e-09
8.030000e-07 2.752517e-09
8.040000e-07 2.752517e-09
8.050000e-07 2.752517e-09
8.060000e-07 2.752517e-09
8.070000e-07 2.752517e-09
8.080000e-07 2.752517e-09
8.090000e-07 2.752517e-09
8.100000e-07 2.752517e-09
8.110000e-07 2.752517e-09
8.120000e-07 2.752517e-09
8.130000e-07 2.752517e-09
8.140000e-07 2.752517e-09
8.150000e-07 2.752517e-09
8.160000e-07 2.752517e-09
8.170000e-07 2.752517e-09
8.180000e-07 2.752517e-09
8.190000e-07 2.752517e-09
8.200000e-07 2.752517e-09
8.210000e-07 2.752517e-09
8.220000e-07 2.752517e-09
8.230000e-07 2.752517e-09
8.240000e-07 2.752517e-09
8.250000e-07 2.752517e-09
8.260000e-07 2.752517e-09
8.270000e-07 2.752517e-09
8.280000e-07 2.752517e-09
8.290000e-07 2.752517e-09
8.300000e-07 2.752517e-09
8.310000e-07 2.752517e-09
8.320000e-07 2.752517e-09
8.330000e-07 2.752517e-09
8.340000e-07 2.752517e-09
8.350000e-07 2.752517e-09
8.360000e-07 2.752517e-09
8.370000e-07 2.752517e-09
8.380000e-07 2.752517e-09
8.390000e-07 2.752517e-09
8.400000e-07 2.752517e-09
8.410000e-07 2.752517e-09
8.420000e-07 2.752517e-09
8.430000e-07 2.752517e-09
8.440000e-07 2.752517e-09
8.450000e-07 2.752517e-09
8.460000e-07 2.752517e-09
8.470000e-07 2.752517e-09
8.480000e-07 2.752517e-09
8.490000e-07 2.752517e-09
8.500000e-07 2.752517e-09
8.510000e-07 2.752517e-09
8.520000e-07 2.752517e-09
8.530000e-07 2.752517e-09
8.540000e-07 2.752517e-09
8.550000e-07 2.752517e-09
8.560000e-07 2.752517e-09
8.570000e-07 2.752517e-09
8.580000e-07 2.752517e-09
8.590000e-07 2.752517e-09
8.600000e-07 2.752517e-09
8.610000e-07 2.752517e-09
8.620000e-07 2.752517e-09
8.630000e-07 2.752517e-09
8.640000e-07 2.752517e-09
8.650000e-07 2.752517e-09
8.660000e-07 2.752517e-09
8.670000e-07 2.752517e-09
8.680000e-07 2.752517e-09
8.690000e-07 2.752517e-09
8.700000e-07 2.752517e-09
8.710000e-07 2.752517e-09
8.720000e-07 2.752517e-09
8.730000e-07 2.752517e-09
8.740000e-07 2.752517e-09
8.750000e-07 2.752517e-09
8.760000e-07 2.752517e-09
8.770000e-07 2.752517e-09
8.780000e-07 2.752517e-09
8.790000e-07 2.752517e-09
8.800000e-07 2.752517e-09
8.810000e-07 2.752517e-09
8.820000e-07 2.752517e-09
8.830000e-07 2.752517e-09
8.840000e-07 2.752517e-09
8.850000e-07 2.752517e-09
8.860000e-07 2.752517e-09
8.870000e-07 2.752517e-09
8.880000e-07 2.752517e-09
8.890000e-07 2.752517e-09
8.900000e-07 2.752517e-09
8.910000e-07 2.752517e-09
8.920000e-07 2.752517e-09
8.930000e-07 2.752517e-09
8.940000e-07 2.752517e-09
8.950000e-07 2.752517e-09
8.960000e-07 2.752517e-09
8.970000e-07 2.752517e-09
8.980000e-07 2.752517e-09
8.990000e-07 2.752517e-09
9.000000e-07 2.752517e-09
9.010000e-07 2.752517e-09
9.020000e-07 2.752517e-09
9.030000e-07 2.752517e-09
9.040000e-07 2.752517e-09
9.050000e-07 2.752517e-09
9.060000e-07 2.752517e-09
9.070000e-07 2.752517e-09
9.080000e-07 2.752517e-09
9.090000e-07 2.752517e-09
9.100000e-07 2.752517e-09
9.110000e-07 2.752517e-09
9.120000e-07 2.752517e-09
9.130000e-07 2.752517e-09
9.140000e-07 2.752517e-09
9.150000e-07 2.752517e-09
9.160000e-07 2.752517e-09
9.170000e-07 2.752517e-09
9.180000e-07 2.752517e-09
9.190000e-07 2.752517e-09
9.200000e-07 2.752517e-09
9.210000e-07 2.752517e-09
9.220000e-07 2.752517e-09
9.230000e-07 2.752517e-09
9.240000e-07 2.752517e-09
9.250000e-07 2.752517e-09
9.260000e-07 2.752517e-09
9.270000e-07 2.752517e-09
9.280000e-07 2.752517e-09
9.290000e-07 2.752517e-09
9.300000e-07 2.752517e-09
9.310000e-07 2.752517e-09
9.320000e-07 2.752517e-09
9.330000e-07 2.752517e-09
9.340000e-07 2.752517e-09
9.350000e-07 2.752517e-09
9.360000e-07 2.752517e-09
9.370000e-07 2.752517e-09
9.380000e-07 2.752517e-09
9.390000e-07 2.752517e-09
9.400000e-07 2.752517e-09
9.410000e-07 2.752517e-09
9.420000e-07 2.752517e-09
9.430000e-07 2.752517e-09
9.440000e-07 2.752517e-09
9.450000e-07 2.752517e-09
9.460000e-07 2.752517e-09
9.470000e-07 2.752517e-09
9.480000e-07 2.752517e-09
9.490000e-07 2.752517e-09
9.500000e-07 2.752517e-09
9.510000e-07 2.752517e-09
9.520000e-07 2.752517e-09
9.530000e-07 2.752517e-09
9.540000e-07 2.752517e-09
9.550000e-07 2.752517e-09
9.560000e-07 2.752517e-09
9.570000e-07 2.752517e-09
9.580000e-07 2.752517e-09
9.590000e-07 2.752517e-09
9.600000e-07 2.752517e-09
9.610000e-07 2.752517e-09
9.620000e-07 2.752517e-09
9.630000e-07 2.752517e-09
9.640000e-07 2.752517e-09
9.650000e-07 2.752517e-09
9.660000e-07 2.752517e-09
9.670000e-07 2.752517e-09
9.680000e-07 2.752517e-09
9.690000e-07 2.752517e-09
9.700000e-07 2.752517e-09
9.710000e-07 2.752517e-09
9.720000e-07 2.752517e-09
9.730000e-07 2.752517e-09
9.740000e-07 2.752517e-09
9.750000e-07 2.752517e-09
9.760000e-07 2.752517e-09
9.770000e-07 2.752517e-09
9.780000e-07 2.752517e-09
9.790000e-07 2.752517e-09
9.800000e-07 2.752517e-09
9.810000e-07 2.752517e-09
9.820000e-07 2.752517e-09
9.830000e-07 2.752517e-09
9.840000e-07 2.752517e-09
9.850000e-07 2.752517e-09
9.860000e-07 2.752517e-09
9.870000e-07 2.752517e-09
9.880000e-07 2.752517e-09
9.890000e-07 2.752517e-09
9.900000e-07 2.752517e-09
9.910000e-07 2.752517e-09
9.920000e-07 2.752517e-09
9.930000e-07 2.752517e-09
9.940000e-07 2.752517e-09
9.950000e-07 2.752517e-09
9.960000e-07 2.752517e-09
9.970000e-07 2.752517e-09
9.980000e-07 2.752517e-09
9.990000e-07 2.752517e-09
