0.000000e+00 7.569771e-08 1.606959e-14
1.000000e-08 7.569771e-08 1.606959e-14
2.000000e-08 4.433908e-08 2.743474e-14
3.000000e-08 2.597112e-08 4.683784e-14
4.000000e-08 1.521229e-08 7.996371e-14
5.000000e-08 8.910426e-09 1.365177e-13
6.000000e-08 5.219182e-09 2.330693e-13
7.000000e-08 3.057077e-09 3.979066e-13
8.000000e-08 1.790648e-09 6.793244e-13
9.000000e-08 1.048852e-09 1.159774e-12
1.000000e-07 6.143533e-10 1.980019e-12
1.100000e-07 3.598505e-10 3.380379e-12
1.200000e-07 2.107784e-10 5.771137e-12
1.300000e-07 1.234611e-10 9.852750e-12
1.400000e-07 7.231593e-11 1.682107e-11
1.500000e-07 4.235824e-11 2.871770e-11
1.600000e-07 2.481086e-11 4.902817e-11
1.700000e-07 1.453268e-11 8.370313e-11
1.800000e-07 8.512355e-12 1.429018e-10
1.900000e-07 4.986016e-12 2.439685e-10
2.000000e-07 0.000000e+00 0.000000e+00
2.100000e-07 0.000000e+00 0.000000e+00
2.200000e-07 0.000000e+00 0.000000e+00
2.300000e-07 0.000000e+00 0.000000e+00
2.400000e-07 0.000000e+00 0.000000e+00
2.500000e-07 0.000000e+00 0.000000e+00
2.600000e-07 0.000000e+00 0.000000e+00
2.700000e-07 0.000000e+00 0.000000e+00
2.800000e-07 0.000000e+00 0.000000e+00
2.900000e-07 0.000000e+00 0.000000e+00
3.000000e-07 0.000000e+00 0.000000e+00
3.100000e-07 0.000000e+00 0.000000e+00
3.200000e-07 0.000000e+00 0.000000e+00
3.300000e-07 0.000000e+00 0.000000e+00
3.400000e-07 0.000000e+00 0.000000e+00
3.500000e-07 0.000000e+00 0.000000e+00
3.600000e-07 0.000000e+00 0.000000e+00
3.700000e-07 0.000000e+00 0.000000e+00
3.800000e-07 0.000000e+00 0.000000e+00
3.900000e-07 0.000000e+00 0.000000e+00
4.000000e-07 0.000000e+00 0.000000e+00
4.100000e-07 0.000000e+00 0.000000e+00
4.200000e-07 0.000000e+00 0.000000e+00
4.300000e-07 0.000000e+00 0.000000e+00
4.400000e-07 0.000000e+00 0.000000e+00
4.500000e-07 0.000000e+00 0.000000e+00
4.600000e-07 0.000000e+00 0.000000e+00
4.700000e-07 0.000000e+00 0.000000e+00
4.800000e-07 0.000000e+00 0.000000e+00
4.900000e-07 0.000000e+00 0.000000e+00
5.000000e-07 0.000000e+00 0.000000e+00
5.100000e-07 0.000000e+00 0.000000e+00
5.200000e-07 0.000000e+00 0.000000e+00
5.300000e-07 0.000000e+00 0.000000e+00
5.400000e-07 0.000000e+00 0.000000e+00
5.500000e-07 0.000000e+00 0.000000e+00
5.600000e-07 0.000000e+00 0.000000e+00
5.700000e-07 0.000000e+00 0.000000e+00
5.800000e-07 0.000000e+00 0.000000e+00
5.900000e-07 0.000000e+00 0.000000e+00
6.000000e-07 0.000000e+00 0.000000e+00
6.100000e-07 0.000000e+00 0.000000e+00
6.200000e-07 0.000000e+00 0.000000e+00
6.300000e-07 0.000000e+00 0.000000e+00
6.400000e-07 0.000000e+00 0.000000e+00
6.500000e-07 0.000000e+00 0.000000e+00
6.600000e-07 0.000000e+00 0.000000e+00
6.700000e-07 0.000000e+00 0.000000e+00
6.800000e-07 0.000000e+00 0.000000e+00
6.900000e-07 0.000000e+00 0.000000e+00
7.000000e-07 0.000000e+00 0.000000e+00
7.100000e-07 0.000000e+00 0.000000e+00
7.200000e-07 0.000000e+00 0.000000e+00
7.300000e-07 0.000000e+00 0.000000e+00
7.400000e-07 0.000000e+00 4.313781e+03
7.500000e-07 0.000000e+00 4.345497e+03
7.600000e-07 0.000000e+00 8.743089e+03
7.700000e-07 0.000000e+00 1.317556e+04
7.800000e-07 0.000000e+00 2.203186e+04
7.900000e-07 0.000000e+00 3.532048e+04
8.000000e-07 0.000000e+00 6.185051e+04
8.100000e-07 0.000000e+00 1.059568e+05
8.200000e-07 0.000000e+00 1.806455e+05
8.300000e-07 0.000000e+00 3.029982e+05
8.400000e-07 0.000000e+00 5.157519e+05
8.500000e-07 0.000000e+00 8.775979e+05
8.600000e-07 0.000000e+00 1.487862e+06
8.700000e-07 0.000000e+00 2.518069e+06
8.800000e-07 0.000000e+00 4.253356e+06
8.900000e-07 0.000000e+00 7.175322e+06
9.000000e-07 0.000000e+00 1.209761e+07
9.100000e-07 0.000000e+00 2.035808e+07
9.200000e-07 0.000000e+00 3.421232e+07
9.300000e-07 0.000000e+00 5.741204e+07
9.400000e-07 0.000000e+00 9.620197e+07
9.500000e-07 0.000000e+00 1.609565e+08
9.600000e-07 0.000000e+00 2.688781e+08
9.700000e-07 0.000000e+00 4.484470e+08
9.800000e-07 0.000000e+00 7.467386e+08
9.900000e-07 0.000000e+00 1.241374e+09
1.000000e-06 0.000000e+00 2.060141e+09
1.010000e-06 0.000000e+00 3.412949e+09
1.020000e-06 0.000000e+00 5.643883e+09
1.030000e-06 0.000000e+00 9.315706e+09
1.040000e-06 0.000000e+00 1.534672e+10
1.050000e-06 0.000000e+00 2.523172e+10
1.060000e-06 0.000000e+00 4.139770e+10
1.070000e-06 0.000000e+00 6.777463e+10
1.080000e-06 0.000000e+00 1.107081e+11
1.090000e-06 0.000000e+00 1.804134e+11
1.100000e-06 0.000000e+00 2.932828e+11
1.110000e-06 0.000000e+00 4.755311e+11
1.120000e-06 0.000000e+00 7.689287e+11
1.130000e-06 0.000000e+00 1.239772e+12
1.140000e-06 0.000000e+00 1.992842e+12
1.150000e-06 0.000000e+00 3.192980e+12
1.160000e-06 0.000000e+00 5.098237e+12
1.170000e-06 0.000000e+00 8.110359e+12
1.180000e-06 0.000000e+00 1.285106e+13
1.190000e-06 0.000000e+00 2.027604e+13
1.200000e-06 0.000000e+00 3.184347e+13
1.210000e-06 0.000000e+00 4.975941e+13
1.220000e-06 0.000000e+00 7.732954e+13
1.230000e-06 0.000000e+00 1.194525e+14
1.240000e-06 0.000000e+00 1.832937e+14
1.250000e-06 0.000000e+00 2.791737e+14
1.260000e-06 0.000000e+00 4.216807e+14
1.270000e-06 0.000000e+00 6.309567e+14
1.280000e-06 0.000000e+00 9.339813e+14
1.290000e-06 0.000000e+00 1.365437e+15
1.300000e-06 0.000000e+00 1.967326e+15
1.310000e-06 0.000000e+00 2.785825e+15
1.320000e-06 0.000000e+00 3.862887e+15
1.330000e-06 0.000000e+00 5.218828e+15
1.340000e-06 0.000000e+00 6.821037e+15
1.350000e-06 0.000000e+00 8.534548e+15
1.360000e-06 0.000000e+00 1.005634e+16
1.370000e-06 0.000000e+00 1.085607e+16
1.380000e-06 0.000000e+00 9.955946e+15
1.390000e-06 0.000000e+00 6.490125e+15
1.400000e-06 0.000000e+00 4.080559e+15
1.410000e-06 0.000000e+00 8.467186e+14
1.420000e-06 0.000000e+00 1.705079e+14
1.430000e-06 0.000000e+00 3.376326e+13
1.440000e-06 0.000000e+00 6.625384e+12
1.450000e-06 0.000000e+00 1.293928e+12
1.460000e-06 0.000000e+00 2.520786e+11
1.470000e-06 0.000000e+00 4.904662e+10
1.480000e-06 0.000000e+00 9.536703e+09
1.490000e-06 0.000000e+00 1.853711e+09
1.500000e-06 0.000000e+00 3.602559e+08
1.510000e-06 0.000000e+00 7.000710e+07
1.520000e-06 0.000000e+00 1.360359e+07
1.530000e-06 0.000000e+00 2.643352e+06
1.540000e-06 0.000000e+00 5.136312e+05
1.550000e-06 0.000000e+00 9.980336e+04
1.560000e-06 0.000000e+00 1.939267e+04
1.570000e-06 0.000000e+00 3.768160e+03
1.580000e-06 0.000000e+00 7.321848e+02
1.590000e-06 0.000000e+00 1.422695e+02
1.600000e-06 0.000000e+00 2.764414e+01
1.610000e-06 0.000000e+00 5.371481e+00
1.620000e-06 0.000000e+00 1.043723e+00
1.630000e-06 0.000000e+00 2.028038e-01
1.640000e-06 0.000000e+00 3.940644e-02
1.650000e-06 0.000000e+00 7.656992e-03
1.660000e-06 0.000000e+00 1.487816e-03
1.670000e-06 0.000000e+00 2.890948e-04
1.680000e-06 0.000000e+00 5.617346e-05
1.690000e-06 0.000000e+00 1.091496e-05
1.700000e-06 0.000000e+00 2.120866e-06
1.710000e-06 0.000000e+00 4.121015e-07
1.720000e-06 0.000000e+00 8.007471e-08
1.730000e-06 0.000000e+00 1.555915e-08
1.740000e-06 0.000000e+00 3.023268e-09
1.750000e-06 0.000000e+00 5.874472e-10
1.760000e-06 0.000000e+00 1.141458e-10
1.770000e-06 0.000000e+00 2.217991e-11
1.780000e-06 0.000000e+00 4.309692e-12
1.790000e-06 0.000000e+00 8.373449e-13
1.800000e-06 0.000000e+00 1.627309e-13
1.810000e-06 0.000000e+00 3.162458e-14
1.820000e-06 0.000000e+00 6.143676e-15
1.830000e-06 0.000000e+00 1.193481e-15
1.840000e-06 0.000000e+00 2.314282e-16
1.850000e-06 0.000000e+00 4.526307e-17
1.860000e-06 0.000000e+00 8.726778e-18
1.870000e-06 0.000000e+00 1.711506e-18
1.880000e-06 0.000000e+00 3.352636e-19
1.890000e-06 0.000000e+00 6.771731e-20
1.900000e-06 0.000000e+00 1.282284e-20
1.910000e-06 0.000000e+00 2.428114e-21
1.920000e-06 0.000000e+00 4.597838e-22
1.930000e-06 0.000000e+00 1.741279e-22
1.940000e-06 0.000000e+00 0.000000e+00
1.950000e-06 0.000000e+00 0.000000e+00
1.960000e-06 0.000000e+00 0.000000e+00
1.970000e-06 0.000000e+00 0.000000e+00
1.980000e-06 0.000000e+00 0.000000e+00
1.990000e-06 0.000000e+00 0.000000e+00
2.000000e-06 0.000000e+00 0.000000e+00
2.010000e-06 0.000000e+00 0.000000e+00
2.020000e-06 0.000000e+00 0.000000e+00
2.030000e-06 0.000000e+00 0.000000e+00
2.040000e-06 0.000000e+00 0.000000e+00
2.050000e-06 0.000000e+00 0.000000e+00
2.060000e-06 0.000000e+00 0.000000e+00
2.070000e-06 0.000000e+00 0.000000e+00
2.080000e-06 0.000000e+00 0.000000e+00
2.090000e-06 0.000000e+00 0.000000e+00
2.100000e-06 0.000000e+00 0.000000e+00
2.110000e-06 0.000000e+00 0.000000e+00
2.120000e-06 0.000000e+00 0.000000e+00
2.130000e-06 0.000000e+00 0.000000e+00
2.140000e-06 0.000000e+00 0.000000e+00
2.150000e-06 0.000000e+00 0.000000e+00
2.160000e-06 0.000000e+00 0.000000e+00
2.170000e-06 0.000000e+00 0.000000e+00
2.180000e-06 0.000000e+00 0.000000e+00
2.190000e-06 0.000000e+00 0.000000e+00
2.200000e-06 0.000000e+00 0.000000e+00
2.210000e-06 0.000000e+00 0.000000e+00
2.220000e-06 0.000000e+00 0.000000e+00
2.230000e-06 0.000000e+00 0.000000e+00
2.240000e-06 0.000000e+00 0.000000e+00
2.250000e-06 0.000000e+00 0.000000e+00
2.260000e-06 0.000000e+00 0.000000e+00
2.270000e-06 0.000000e+00 0.000000e+00
2.280000e-06 0.000000e+00 0.000000e+00
2.290000e-06 0.000000e+00 0.000000e+00
2.300000e-06 0.000000e+00 0.000000e+00
2.310000e-06 0.000000e+00 0.000000e+00
2.320000e-06 0.000000e+00 0.000000e+00
2.330000e-06 0.000000e+00 0.000000e+00
2.340000e-06 0.000000e+00 0.000000e+00
2.350000e-06 0.000000e+00 0.000000e+00
2.360000e-06 0.000000e+00 0.000000e+00
2.370000e-06 0.000000e+00 0.000000e+00
2.380000e-06 0.000000e+00 0.000000e+00
2.390000e-06 0.000000e+00 0.000000e+00
2.400000e-06 0.000000e+00 0.000000e+00
2.410000e-06 0.000000e+00 0.000000e+00
2.420000e-06 0.000000e+00 0.000000e+00
2.430000e-06 0.000000e+00 0.000000e+00
2.440000e-06 0.000000e+00 0.000000e+00
2.450000e-06 0.000000e+00 0.000000e+00
2.460000e-06 0.000000e+00 0.000000e+00
2.470000e-06 0.000000e+00 0.000000e+00
2.480000e-06 0.000000e+00 0.000000e+00
2.490000e-06 0.000000e+00 0.000000e+00
2.500000e-06 0.000000e+00 0.000000e+00
2.510000e-06 0.000000e+00 0.000000e+00
2.520000e-06 0.000000e+00 0.000000e+00
2.530000e-06 0.000000e+00 0.000000e+00
2.540000e-06 0.000000e+00 0.000000e+00
2.550000e-06 0.000000e+00 0.000000e+00
2.560000e-06 0.000000e+00 0.000000e+00
2.570000e-06 0.000000e+00 0.000000e+00
2.580000e-06 0.000000e+00 0.000000e+00
2.590000e-06 0.000000e+00 0.000000e+00
2.600000e-06 0.000000e+00 0.000000e+00
2.610000e-06 0.000000e+00 0.000000e+00
2.620000e-06 0.000000e+00 0.000000e+00
2.630000e-06 0.000000e+00 0.000000e+00
2.640000e-06 0.000000e+00 0.000000e+00
2.650000e-06 0.000000e+00 0.000000e+00
2.660000e-06 0.000000e+00 0.000000e+00
2.670000e-06 0.000000e+00 0.000000e+00
2.680000e-06 0.000000e+00 0.000000e+00
2.690000e-06 0.000000e+00 0.000000e+00
2.700000e-06 0.000000e+00 0.000000e+00
2.710000e-06 0.000000e+00 0.000000e+00
2.720000e-06 0.000000e+00 0.000000e+00
2.730000e-06 0.000000e+00 0.000000e+00
2.740000e-06 0.000000e+00 0.000000e+00
2.750000e-06 0.000000e+00 0.000000e+00
2.760000e-06 0.000000e+00 0.000000e+00
2.770000e-06 0.000000e+00 0.000000e+00
2.780000e-06 0.000000e+00 0.000000e+00
2.790000e-06 0.000000e+00 0.000000e+00
2.800000e-06 0.000000e+00 0.000000e+00
2.810000e-06 0.000000e+00 0.000000e+00
2.820000e-06 0.000000e+00 0.000000e+00
2.830000e-06 0.000000e+00 0.000000e+00
2.840000e-06 0.000000e+00 0.000000e+00
2.850000e-06 0.000000e+00 0.000000e+00
2.860000e-06 0.000000e+00 0.000000e+00
2.870000e-06 2.932479e-13 0.000000e+00
2.880000e-06 2.355616e-13 0.000000e+00
2.890000e-06 5.676692e-13 0.000000e+00
2.900000e-06 7.600002e-13 0.000000e+00
2.910000e-06 1.220993e-12 0.000000e+00
2.920000e-06 1.863531e-12 0.000000e+00
2.930000e-06 2.915106e-12 0.000000e+00
2.940000e-06 4.556744e-12 0.000000e+00
2.950000e-06 7.117375e-12 0.000000e+00
2.960000e-06 1.118953e-11 0.000000e+00
2.970000e-06 1.748470e-11 0.000000e+00
2.980000e-06 2.737891e-11 0.000000e+00
2.990000e-06 4.288542e-11 0.000000e+00
3.000000e-06 6.713006e-11 0.000000e+00
3.010000e-06 1.051174e-10 0.000000e+00
3.020000e-06 1.645665e-10 0.000000e+00
3.030000e-06 2.576540e-10 0.000000e+00
3.040000e-06 4.033975e-10 0.000000e+00
3.050000e-06 6.315824e-10 0.000000e+00
3.060000e-06 9.888335e-10 0.000000e+00
3.070000e-06 1.548161e-09 0.000000e+00
3.080000e-06 2.423872e-09 0.000000e+00
3.090000e-06 3.794923e-09 0.000000e+00
3.100000e-06 5.941499e-09 0.000000e+00
3.110000e-06 9.302276e-09 0.000000e+00
3.120000e-06 1.456406e-08 0.000000e+00
3.130000e-06 2.280214e-08 0.000000e+00
3.140000e-06 3.570005e-08 0.000000e+00
3.150000e-06 5.589360e-08 0.000000e+00
3.160000e-06 8.750951e-08 0.000000e+00
3.170000e-06 1.370088e-07 0.000000e+00
3.180000e-06 2.145071e-07 0.000000e+00
3.190000e-06 3.358418e-07 0.000000e+00
3.200000e-06 5.258089e-07 0.000000e+00
3.210000e-06 8.232297e-07 0.000000e+00
3.220000e-06 1.288885e-06 0.000000e+00
3.230000e-06 2.017933e-06 0.000000e+00
3.240000e-06 3.159360e-06 0.000000e+00
3.250000e-06 4.946417e-06 0.000000e+00
3.260000e-06 7.744275e-06 0.000000e+00
3.270000e-06 1.212461e-05 0.000000e+00
3.280000e-06 1.898230e-05 0.000000e+00
3.290000e-06 2.971793e-05 0.000000e+00
3.300000e-06 4.652280e-05 0.000000e+00
3.310000e-06 7.282318e-05 0.000000e+00
3.320000e-06 1.139695e-04 0.000000e+00
3.330000e-06 1.782965e-04 0.000000e+00
3.340000e-06 2.787252e-04 0.000000e+00
3.350000e-06 4.350992e-04 0.000000e+00
3.360000e-06 6.773334e-04 0.000000e+00
3.370000e-06 1.048891e-03 0.000000e+00
3.380000e-06 1.608339e-03 0.000000e+00
3.390000e-06 2.422610e-03 0.000000e+00
3.400000e-06 3.540076e-03 0.000000e+00
3.410000e-06 4.935999e-03 0.000000e+00
3.420000e-06 6.460209e-03 0.000000e+00
3.430000e-06 7.862058e-03 0.000000e+00
3.440000e-06 8.909251e-03 0.000000e+00
3.450000e-06 9.491152e-03 0.000000e+00
3.460000e-06 9.623513e-03 0.000000e+00
3.470000e-06 9.393179e-03 0.000000e+00
3.480000e-06 8.905732e-03 0.000000e+00
3.490000e-06 8.257038e-03 0.000000e+00
3.500000e-06 7.523314e-03 0.000000e+00
3.510000e-06 6.760555e-03 0.000000e+00
3.520000e-06 6.007513e-03 0.000000e+00
3.530000e-06 5.289439e-03 0.000000e+00
3.540000e-06 4.621534e-03 0.000000e+00
3.550000e-06 4.011771e-03 0.000000e+00
3.560000e-06 3.463090e-03 0.000000e+00
3.570000e-06 2.975043e-03 0.000000e+00
3.580000e-06 2.545002e-03 0.000000e+00
3.590000e-06 2.169029e-03 0.000000e+00
3.600000e-06 1.842492e-03 0.000000e+00
3.610000e-06 1.560490e-03 0.000000e+00
3.620000e-06 1.318138e-03 0.000000e+00
3.630000e-06 1.110748e-03 0.000000e+00
3.640000e-06 9.339445e-04 0.000000e+00
3.650000e-06 7.837182e-04 0.000000e+00
3.660000e-06 6.564548e-04 0.000000e+00
3.670000e-06 5.489333e-04 0.000000e+00
3.680000e-06 4.583113e-04 0.000000e+00
3.690000e-06 3.821008e-04 0.000000e+00
3.700000e-06 3.181386e-04 0.000000e+00
3.710000e-06 2.645551e-04 0.000000e+00
3.720000e-06 2.197420e-04 0.000000e+00
3.730000e-06 1.823223e-04 0.000000e+00
3.740000e-06 1.511213e-04 0.000000e+00
3.750000e-06 1.251405e-04 0.000000e+00
3.760000e-06 1.035335e-04 0.000000e+00
3.770000e-06 8.558479e-05 0.000000e+00
3.780000e-06 7.069127e-05 0.000000e+00
3.790000e-06 5.834549e-05 0.000000e+00
3.800000e-06 4.812143e-05 0.000000e+00
3.810000e-06 3.966207e-05 0.000000e+00
3.820000e-06 3.266877e-05 0.000000e+00
3.830000e-06 2.689209e-05 0.000000e+00
3.840000e-06 2.212400e-05 0.000000e+00
3.850000e-06 1.819122e-05 0.000000e+00
3.860000e-06 1.494963e-05 0.000000e+00
3.870000e-06 1.227948e-05 0.000000e+00
3.880000e-06 1.008139e-05 0.000000e+00
3.890000e-06 8.272958e-06 0.000000e+00
3.900000e-06 6.785949e-06 0.000000e+00
3.910000e-06 5.563884e-06 0.000000e+00
3.920000e-06 4.560069e-06 0.000000e+00
3.930000e-06 3.735929e-06 0.000000e+00
3.940000e-06 3.059620e-06 0.000000e+00
3.950000e-06 2.504873e-06 0.000000e+00
3.960000e-06 2.050033e-06 0.000000e+00
3.970000e-06 1.677262e-06 0.000000e+00
3.980000e-06 1.371873e-06 0.000000e+00
3.990000e-06 1.121782e-06 0.000000e+00
4.000000e-06 9.170516e-07 0.000000e+00
4.010000e-06 7.495138e-07 0.000000e+00
4.020000e-06 6.124592e-07 0.000000e+00
4.030000e-06 5.003790e-07 0.000000e+00
4.040000e-06 4.087517e-07 0.000000e+00
4.050000e-06 3.338687e-07 0.000000e+00
4.060000e-06 2.726887e-07 0.000000e+00
4.070000e-06 2.227193e-07 0.000000e+00
4.080000e-06 1.819181e-07 0.000000e+00
4.090000e-06 1.486126e-07 0.000000e+00
4.100000e-06 1.214337e-07 0.000000e+00
4.110000e-06 9.926076e-08 0.000000e+00
4.120000e-06 8.117697e-08 0.000000e+00
4.130000e-06 6.643264e-08 0.000000e+00
4.140000e-06 5.441482e-08 0.000000e+00
4.150000e-06 4.462256e-08 0.000000e+00
4.160000e-06 3.664660e-08 0.000000e+00
4.170000e-06 3.015269e-08 0.000000e+00
4.180000e-06 2.486797e-08 0.000000e+00
4.190000e-06 2.056976e-08 0.000000e+00
4.200000e-06 1.707644e-08 0.000000e+00
4.210000e-06 1.424001e-08 0.000000e+00
4.220000e-06 1.193990e-08 0.000000e+00
4.230000e-06 1.007809e-08 0.000000e+00
4.240000e-06 8.574958e-09 0.000000e+00
4.250000e-06 7.366044e-09 0.000000e+00
4.260000e-06 6.399341e-09 0.000000e+00
4.270000e-06 5.633152e-09 0.000000e+00
4.280000e-06 5.034364e-09 0.000000e+00
4.290000e-06 4.577079e-09 0.000000e+00
4.300000e-06 4.241564e-09 0.000000e+00
4.310000e-06 4.013454e-09 0.000000e+00
4.320000e-06 3.883200e-09 0.000000e+00
4.330000e-06 3.845723e-09 0.000000e+00
4.340000e-06 3.900278e-09 0.000000e+00
4.350000e-06 4.050519e-09 0.000000e+00
4.360000e-06 4.304769e-09 0.000000e+00
4.370000e-06 4.676529e-09 0.000000e+00
4.380000e-06 5.183554e-09 0.000000e+00
4.390000e-06 5.849857e-09 0.000000e+00
4.400000e-06 6.553731e-09 0.000000e+00
4.410000e-06 7.158827e-09 0.000000e+00
4.420000e-06 7.774803e-09 0.000000e+00
4.430000e-06 8.399640e-09 0.000000e+00
4.440000e-06 9.031232e-09 0.000000e+00
4.450000e-06 9.667441e-09 0.000000e+00
4.460000e-06 1.030612e-08 0.000000e+00
4.470000e-06 1.094514e-08 0.000000e+00
4.480000e-06 1.158239e-08 0.000000e+00
4.490000e-06 1.221579e-08 0.000000e+00
4.500000e-06 1.284332e-08 0.000000e+00
4.510000e-06 1.346297e-08 0.000000e+00
4.520000e-06 1.407283e-08 0.000000e+00
4.530000e-06 1.467101e-08 0.000000e+00
4.540000e-06 1.525570e-08 0.000000e+00
4.550000e-06 1.582514e-08 0.000000e+00
4.560000e-06 1.637766e-08 0.000000e+00
4.570000e-06 1.691166e-08 0.000000e+00
4.580000e-06 1.742561e-08 0.000000e+00
4.590000e-06 1.791806e-08 0.000000e+00
4.600000e-06 1.838766e-08 0.000000e+00
4.610000e-06 1.883314e-08 0.000000e+00
4.620000e-06 1.925332e-08 0.000000e+00
4.630000e-06 1.964711e-08 0.000000e+00
4.640000e-06 2.001351e-08 0.000000e+00
4.650000e-06 2.035163e-08 0.000000e+00
4.660000e-06 2.066068e-08 0.000000e+00
4.670000e-06 2.093994e-08 0.000000e+00
4.680000e-06 2.118882e-08 0.000000e+00
4.690000e-06 2.140681e-08 0.000000e+00
4.700000e-06 2.159352e-08 0.000000e+00
4.710000e-06 2.174864e-08 0.000000e+00
4.720000e-06 2.187196e-08 0.000000e+00
4.730000e-06 2.196339e-08 0.000000e+00
4.740000e-06 2.202292e-08 0.000000e+00
4.750000e-06 2.205063e-08 0.000000e+00
4.760000e-06 2.204671e-08 0.000000e+00
4.770000e-06 2.201144e-08 0.000000e+00
4.780000e-06 2.194518e-08 0.000000e+00
4.790000e-06 2.184838e-08 0.000000e+00
4.800000e-06 2.172160e-08 0.000000e+00
4.810000e-06 2.156544e-08 0.000000e+00
4.820000e-06 2.138062e-08 0.000000e+00
4.830000e-06 2.116791e-08 0.000000e+00
4.840000e-06 2.092817e-08 0.000000e+00
4.850000e-06 2.066230e-08 0.000000e+00
4.860000e-06 2.037131e-08 0.000000e+00
4.870000e-06 2.005624e-08 0.000000e+00
4.880000e-06 1.971818e-08 0.000000e+00
4.890000e-06 1.935831e-08 0.000000e+00
4.900000e-06 1.897781e-08 0.000000e+00
4.910000e-06 1.857795e-08 0.000000e+00
4.920000e-06 1.816000e-08 0.000000e+00
4.930000e-06 1.772529e-08 0.000000e+00
4.940000e-06 1.727517e-08 0.000000e+00
4.950000e-06 1.681102e-08 0.000000e+00
4.960000e-06 1.633423e-08 0.000000e+00
4.970000e-06 1.584621e-08 0.000000e+00
4.980000e-06 1.534838e-08 0.000000e+00
4.990000e-06 1.484217e-08 0.000000e+00
5.000000e-06 1.432901e-08 0.000000e+00
5.010000e-06 1.381031e-08 0.000000e+00
5.020000e-06 1.328750e-08 0.000000e+00
5.030000e-06 1.276197e-08 0.000000e+00
5.040000e-06 1.223511e-08 0.000000e+00
5.050000e-06 1.170826e-08 0.000000e+00
5.060000e-06 1.118277e-08 0.000000e+00
5.070000e-06 1.065994e-08 0.000000e+00
5.080000e-06 1.014103e-08 0.000000e+00
5.090000e-06 9.627265e-09 0.000000e+00
5.100000e-06 9.119835e-09 0.000000e+00
5.110000e-06 8.619875e-09 0.000000e+00
5.120000e-06 8.128473e-09 0.000000e+00
5.130000e-06 7.646664e-09 0.000000e+00
5.140000e-06 7.175427e-09 0.000000e+00
5.150000e-06 6.715681e-09 0.000000e+00
5.160000e-06 6.268287e-09 0.000000e+00
5.170000e-06 5.834039e-09 0.000000e+00
5.180000e-06 5.413667e-09 0.000000e+00
5.190000e-06 5.007832e-09 0.000000e+00
5.200000e-06 4.617129e-09 0.000000e+00
5.210000e-06 4.242079e-09 0.000000e+00
5.220000e-06 3.883134e-09 0.000000e+00
5.230000e-06 3.540671e-09 0.000000e+00
5.240000e-06 3.214996e-09 0.000000e+00
5.250000e-06 2.906341e-09 0.000000e+00
5.260000e-06 2.614864e-09 0.000000e+00
5.270000e-06 2.340651e-09 0.000000e+00
5.280000e-06 2.083713e-09 0.000000e+00
5.290000e-06 1.843990e-09 0.000000e+00
5.300000e-06 1.621351e-09 0.000000e+00
5.310000e-06 1.415594e-09 0.000000e+00
5.320000e-06 1.226448e-09 0.000000e+00
5.330000e-06 1.053575e-09 0.000000e+00
5.340000e-06 8.965729e-10 0.000000e+00
5.350000e-06 7.549740e-10 0.000000e+00
5.360000e-06 6.282513e-10 0.000000e+00
5.370000e-06 5.158187e-10 0.000000e+00
5.380000e-06 4.170344e-10 0.000000e+00
5.390000e-06 3.312034e-10 0.000000e+00
5.400000e-06 2.575812e-10 0.000000e+00
5.410000e-06 1.953761e-10 0.000000e+00
5.420000e-06 1.437531e-10 0.000000e+00
5.430000e-06 1.018374e-10 0.000000e+00
5.440000e-06 6.871727e-11 0.000000e+00
5.450000e-06 4.344832e-11 0.000000e+00
5.460000e-06 2.505658e-11 0.000000e+00
5.470000e-06 1.254250e-11 0.000000e+00
5.480000e-06 4.885473e-12 0.000000e+00
5.490000e-06 1.050459e-12 0.000000e+00
5.500000e-06 1.710793e+20 7.110333e-42
5.510000e-06 1.095783e+20 1.110102e-41
5.520000e-06 7.608780e+19 1.598720e-41
5.530000e-06 5.587946e+19 2.176884e-41
5.540000e-06 4.276317e+19 2.844576e-41
5.550000e-06 3.377311e+19 3.601773e-41
5.560000e-06 2.734508e+19 4.448446e-41
5.570000e-06 2.259109e+19 5.384562e-41
5.580000e-06 1.897684e+19 6.410082e-41
5.590000e-06 1.616527e+19 7.524966e-41
5.600000e-06 1.393525e+19 8.729168e-41
5.610000e-06 1.213683e+19 1.002264e-40
5.620000e-06 1.066546e+19 1.140533e-40
5.630000e-06 9.446408e+18 1.287718e-40
5.640000e-06 8.425127e+18 1.443813e-40
5.650000e-06 7.561051e+18 1.608812e-40
5.660000e-06 6.823500e+18 1.782708e-40
5.670000e-06 6.188932e+18 1.965494e-40
5.680000e-06 5.639032e+18 2.157163e-40
5.690000e-06 5.159383e+18 2.357706e-40
5.700000e-06 4.738511e+18 2.567116e-40
5.710000e-06 4.367192e+18 2.785385e-40
5.720000e-06 4.037943e+18 3.012502e-40
5.730000e-06 3.744640e+18 3.248459e-40
5.740000e-06 3.482236e+18 3.493247e-40
5.750000e-06 3.246538e+18 3.746856e-40
5.760000e-06 3.034043e+18 4.009274e-40
5.770000e-06 2.841802e+18 4.280492e-40
5.780000e-06 2.667321e+18 4.560498e-40
5.790000e-06 2.508477e+18 4.849282e-40
5.800000e-06 2.363457e+18 5.146830e-40
5.810000e-06 2.230702e+18 5.453132e-40
5.820000e-06 2.108867e+18 5.768175e-40
5.830000e-06 1.996786e+18 6.091945e-40
5.840000e-06 1.893446e+18 6.424430e-40
5.850000e-06 1.797960e+18 6.765617e-40
5.860000e-06 1.709553e+18 7.115491e-40
5.870000e-06 1.627542e+18 7.474038e-40
5.880000e-06 1.551324e+18 7.841243e-40
5.890000e-06 1.480367e+18 8.217092e-40
5.900000e-06 1.414197e+18 8.601570e-40
5.910000e-06 1.352392e+18 8.994660e-40
5.920000e-06 1.294579e+18 9.396347e-40
5.930000e-06 1.240419e+18 9.806614e-40
5.940000e-06 1.189612e+18 1.022544e-39
5.950000e-06 1.141886e+18 1.065282e-39
5.960000e-06 1.096998e+18 1.108873e-39
5.970000e-06 1.054726e+18 1.153315e-39
5.980000e-06 1.014872e+18 1.198606e-39
5.990000e-06 9.772535e+17 1.244745e-39
6.000000e-06 9.417077e+17 1.291729e-39
6.010000e-06 9.080846e+17 1.339557e-39
6.020000e-06 8.762481e+17 1.388227e-39
6.030000e-06 8.460738e+17 1.437736e-39
6.040000e-06 8.174480e+17 1.488084e-39
6.050000e-06 7.902666e+17 1.539267e-39
6.060000e-06 7.644339e+17 1.591284e-39
6.070000e-06 7.398623e+17 1.644132e-39
6.080000e-06 7.164709e+17 1.697809e-39
6.090000e-06 6.941854e+17 1.752314e-39
6.100000e-06 6.729372e+17 1.807644e-39
6.110000e-06 6.526630e+17 1.863797e-39
6.120000e-06 6.333040e+17 1.920770e-39
6.130000e-06 6.148060e+17 1.978561e-39
6.140000e-06 5.971187e+17 2.037168e-39
6.150000e-06 5.801955e+17 2.096588e-39
6.160000e-06 5.639930e+17 2.156819e-39
6.170000e-06 5.484708e+17 2.217859e-39
6.180000e-06 5.335914e+17 2.279705e-39
6.190000e-06 5.193198e+17 2.342355e-39
6.200000e-06 5.056233e+17 2.405805e-39
6.210000e-06 4.924715e+17 2.470054e-39
6.220000e-06 4.798358e+17 2.535098e-39
6.230000e-06 4.676897e+17 2.600936e-39
6.240000e-06 4.560081e+17 2.667564e-39
6.250000e-06 4.447678e+17 2.734980e-39
6.260000e-06 4.339466e+17 2.803181e-39
6.270000e-06 4.235242e+17 2.872165e-39
6.280000e-06 4.134810e+17 2.941927e-39
6.290000e-06 4.037990e+17 3.012466e-39
6.300000e-06 3.944611e+17 3.083779e-39
6.310000e-06 3.854511e+17 3.155863e-39
6.320000e-06 3.767539e+17 3.228715e-39
6.330000e-06 3.683552e+17 3.302332e-39
6.340000e-06 3.602415e+17 3.376710e-39
6.350000e-06 3.524000e+17 3.451848e-39
6.360000e-06 3.448187e+17 3.527741e-39
6.370000e-06 3.374862e+17 3.604387e-39
6.380000e-06 3.303918e+17 3.681783e-39
6.390000e-06 3.235253e+17 3.759925e-39
6.400000e-06 3.168770e+17 3.838811e-39
6.410000e-06 3.104378e+17 3.918437e-39
6.420000e-06 3.041991e+17 3.998799e-39
6.430000e-06 2.981525e+17 4.079896e-39
6.440000e-06 2.922903e+17 4.161722e-39
6.450000e-06 2.866051e+17 4.244276e-39
6.460000e-06 2.810898e+17 4.327553e-39
6.470000e-06 2.757378e+17 4.411550e-39
6.480000e-06 2.705426e+17 4.496265e-39
6.490000e-06 2.654982e+17 4.581692e-39
6.500000e-06 2.605988e+17 4.667830e-39
6.510000e-06 2.558390e+17 4.754674e-39
6.520000e-06 2.512135e+17 4.842221e-39
6.530000e-06 2.467172e+17 4.930467e-39
6.540000e-06 2.423455e+17 5.019409e-39
6.550000e-06 2.380937e+17 5.109043e-39
6.560000e-06 2.339576e+17 5.199365e-39
6.570000e-06 2.299330e+17 5.290372e-39
6.580000e-06 2.260159e+17 5.382060e-39
6.590000e-06 2.222025e+17 5.474426e-39
6.600000e-06 2.184892e+17 5.567465e-39
6.610000e-06 2.148726e+17 5.661174e-39
6.620000e-06 2.113492e+17 5.755549e-39
6.630000e-06 2.079161e+17 5.850587e-39
6.640000e-06 2.045700e+17 5.946282e-39
6.650000e-06 2.013081e+17 6.042632e-39
6.660000e-06 1.981277e+17 6.139632e-39
6.670000e-06 1.950259e+17 6.237279e-39
6.680000e-06 1.920003e+17 6.335569e-39
6.690000e-06 1.890484e+17 6.434497e-39
6.700000e-06 1.861677e+17 6.534060e-39
6.710000e-06 1.833562e+17 6.634253e-39
6.720000e-06 1.806114e+17 6.735072e-39
6.730000e-06 1.779315e+17 6.836514e-39
6.740000e-06 1.753143e+17 6.938574e-39
6.750000e-06 1.727579e+17 7.041248e-39
6.760000e-06 1.702604e+17 7.144532e-39
6.770000e-06 1.678201e+17 7.248422e-39
6.780000e-06 1.654353e+17 7.352913e-39
6.790000e-06 1.631042e+17 7.458001e-39
6.800000e-06 1.608252e+17 7.563683e-39
6.810000e-06 1.585969e+17 7.669953e-39
6.820000e-06 1.564178e+17 7.776807e-39
6.830000e-06 1.542864e+17 7.884241e-39
6.840000e-06 1.522013e+17 7.992251e-39
6.850000e-06 1.501613e+17 8.100831e-39
6.860000e-06 1.481649e+17 8.209979e-39
6.870000e-06 1.462111e+17 8.319689e-39
6.880000e-06 1.442986e+17 8.429957e-39
6.890000e-06 1.424263e+17 8.540778e-39
6.900000e-06 1.405929e+17 8.652148e-39
6.910000e-06 1.387976e+17 8.764063e-39
6.920000e-06 1.370392e+17 8.876517e-39
6.930000e-06 1.353168e+17 8.989507e-39
6.940000e-06 1.336293e+17 9.103027e-39
6.950000e-06 1.319759e+17 9.217073e-39
6.960000e-06 1.303555e+17 9.331641e-39
6.970000e-06 1.287675e+17 9.446725e-39
6.980000e-06 1.272109e+17 9.562321e-39
6.990000e-06 1.256848e+17 9.678425e-39
7.000000e-06 1.241886e+17 9.795031e-39
7.010000e-06 1.227214e+17 9.912135e-39
7.020000e-06 1.212825e+17 1.002973e-38
7.030000e-06 1.198712e+17 1.014782e-38
7.040000e-06 1.184868e+17 1.026639e-38
7.050000e-06 1.171286e+17 1.038543e-38
7.060000e-06 1.157959e+17 1.050496e-38
7.070000e-06 1.144882e+17 1.062495e-38
7.080000e-06 1.132048e+17 1.074540e-38
7.090000e-06 1.119451e+17 1.086632e-38
7.100000e-06 1.107086e+17 1.098768e-38
7.110000e-06 1.094947e+17 1.110950e-38
7.120000e-06 1.083028e+17 1.123176e-38
7.130000e-06 1.071324e+17 1.135447e-38
7.140000e-06 1.059830e+17 1.147760e-38
7.150000e-06 1.048542e+17 1.160117e-38
7.160000e-06 1.037454e+17 1.172516e-38
7.170000e-06 1.026562e+17 1.184957e-38
7.180000e-06 1.015861e+17 1.197439e-38
7.190000e-06 1.005346e+17 1.209962e-38
7.200000e-06 9.950146e+16 1.222526e-38
7.210000e-06 9.848612e+16 1.235129e-38
7.220000e-06 9.748822e+16 1.247772e-38
7.230000e-06 9.650736e+16 1.260454e-38
7.240000e-06 9.554316e+16 1.273174e-38
7.250000e-06 9.459525e+16 1.285932e-38
7.260000e-06 9.366328e+16 1.298728e-38
7.270000e-06 9.274688e+16 1.311560e-38
7.280000e-06 9.184573e+16 1.324428e-38
7.290000e-06 9.095949e+16 1.337333e-38
7.300000e-06 9.008784e+16 1.350272e-38
7.310000e-06 8.923047e+16 1.363246e-38
7.320000e-06 8.838706e+16 1.376255e-38
7.330000e-06 8.755733e+16 1.389297e-38
7.340000e-06 8.674098e+16 1.402372e-38
7.350000e-06 8.593774e+16 1.415479e-38
7.360000e-06 8.514733e+16 1.428619e-38
7.370000e-06 8.436948e+16 1.441790e-38
7.380000e-06 8.360393e+16 1.454993e-38
7.390000e-06 8.285043e+16 1.468225e-38
7.400000e-06 8.210873e+16 1.481488e-38
7.410000e-06 8.137860e+16 1.494780e-38
7.420000e-06 8.065980e+16 1.508101e-38
7.430000e-06 7.995209e+16 1.521450e-38
7.440000e-06 7.925527e+16 1.534827e-38
7.450000e-06 7.856910e+16 1.548231e-38
7.460000e-06 7.789339e+16 1.561662e-38
7.470000e-06 7.722792e+16 1.575118e-38
7.480000e-06 7.657249e+16 1.588601e-38
7.490000e-06 7.592690e+16 1.602108e-38
7.500000e-06 7.529097e+16 1.615640e-38
7.510000e-06 7.466451e+16 1.629196e-38
7.520000e-06 7.404734e+16 1.642775e-38
7.530000e-06 7.343927e+16 1.656377e-38
7.540000e-06 7.284014e+16 1.670001e-38
7.550000e-06 7.224977e+16 1.683647e-38
7.560000e-06 7.166801e+16 1.697314e-38
7.570000e-06 7.109468e+16 1.711002e-38
7.580000e-06 7.052963e+16 1.724709e-38
7.590000e-06 6.997271e+16 1.738436e-38
7.600000e-06 6.942377e+16 1.752182e-38
7.610000e-06 6.888265e+16 1.765947e-38
7.620000e-06 6.834922e+16 1.779729e-38
7.630000e-06 6.782334e+16 1.793529e-38
7.640000e-06 6.730487e+16 1.807345e-38
7.650000e-06 6.679367e+16 1.821177e-38
7.660000e-06 6.628962e+16 1.835025e-38
7.670000e-06 6.579259e+16 1.848888e-38
7.680000e-06 6.530245e+16 1.862765e-38
7.690000e-06 6.481907e+16 1.876656e-38
7.700000e-06 6.434235e+16 1.890560e-38
7.710000e-06 6.387217e+16 1.904478e-38
7.720000e-06 6.340840e+16 1.918407e-38
7.730000e-06 6.295094e+16 1.932348e-38
7.740000e-06 6.249968e+16 1.946300e-38
7.750000e-06 6.205451e+16 1.960262e-38
7.760000e-06 6.161533e+16 1.974234e-38
7.770000e-06 6.118204e+16 1.988216e-38
7.780000e-06 6.075453e+16 2.002206e-38
7.790000e-06 6.033271e+16 2.016205e-38
7.800000e-06 5.991648e+16 2.030211e-38
7.810000e-06 5.950575e+16 2.044224e-38
7.820000e-06 5.910042e+16 2.058244e-38
7.830000e-06 5.870042e+16 2.072270e-38
7.840000e-06 5.830564e+16 2.086301e-38
7.850000e-06 5.791601e+16 2.100337e-38
7.860000e-06 5.753143e+16 2.114377e-38
7.870000e-06 5.715183e+16 2.128420e-38
7.880000e-06 5.677712e+16 2.142467e-38
7.890000e-06 5.640724e+16 2.156516e-38
7.900000e-06 5.604209e+16 2.170567e-38
7.910000e-06 5.568160e+16 2.184619e-38
7.920000e-06 5.532570e+16 2.198673e-38
7.930000e-06 5.497432e+16 2.212726e-38
7.940000e-06 5.462738e+16 2.226779e-38
7.950000e-06 5.428482e+16 2.240831e-38
7.960000e-06 5.394656e+16 2.254882e-38
7.970000e-06 5.361254e+16 2.268930e-38
7.980000e-06 5.328270e+16 2.282976e-38
7.990000e-06 5.295696e+16 2.297018e-38
8.000000e-06 5.263526e+16 2.311057e-38
8.010000e-06 5.231756e+16 2.325092e-38
8.020000e-06 5.200377e+16 2.339121e-38
8.030000e-06 5.169384e+16 2.353145e-38
8.040000e-06 5.138772e+16 2.367163e-38
8.050000e-06 5.108535e+16 2.381174e-38
8.060000e-06 5.078666e+16 2.395178e-38
8.070000e-06 5.049162e+16 2.409174e-38
8.080000e-06 5.020015e+16 2.423162e-38
8.090000e-06 4.991221e+16 2.437141e-38
8.100000e-06 4.962775e+16 2.451110e-38
8.110000e-06 4.934672e+16 2.465070e-38
8.120000e-06 4.906906e+16 2.479019e-38
8.130000e-06 4.879473e+16 2.492956e-38
8.140000e-06 4.852367e+16 2.506882e-38
8.150000e-06 4.825585e+16 2.520795e-38
8.160000e-06 4.799121e+16 2.534696e-38
8.170000e-06 4.772971e+16 2.548583e-38
8.180000e-06 4.747130e+16 2.562456e-38
8.190000e-06 4.721594e+16 2.576314e-38
8.200000e-06 4.696359e+16 2.590157e-38
8.210000e-06 4.671421e+16 2.603985e-38
8.220000e-06 4.646775e+16 2.617796e-38
8.230000e-06 4.622417e+16 2.631591e-38
8.240000e-06 4.598344e+16 2.645368e-38
8.250000e-06 4.574551e+16 2.659127e-38
8.260000e-06 4.551034e+16 2.672867e-38
8.270000e-06 4.527790e+16 2.686589e-38
8.280000e-06 4.504816e+16 2.700290e-38
8.290000e-06 4.482106e+16 2.713972e-38
8.300000e-06 4.459658e+16 2.727633e-38
8.310000e-06 4.437469e+16 2.741272e-38
8.320000e-06 4.415534e+16 2.754890e-38
8.330000e-06 4.393851e+16 2.768485e-38
8.340000e-06 4.372415e+16 2.782057e-38
8.350000e-06 4.351225e+16 2.795606e-38
8.360000e-06 4.330276e+16 2.809131e-38
8.370000e-06 4.309565e+16 2.822631e-38
8.380000e-06 4.289089e+16 2.836106e-38
8.390000e-06 4.289089e+16 2.836106e-38
