0.000000e+00 1.504324e+00 -1.995676e+00
1.000000e-08 1.518152e+00 -1.981848e+00
2.000000e-08 1.531980e+00 -1.968020e+00
3.000000e-08 1.545808e+00 -1.954192e+00
4.000000e-08 1.559635e+00 -1.940365e+00
5.000000e-08 1.573463e+00 -1.926537e+00
6.000000e-08 1.587291e+00 -1.912709e+00
7.000000e-08 1.601119e+00 -1.898881e+00
8.000000e-08 1.614947e+00 -1.885053e+00
9.000000e-08 1.628774e+00 -1.871226e+00
1.000000e-07 1.642602e+00 -1.857398e+00
1.100000e-07 1.656430e+00 -1.843570e+00
1.200000e-07 1.670258e+00 -1.829742e+00
1.300000e-07 1.684085e+00 -1.815915e+00
1.400000e-07 1.697913e+00 -1.802087e+00
1.500000e-07 1.711741e+00 -1.788259e+00
1.600000e-07 1.725569e+00 -1.774431e+00
1.700000e-07 1.739397e+00 -1.760603e+00
1.800000e-07 1.753224e+00 -1.746776e+00
1.900000e-07 1.767052e+00 -1.732948e+00
2.000000e-07 1.780880e+00 -1.719120e+00
2.100000e-07 1.794708e+00 -1.705292e+00
2.200000e-07 1.808535e+00 -1.691465e+00
2.300000e-07 1.822363e+00 -1.677637e+00
2.400000e-07 1.836191e+00 -1.663809e+00
2.500000e-07 1.850019e+00 -1.649981e+00
2.600000e-07 1.863847e+00 -1.636153e+00
2.700000e-07 1.877674e+00 -1.622326e+00
2.800000e-07 1.891502e+00 -1.608498e+00
2.900000e-07 1.905330e+00 -1.594670e+00
3.000000e-07 1.919158e+00 -1.580842e+00
3.100000e-07 1.932985e+00 -1.567015e+00
3.200000e-07 1.946813e+00 -1.553187e+00
3.300000e-07 1.960641e+00 -1.539359e+00
3.400000e-07 1.974469e+00 -1.525531e+00
3.500000e-07 1.988296e+00 -1.511704e+00
3.600000e-07 2.002124e+00 -1.497876e+00
3.700000e-07 2.015952e+00 -1.484048e+00
3.800000e-07 2.029780e+00 -1.470220e+00
3.900000e-07 2.043608e+00 -1.456392e+00
4.000000e-07 2.057435e+00 -1.442565e+00
4.100000e-07 2.071263e+00 -1.428737e+00
4.200000e-07 2.085091e+00 -1.414909e+00
4.300000e-07 2.098919e+00 -1.401081e+00
4.400000e-07 2.112746e+00 -1.387254e+00
4.500000e-07 2.126574e+00 -1.373426e+00
4.600000e-07 2.140402e+00 -1.359598e+00
4.700000e-07 2.154230e+00 -1.345770e+00
4.800000e-07 2.168058e+00 -1.331942e+00
4.900000e-07 2.181885e+00 -1.318115e+00
5.000000e-07 2.195713e+00 -1.304287e+00
5.100000e-07 2.209541e+00 -1.290459e+00
5.200000e-07 2.223369e+00 -1.276631e+00
5.300000e-07 2.237196e+00 -1.262804e+00
5.400000e-07 2.251024e+00 -1.248976e+00
5.500000e-07 2.264852e+00 -1.235148e+00
5.600000e-07 2.278680e+00 -1.221320e+00
5.700000e-07 2.292508e+00 -1.207492e+00
5.800000e-07 2.306335e+00 -1.193665e+00
5.900000e-07 2.320163e+00 -1.179837e+00
6.000000e-07 2.333991e+00 -1.166009e+00
6.100000e-07 2.347819e+00 -1.152181e+00
6.200000e-07 2.361646e+00 -1.138354e+00
6.300000e-07 2.375474e+00 -1.124526e+00
6.400000e-07 2.389302e+00 -1.110698e+00
6.500000e-07 2.403130e+00 -1.096870e+00
6.600000e-07 2.416957e+00 -1.083043e+00
6.700000e-07 2.430785e+00 -1.069215e+00
6.800000e-07 2.444613e+00 -1.055387e+00
6.900000e-07 2.458441e+00 -1.041559e+00
7.000000e-07 2.472269e+00 -1.027731e+00
7.100000e-07 2.486096e+00 -1.013904e+00
7.200000e-07 2.499924e+00 -1.000076e+00
7.300000e-07 2.513752e+00 -9.862481e-01
7.400000e-07 2.527580e+00 -9.724203e-01
7.500000e-07 2.541407e+00 -9.585925e-01
7.600000e-07 2.555235e+00 -9.447648e-01
7.700000e-07 2.569063e+00 -9.309370e-01
7.800000e-07 2.582891e+00 -9.171092e-01
7.900000e-07 2.596719e+00 -9.032814e-01
8.000000e-07 2.610546e+00 -8.894537e-01
8.100000e-07 2.624374e+00 -8.756259e-01
8.200000e-07 2.638202e+00 -8.617981e-01
8.300000e-07 2.652030e+00 -8.479703e-01
8.400000e-07 2.665857e+00 -8.341426e-01
8.500000e-07 2.679685e+00 -8.203148e-01
8.600000e-07 2.693513e+00 -8.064870e-01
8.700000e-07 2.707341e+00 -7.926592e-01
8.800000e-07 2.721169e+00 -7.788315e-01
8.900000e-07 2.734996e+00 -7.650037e-01
9.000000e-07 2.748824e+00 -7.511759e-01
9.100000e-07 2.762652e+00 -7.373482e-01
9.200000e-07 2.776480e+00 -7.235204e-01
9.300000e-07 2.790307e+00 -7.096926e-01
9.400000e-07 2.804135e+00 -6.958648e-01
9.500000e-07 2.817963e+00 -6.820371e-01
9.600000e-07 2.831791e+00 -6.682093e-01
9.700000e-07 2.845618e+00 -6.543815e-01
9.800000e-07 2.859446e+00 -6.405537e-01
9.900000e-07 2.873274e+00 -6.267260e-01
1.000000e-06 2.887102e+00 -6.128982e-01
1.010000e-06 2.900930e+00 -5.990704e-01
1.020000e-06 2.914757e+00 -5.852426e-01
1.030000e-06 2.928585e+00 -5.714149e-01
1.040000e-06 2.942413e+00 -5.575871e-01
1.050000e-06 2.956241e+00 -5.437593e-01
1.060000e-06 2.970068e+00 -5.299315e-01
1.070000e-06 2.983896e+00 -5.161038e-01
1.080000e-06 2.997724e+00 -5.022760e-01
1.090000e-06 3.011552e+00 -4.884482e-01
1.100000e-06 3.025380e+00 -4.746204e-01
1.110000e-06 3.039207e+00 -4.607927e-01
1.120000e-06 3.053035e+00 -4.469649e-01
1.130000e-06 3.066863e+00 -4.331371e-01
1.140000e-06 3.080691e+00 -4.193093e-01
1.150000e-06 3.094518e+00 -4.054816e-01
1.160000e-06 3.108346e+00 -3.916538e-01
1.170000e-06 3.122174e+00 -3.778260e-01
1.180000e-06 3.136002e+00 -3.639982e-01
1.190000e-06 3.149830e+00 -3.501705e-01
1.200000e-06 3.163657e+00 -3.363427e-01
1.210000e-06 3.177485e+00 -3.225149e-01
1.220000e-06 3.191313e+00 -3.086871e-01
1.230000e-06 3.205141e+00 -2.948594e-01
1.240000e-06 3.218968e+00 -2.810316e-01
1.250000e-06 3.232796e+00 -2.672038e-01
1.260000e-06 3.246624e+00 -2.533760e-01
1.270000e-06 3.260452e+00 -2.395482e-01
1.280000e-06 3.274280e+00 -2.257204e-01
1.290000e-06 3.288107e+00 -2.118926e-01
1.300000e-06 3.301935e+00 -1.980647e-01
1.310000e-06 3.315763e+00 -1.842368e-01
1.320000e-06 3.329591e+00 -1.704089e-01
1.330000e-06 3.343419e+00 -1.565809e-01
1.340000e-06 3.357247e+00 -1.427528e-01
1.350000e-06 3.371075e+00 -1.289245e-01
1.360000e-06 3.384904e+00 -1.150961e-01
1.370000e-06 3.398733e+00 -1.012675e-01
1.380000e-06 3.412561e+00 -8.743869e-02
1.390000e-06 3.426390e+00 -7.360969e-02
1.400000e-06 3.778930e+00 -4.080699e-01
1.410000e-06 3.761678e+00 -4.253221e-01
1.420000e-06 3.744426e+00 -4.425743e-01
1.430000e-06 3.727173e+00 -4.598265e-01
1.440000e-06 3.709921e+00 -4.770787e-01
1.450000e-06 3.692669e+00 -4.943309e-01
1.460000e-06 3.675417e+00 -5.115831e-01
1.470000e-06 3.658165e+00 -5.288353e-01
1.480000e-06 3.640913e+00 -5.460875e-01
1.490000e-06 3.623660e+00 -5.633396e-01
1.500000e-06 3.606408e+00 -5.805918e-01
1.510000e-06 3.589156e+00 -5.978440e-01
1.520000e-06 3.571904e+00 -6.150962e-01
1.530000e-06 3.554652e+00 -6.323484e-01
1.540000e-06 3.537399e+00 -6.496006e-01
1.550000e-06 3.520147e+00 -6.668528e-01
1.560000e-06 3.502895e+00 -6.841050e-01
1.570000e-06 3.485643e+00 -7.013571e-01
1.580000e-06 3.468391e+00 -7.186093e-01
1.590000e-06 3.451138e+00 -7.358615e-01
1.600000e-06 3.433886e+00 -7.531137e-01
1.610000e-06 3.416634e+00 -7.703659e-01
1.620000e-06 3.399382e+00 -7.876181e-01
1.630000e-06 3.382130e+00 -8.048703e-01
1.640000e-06 3.364878e+00 -8.221225e-01
1.650000e-06 3.347625e+00 -8.393746e-01
1.660000e-06 3.330373e+00 -8.566268e-01
1.670000e-06 3.313121e+00 -8.738790e-01
1.680000e-06 3.295869e+00 -8.911312e-01
1.690000e-06 3.278617e+00 -9.083834e-01
1.700000e-06 3.261364e+00 -9.256356e-01
1.710000e-06 3.244112e+00 -9.428878e-01
1.720000e-06 3.226860e+00 -9.601400e-01
1.730000e-06 3.209608e+00 -9.773921e-01
1.740000e-06 3.192356e+00 -9.946443e-01
1.750000e-06 3.175103e+00 -1.011897e+00
1.760000e-06 3.157851e+00 -1.029149e+00
1.770000e-06 3.140599e+00 -1.046401e+00
1.780000e-06 3.123347e+00 -1.063653e+00
1.790000e-06 3.106095e+00 -1.080905e+00
1.800000e-06 3.088843e+00 -1.098157e+00
1.810000e-06 3.071590e+00 -1.115410e+00
1.820000e-06 3.054338e+00 -1.132662e+00
1.830000e-06 3.037086e+00 -1.149914e+00
1.840000e-06 3.019834e+00 -1.167166e+00
1.850000e-06 3.002582e+00 -1.184418e+00
1.860000e-06 2.985329e+00 -1.201671e+00
1.870000e-06 2.968077e+00 -1.218923e+00
1.880000e-06 2.950825e+00 -1.236175e+00
1.890000e-06 2.933573e+00 -1.253427e+00
1.900000e-06 2.916321e+00 -1.270679e+00
1.910000e-06 2.899068e+00 -1.287932e+00
1.920000e-06 2.881816e+00 -1.305184e+00
1.930000e-06 2.864564e+00 -1.322436e+00
1.940000e-06 2.847312e+00 -1.339688e+00
1.950000e-06 2.830060e+00 -1.356940e+00
1.960000e-06 2.812808e+00 -1.374192e+00
1.970000e-06 2.795555e+00 -1.391445e+00
1.980000e-06 2.778303e+00 -1.408697e+00
1.990000e-06 2.761051e+00 -1.425949e+00
2.000000e-06 2.743799e+00 -1.443201e+00
2.010000e-06 2.726547e+00 -1.460453e+00
2.020000e-06 2.709294e+00 -1.477706e+00
2.030000e-06 2.692042e+00 -1.494958e+00
2.040000e-06 2.674790e+00 -1.512210e+00
2.050000e-06 2.657538e+00 -1.529462e+00
2.060000e-06 2.640286e+00 -1.546714e+00
2.070000e-06 2.623033e+00 -1.563967e+00
2.080000e-06 2.605781e+00 -1.581219e+00
2.090000e-06 2.588529e+00 -1.598471e+00
2.100000e-06 2.571277e+00 -1.615723e+00
2.110000e-06 2.554025e+00 -1.632975e+00
2.120000e-06 2.536773e+00 -1.650227e+00
2.130000e-06 2.519520e+00 -1.667480e+00
2.140000e-06 2.502268e+00 -1.684732e+00
2.150000e-06 2.485016e+00 -1.701984e+00
2.160000e-06 2.467764e+00 -1.719236e+00
2.170000e-06 2.450512e+00 -1.736488e+00
2.180000e-06 2.433259e+00 -1.753741e+00
2.190000e-06 2.416007e+00 -1.770993e+00
2.200000e-06 2.398755e+00 -1.788245e+00
2.210000e-06 2.381503e+00 -1.805497e+00
2.220000e-06 2.364251e+00 -1.822749e+00
2.230000e-06 2.346998e+00 -1.840002e+00
2.240000e-06 2.329746e+00 -1.857254e+00
2.250000e-06 2.312494e+00 -1.874506e+00
2.260000e-06 2.295242e+00 -1.891758e+00
2.270000e-06 2.277990e+00 -1.909010e+00
2.280000e-06 2.260738e+00 -1.926262e+00
2.290000e-06 2.243485e+00 -1.943515e+00
2.300000e-06 2.226233e+00 -1.960767e+00
2.310000e-06 2.208981e+00 -1.978019e+00
2.320000e-06 2.191729e+00 -1.995271e+00
2.330000e-06 2.174477e+00 -2.012523e+00
2.340000e-06 2.157224e+00 -2.029776e+00
2.350000e-06 2.139972e+00 -2.047028e+00
2.360000e-06 2.122720e+00 -2.064280e+00
2.370000e-06 2.105468e+00 -2.081532e+00
2.380000e-06 2.088216e+00 -2.098784e+00
2.390000e-06 2.070963e+00 -2.116037e+00
2.400000e-06 2.053711e+00 -2.133289e+00
2.410000e-06 2.036459e+00 -2.150541e+00
2.420000e-06 2.019207e+00 -2.167793e+00
2.430000e-06 2.001955e+00 -2.185045e+00
2.440000e-06 1.984703e+00 -2.202297e+00
2.450000e-06 1.967450e+00 -2.219550e+00
2.460000e-06 1.950198e+00 -2.236802e+00
2.470000e-06 1.932946e+00 -2.254054e+00
2.480000e-06 1.915694e+00 -2.271306e+00
2.490000e-06 1.898442e+00 -2.288558e+00
2.500000e-06 1.881189e+00 -2.305811e+00
2.510000e-06 1.863937e+00 -2.323063e+00
2.520000e-06 1.846685e+00 -2.340315e+00
2.530000e-06 1.829433e+00 -2.357567e+00
2.540000e-06 1.812181e+00 -2.374819e+00
2.550000e-06 1.794928e+00 -2.392072e+00
2.560000e-06 1.777676e+00 -2.409324e+00
2.570000e-06 1.760424e+00 -2.426576e+00
2.580000e-06 1.743172e+00 -2.443828e+00
2.590000e-06 1.725920e+00 -2.461080e+00
2.600000e-06 1.708668e+00 -2.478332e+00
2.610000e-06 1.691415e+00 -2.495585e+00
2.620000e-06 1.674163e+00 -2.512837e+00
2.630000e-06 1.656911e+00 -2.530089e+00
2.640000e-06 1.639659e+00 -2.547341e+00
2.650000e-06 1.622407e+00 -2.564593e+00
2.660000e-06 1.605154e+00 -2.581846e+00
2.670000e-06 1.587902e+00 -2.599098e+00
2.680000e-06 1.570650e+00 -2.616350e+00
2.690000e-06 1.553398e+00 -2.633602e+00
2.700000e-06 1.536146e+00 -2.650854e+00
2.710000e-06 1.518893e+00 -2.668107e+00
2.720000e-06 1.501641e+00 -2.685359e+00
2.730000e-06 1.484389e+00 -2.702611e+00
2.740000e-06 1.467137e+00 -2.719863e+00
2.750000e-06 1.449885e+00 -2.737115e+00
2.760000e-06 1.432633e+00 -2.754367e+00
2.770000e-06 1.415380e+00 -2.771620e+00
2.780000e-06 1.398128e+00 -2.788872e+00
2.790000e-06 1.380876e+00 -2.806124e+00
2.800000e-06 1.363624e+00 -2.823376e+00
2.810000e-06 1.346372e+00 -2.840628e+00
2.820000e-06 1.329119e+00 -2.857881e+00
2.830000e-06 1.311867e+00 -2.875133e+00
2.840000e-06 1.294615e+00 -2.892385e+00
2.850000e-06 1.277363e+00 -2.909637e+00
2.860000e-06 1.260111e+00 -2.926889e+00
2.870000e-06 1.242858e+00 -2.944142e+00
2.880000e-06 1.225606e+00 -2.961394e+00
2.890000e-06 1.208354e+00 -2.978646e+00
2.900000e-06 1.191102e+00 -2.995898e+00
2.910000e-06 1.173850e+00 -3.013150e+00
2.920000e-06 1.156598e+00 -3.030402e+00
2.930000e-06 1.139345e+00 -3.047655e+00
2.940000e-06 1.122093e+00 -3.064907e+00
2.950000e-06 1.104841e+00 -3.082159e+00
2.960000e-06 1.087589e+00 -3.099411e+00
2.970000e-06 1.070337e+00 -3.116663e+00
2.980000e-06 1.053084e+00 -3.133916e+00
2.990000e-06 1.035832e+00 -3.151168e+00
3.000000e-06 1.018580e+00 -3.168420e+00
3.010000e-06 1.001328e+00 -3.185672e+00
3.020000e-06 9.840757e-01 -3.202924e+00
3.030000e-06 9.668235e-01 -3.220177e+00
3.040000e-06 9.495713e-01 -3.237429e+00
3.050000e-06 9.323191e-01 -3.254681e+00
3.060000e-06 9.150669e-01 -3.271933e+00
3.070000e-06 8.978147e-01 -3.289185e+00
3.080000e-06 8.805626e-01 -3.306437e+00
3.090000e-06 8.633104e-01 -3.323690e+00
3.100000e-06 8.460582e-01 -3.340942e+00
3.110000e-06 8.288060e-01 -3.358194e+00
3.120000e-06 8.115538e-01 -3.375446e+00
3.130000e-06 7.943016e-01 -3.392698e+00
3.140000e-06 7.770494e-01 -3.409951e+00
3.150000e-06 7.597972e-01 -3.427203e+00
3.160000e-06 7.425451e-01 -3.444455e+00
3.170000e-06 7.252929e-01 -3.461707e+00
3.180000e-06 7.080407e-01 -3.478959e+00
3.190000e-06 6.907885e-01 -3.496212e+00
3.200000e-06 6.735363e-01 -3.513464e+00
3.210000e-06 6.562841e-01 -3.530716e+00
3.220000e-06 6.390319e-01 -3.547968e+00
3.230000e-06 6.217797e-01 -3.565220e+00
3.240000e-06 6.045276e-01 -3.582472e+00
3.250000e-06 5.872754e-01 -3.599725e+00
3.260000e-06 5.700232e-01 -3.616977e+00
3.270000e-06 5.527710e-01 -3.634229e+00
3.280000e-06 5.355188e-01 -3.651481e+00
3.290000e-06 5.182666e-01 -3.668733e+00
3.300000e-06 5.010144e-01 -3.685986e+00
3.310000e-06 4.837622e-01 -3.703238e+00
3.320000e-06 4.665101e-01 -3.720490e+00
3.330000e-06 4.492579e-01 -3.737742e+00
3.340000e-06 4.320057e-01 -3.754994e+00
3.350000e-06 4.147535e-01 -3.772247e+00
3.360000e-06 3.975013e-01 -3.789499e+00
3.370000e-06 3.802491e-01 -3.806751e+00
3.380000e-06 3.629969e-01 -3.824003e+00
3.390000e-06 3.457447e-01 -3.841255e+00
3.400000e-06 3.284926e-01 -3.858507e+00
3.410000e-06 3.112404e-01 -3.875760e+00
3.420000e-06 2.939882e-01 -3.893012e+00
3.430000e-06 2.767360e-01 -3.910264e+00
3.440000e-06 2.594838e-01 -3.927516e+00
3.450000e-06 2.422316e-01 -3.944768e+00
3.460000e-06 2.249794e-01 -3.962021e+00
3.470000e-06 2.077272e-01 -3.979273e+00
3.480000e-06 1.904751e-01 -3.996525e+00
3.490000e-06 1.732229e-01 -4.013777e+00
3.500000e-06 1.559707e-01 -4.031029e+00
3.510000e-06 1.387185e-01 -4.048281e+00
3.520000e-06 1.214663e-01 -4.065534e+00
3.530000e-06 1.042141e-01 -4.082786e+00
3.540000e-06 8.696194e-02 -4.100038e+00
3.550000e-06 6.970975e-02 -4.117290e+00
3.560000e-06 5.245756e-02 -4.134542e+00
3.570000e-06 3.520538e-02 -4.151795e+00
3.580000e-06 1.795319e-02 -4.169047e+00
3.590000e-06 7.010012e-04 -4.186299e+00
3.600000e-06 -1.655119e-02 -4.203551e+00
3.610000e-06 -3.380337e-02 -4.220803e+00
3.620000e-06 -5.105556e-02 -4.238056e+00
3.630000e-06 -6.830775e-02 -4.255308e+00
3.640000e-06 -8.555994e-02 -4.272560e+00
3.650000e-06 -1.028121e-01 -4.289812e+00
3.660000e-06 -1.200643e-01 -4.307064e+00
3.670000e-06 -1.373165e-01 -4.324316e+00
3.680000e-06 -1.545687e-01 -4.341569e+00
3.690000e-06 -1.718209e-01 -4.358821e+00
3.700000e-06 -1.890731e-01 -4.376073e+00
3.710000e-06 -2.063252e-01 -4.393325e+00
3.720000e-06 -2.235774e-01 -4.410577e+00
3.730000e-06 -2.408296e-01 -4.427830e+00
3.740000e-06 -2.580818e-01 -4.445082e+00
3.750000e-06 -2.753340e-01 -4.462334e+00
3.760000e-06 -2.925862e-01 -4.479586e+00
3.770000e-06 -3.098384e-01 -4.496838e+00
3.780000e-06 -3.270906e-01 -4.514091e+00
3.790000e-06 -3.443427e-01 -4.531343e+00
3.800000e-06 -3.615949e-01 -4.548595e+00
3.810000e-06 -3.788471e-01 -4.565847e+00
3.820000e-06 -3.960993e-01 -4.583099e+00
3.830000e-06 -4.133515e-01 -4.600351e+00
3.840000e-06 -4.306037e-01 -4.617604e+00
3.850000e-06 -4.478559e-01 -4.634856e+00
3.860000e-06 -4.651081e-01 -4.652108e+00
3.870000e-06 -4.823602e-01 -4.669360e+00
3.880000e-06 -4.996124e-01 -4.686612e+00
3.890000e-06 -5.168646e-01 -4.703865e+00
3.900000e-06 -5.341168e-01 -4.721117e+00
3.910000e-06 -5.513690e-01 -4.738369e+00
3.920000e-06 -5.686212e-01 -4.755621e+00
3.930000e-06 -5.858734e-01 -4.772873e+00
3.940000e-06 -6.031256e-01 -4.790126e+00
3.950000e-06 -6.203777e-01 -4.807378e+00
3.960000e-06 -6.376299e-01 -4.824630e+00
3.970000e-06 -6.548821e-01 -4.841882e+00
3.980000e-06 -6.721343e-01 -4.859134e+00
3.990000e-06 -6.893865e-01 -4.876386e+00
4.000000e-06 -7.066387e-01 -4.893639e+00
4.010000e-06 -7.238909e-01 -4.910891e+00
4.020000e-06 -7.411431e-01 -4.928143e+00
4.030000e-06 -7.583952e-01 -4.945395e+00
4.040000e-06 -7.756474e-01 -4.962647e+00
4.050000e-06 -7.928996e-01 -4.979900e+00
4.060000e-06 -8.101518e-01 -4.997152e+00
4.070000e-06 -8.274040e-01 -5.014404e+00
4.080000e-06 -8.446562e-01 -5.031656e+00
4.090000e-06 -8.619084e-01 -5.048908e+00
4.100000e-06 -8.791606e-01 -5.066161e+00
4.110000e-06 -8.964127e-01 -5.083413e+00
4.120000e-06 -9.136649e-01 -5.100665e+00
4.130000e-06 -9.309171e-01 -5.117917e+00
4.140000e-06 -9.481693e-01 -5.135169e+00
4.150000e-06 -9.654215e-01 -5.152421e+00
4.160000e-06 -9.826737e-01 -5.169674e+00
4.170000e-06 -9.999259e-01 -5.186926e+00
4.180000e-06 -1.017178e+00 -5.204178e+00
4.190000e-06 -1.034430e+00 -5.221430e+00
4.200000e-06 -1.051682e+00 -5.238682e+00
4.210000e-06 -1.068935e+00 -5.255935e+00
4.220000e-06 -1.086187e+00 -5.273187e+00
4.230000e-06 -1.103439e+00 -5.290439e+00
4.240000e-06 -1.120691e+00 -5.307691e+00
4.250000e-06 -1.137943e+00 -5.324943e+00
4.260000e-06 -1.155196e+00 -5.342196e+00
4.270000e-06 -1.172448e+00 -5.359448e+00
4.280000e-06 -1.189700e+00 -5.376700e+00
4.290000e-06 -1.206952e+00 -5.393952e+00
4.300000e-06 -1.224204e+00 -5.411204e+00
4.310000e-06 -1.241456e+00 -5.428456e+00
4.320000e-06 -1.258709e+00 -5.445709e+00
4.330000e-06 -1.275961e+00 -5.462961e+00
4.340000e-06 -1.293213e+00 -5.480213e+00
4.350000e-06 -1.310465e+00 -5.497465e+00
4.360000e-06 -1.327717e+00 -5.514717e+00
4.370000e-06 -1.344970e+00 -5.531970e+00
4.380000e-06 -1.362222e+00 -5.549222e+00
4.390000e-06 -1.379474e+00 -5.566474e+00
4.400000e-06 -1.735437e+00 -5.235437e+00
4.410000e-06 -1.720661e+00 -5.220661e+00
4.420000e-06 -1.705886e+00 -5.205886e+00
4.430000e-06 -1.691111e+00 -5.191111e+00
4.440000e-06 -1.676335e+00 -5.176335e+00
4.450000e-06 -1.661560e+00 -5.161560e+00
4.460000e-06 -1.646784e+00 -5.146784e+00
4.470000e-06 -1.632009e+00 -5.132009e+00
4.480000e-06 -1.617234e+00 -5.117234e+00
4.490000e-06 -1.602458e+00 -5.102458e+00
4.500000e-06 -1.587683e+00 -5.087683e+00
4.510000e-06 -1.572907e+00 -5.072907e+00
4.520000e-06 -1.558132e+00 -5.058132e+00
4.530000e-06 -1.543357e+00 -5.043357e+00
4.540000e-06 -1.528581e+00 -5.028581e+00
4.550000e-06 -1.513806e+00 -5.013806e+00
4.560000e-06 -1.499030e+00 -4.999030e+00
4.570000e-06 -1.484255e+00 -4.984255e+00
4.580000e-06 -1.469480e+00 -4.969480e+00
4.590000e-06 -1.454704e+00 -4.954704e+00
4.600000e-06 -1.439929e+00 -4.939929e+00
4.610000e-06 -1.425153e+00 -4.925153e+00
4.620000e-06 -1.410378e+00 -4.910378e+00
4.630000e-06 -1.395603e+00 -4.895603e+00
4.640000e-06 -1.380827e+00 -4.880827e+00
4.650000e-06 -1.366052e+00 -4.866052e+00
4.660000e-06 -1.351276e+00 -4.851276e+00
4.670000e-06 -1.336501e+00 -4.836501e+00
4.680000e-06 -1.321726e+00 -4.821726e+00
4.690000e-06 -1.306950e+00 -4.806950e+00
4.700000e-06 -1.292175e+00 -4.792175e+00
4.710000e-06 -1.277399e+00 -4.777399e+00
4.720000e-06 -1.262624e+00 -4.762624e+00
4.730000e-06 -1.247849e+00 -4.747849e+00
4.740000e-06 -1.233073e+00 -4.733073e+00
4.750000e-06 -1.218298e+00 -4.718298e+00
4.760000e-06 -1.203522e+00 -4.703522e+00
4.770000e-06 -1.188747e+00 -4.688747e+00
4.780000e-06 -1.173972e+00 -4.673972e+00
4.790000e-06 -1.159196e+00 -4.659196e+00
4.800000e-06 -1.144421e+00 -4.644421e+00
4.810000e-06 -1.129645e+00 -4.629645e+00
4.820000e-06 -1.114870e+00 -4.614870e+00
4.830000e-06 -1.100095e+00 -4.600095e+00
4.840000e-06 -1.085319e+00 -4.585319e+00
4.850000e-06 -1.070544e+00 -4.570544e+00
4.860000e-06 -1.055768e+00 -4.555768e+00
4.870000e-06 -1.040993e+00 -4.540993e+00
4.880000e-06 -1.026218e+00 -4.526218e+00
4.890000e-06 -1.011442e+00 -4.511442e+00
4.900000e-06 -9.966669e-01 -4.496667e+00
4.910000e-06 -9.818915e-01 -4.481891e+00
4.920000e-06 -9.671161e-01 -4.467116e+00
4.930000e-06 -9.523407e-01 -4.452341e+00
4.940000e-06 -9.375653e-01 -4.437565e+00
4.950000e-06 -9.227899e-01 -4.422790e+00
4.960000e-06 -9.080145e-01 -4.408014e+00
4.970000e-06 -8.932391e-01 -4.393239e+00
4.980000e-06 -8.784637e-01 -4.378464e+00
4.990000e-06 -8.636883e-01 -4.363688e+00
5.000000e-06 -8.489129e-01 -4.348913e+00
5.010000e-06 -8.341375e-01 -4.334137e+00
5.020000e-06 -8.193621e-01 -4.319362e+00
5.030000e-06 -8.045867e-01 -4.304587e+00
5.040000e-06 -7.898113e-01 -4.289811e+00
5.050000e-06 -7.750359e-01 -4.275036e+00
5.060000e-06 -7.602605e-01 -4.260260e+00
5.070000e-06 -7.454851e-01 -4.245485e+00
5.080000e-06 -7.307097e-01 -4.230710e+00
5.090000e-06 -7.159343e-01 -4.215934e+00
5.100000e-06 -7.011589e-01 -4.201159e+00
5.110000e-06 -6.863835e-01 -4.186383e+00
5.120000e-06 -6.716081e-01 -4.171608e+00
5.130000e-06 -6.568327e-01 -4.156833e+00
5.140000e-06 -6.420573e-01 -4.142057e+00
5.150000e-06 -6.272819e-01 -4.127282e+00
5.160000e-06 -6.125065e-01 -4.112506e+00
5.170000e-06 -5.977311e-01 -4.097731e+00
5.180000e-06 -5.829557e-01 -4.082956e+00
5.190000e-06 -5.681803e-01 -4.068180e+00
5.200000e-06 -5.534049e-01 -4.053405e+00
5.210000e-06 -5.386295e-01 -4.038629e+00
5.220000e-06 -5.238541e-01 -4.023854e+00
5.230000e-06 -5.090787e-01 -4.009079e+00
5.240000e-06 -4.943033e-01 -3.994303e+00
5.250000e-06 -4.795279e-01 -3.979528e+00
5.260000e-06 -4.647525e-01 -3.964752e+00
5.270000e-06 -4.499771e-01 -3.949977e+00
5.280000e-06 -4.352017e-01 -3.935202e+00
5.290000e-06 -4.204263e-01 -3.920426e+00
5.300000e-06 -4.056509e-01 -3.905651e+00
5.310000e-06 -3.908755e-01 -3.890875e+00
5.320000e-06 -3.761001e-01 -3.876100e+00
5.330000e-06 -3.613247e-01 -3.861325e+00
5.340000e-06 -3.465493e-01 -3.846549e+00
5.350000e-06 -3.317739e-01 -3.831774e+00
5.360000e-06 -3.169985e-01 -3.816998e+00
5.370000e-06 -3.022231e-01 -3.802223e+00
5.380000e-06 -2.874477e-01 -3.787448e+00
5.390000e-06 -2.726723e-01 -3.772672e+00
5.400000e-06 -2.578969e-01 -3.757897e+00
5.410000e-06 -2.431215e-01 -3.743121e+00
5.420000e-06 -2.283461e-01 -3.728346e+00
5.430000e-06 -2.135707e-01 -3.713571e+00
5.440000e-06 -1.987953e-01 -3.698795e+00
5.450000e-06 -1.840199e-01 -3.684020e+00
5.460000e-06 -1.692445e-01 -3.669245e+00
5.470000e-06 -1.544691e-01 -3.654469e+00
5.480000e-06 -1.396937e-01 -3.639694e+00
5.490000e-06 -1.249183e-01 -3.624918e+00
5.500000e-06 -1.101429e-01 -3.610143e+00
5.510000e-06 -9.862614e-02 -3.598626e+00
5.520000e-06 -8.919656e-02 -3.589197e+00
5.530000e-06 -8.121627e-02 -3.581216e+00
5.540000e-06 -7.430034e-02 -3.574300e+00
5.550000e-06 -6.819895e-02 -3.568199e+00
5.560000e-06 -6.274085e-02 -3.562741e+00
5.570000e-06 -5.780360e-02 -3.557804e+00
5.580000e-06 -5.329665e-02 -3.553297e+00
5.590000e-06 -4.915117e-02 -3.549151e+00
5.600000e-06 -4.531360e-02 -3.545314e+00
5.610000e-06 -4.174145e-02 -3.541741e+00
5.620000e-06 -3.840048e-02 -3.538400e+00
5.630000e-06 -3.526267e-02 -3.535263e+00
5.640000e-06 -3.230478e-02 -3.532305e+00
5.650000e-06 -2.950737e-02 -3.529507e+00
5.660000e-06 -2.685398e-02 -3.526854e+00
5.670000e-06 -2.433056e-02 -3.524331e+00
5.680000e-06 -2.192503e-02 -3.521925e+00
5.690000e-06 -1.962690e-02 -3.519627e+00
5.700000e-06 -1.742705e-02 -3.517427e+00
5.710000e-06 -1.531745e-02 -3.515317e+00
5.720000e-06 -1.329104e-02 -3.513291e+00
5.730000e-06 -1.134154e-02 -3.511342e+00
5.740000e-06 -9.463368e-03 -3.509463e+00
5.750000e-06 -7.651522e-03 -3.507652e+00
5.760000e-06 -5.901515e-03 -3.505902e+00
5.770000e-06 -4.209299e-03 -3.504209e+00
5.780000e-06 -2.571212e-03 -3.502571e+00
5.790000e-06 -9.839314e-04 -3.500984e+00
5.800000e-06 5.555695e-04 -3.499444e+00
5.810000e-06 2.050052e-03 -3.497950e+00
5.820000e-06 3.502046e-03 -3.496498e+00
5.830000e-06 4.913871e-03 -3.495086e+00
5.840000e-06 6.287662e-03 -3.493712e+00
5.850000e-06 7.625388e-03 -3.492375e+00
5.860000e-06 8.928868e-03 -3.491071e+00
5.870000e-06 1.019978e-02 -3.489800e+00
5.880000e-06 1.143970e-02 -3.488560e+00
5.890000e-06 1.265007e-02 -3.487350e+00
5.900000e-06 1.383224e-02 -3.486168e+00
5.910000e-06 1.498747e-02 -3.485013e+00
5.920000e-06 1.611694e-02 -3.483883e+00
5.930000e-06 1.722176e-02 -3.482778e+00
5.940000e-06 1.830295e-02 -3.481697e+00
5.950000e-06 1.936147e-02 -3.480639e+00
5.960000e-06 2.039825e-02 -3.479602e+00
5.970000e-06 2.141414e-02 -3.478586e+00
5.980000e-06 2.240993e-02 -3.477590e+00
5.990000e-06 2.338639e-02 -3.476614e+00
6.000000e-06 2.434424e-02 -3.475656e+00
6.010000e-06 2.528415e-02 -3.474716e+00
6.020000e-06 2.620677e-02 -3.473793e+00
6.030000e-06 2.711269e-02 -3.472887e+00
6.040000e-06 2.800250e-02 -3.471997e+00
6.050000e-06 2.887674e-02 -3.471123e+00
6.060000e-06 2.973593e-02 -3.470264e+00
6.070000e-06 3.058055e-02 -3.469419e+00
6.080000e-06 3.141108e-02 -3.468589e+00
6.090000e-06 3.222797e-02 -3.467772e+00
6.100000e-06 3.303163e-02 -3.466968e+00
6.110000e-06 3.382248e-02 -3.466178e+00
6.120000e-06 3.460089e-02 -3.465399e+00
6.130000e-06 3.536724e-02 -3.464633e+00
6.140000e-06 3.612188e-02 -3.463878e+00
6.150000e-06 3.686515e-02 -3.463135e+00
6.160000e-06 3.759737e-02 -3.462403e+00
6.170000e-06 3.831884e-02 -3.461681e+00
6.180000e-06 3.902987e-02 -3.460970e+00
6.190000e-06 3.973073e-02 -3.460269e+00
6.200000e-06 4.042170e-02 -3.459578e+00
6.210000e-06 4.110304e-02 -3.458897e+00
6.220000e-06 4.177500e-02 -3.458225e+00
6.230000e-06 4.243782e-02 -3.457562e+00
6.240000e-06 4.309173e-02 -3.456908e+00
6.250000e-06 4.373696e-02 -3.456263e+00
6.260000e-06 4.437371e-02 -3.455626e+00
6.270000e-06 4.500220e-02 -3.454998e+00
6.280000e-06 4.562262e-02 -3.454377e+00
6.290000e-06 4.623517e-02 -3.453765e+00
6.300000e-06 4.684002e-02 -3.453160e+00
6.310000e-06 4.743736e-02 -3.452563e+00
6.320000e-06 4.802736e-02 -3.451973e+00
6.330000e-06 4.861018e-02 -3.451390e+00
6.340000e-06 4.918599e-02 -3.450814e+00
6.350000e-06 4.975493e-02 -3.450245e+00
6.360000e-06 5.031717e-02 -3.449683e+00
6.370000e-06 5.087283e-02 -3.449127e+00
6.380000e-06 5.142207e-02 -3.448578e+00
6.390000e-06 5.196501e-02 -3.448035e+00
6.400000e-06 5.250179e-02 -3.447498e+00
6.410000e-06 5.303254e-02 -3.446967e+00
6.420000e-06 5.355737e-02 -3.446443e+00
6.430000e-06 5.407641e-02 -3.445924e+00
6.440000e-06 5.458976e-02 -3.445410e+00
6.450000e-06 5.509756e-02 -3.444902e+00
6.460000e-06 5.559989e-02 -3.444400e+00
6.470000e-06 5.609687e-02 -3.443903e+00
6.480000e-06 5.658859e-02 -3.443411e+00
6.490000e-06 5.707517e-02 -3.442925e+00
6.500000e-06 5.755668e-02 -3.442443e+00
6.510000e-06 5.803323e-02 -3.441967e+00
6.520000e-06 5.850491e-02 -3.441495e+00
6.530000e-06 5.897181e-02 -3.441028e+00
6.540000e-06 5.943400e-02 -3.440566e+00
6.550000e-06 5.989158e-02 -3.440108e+00
6.560000e-06 6.034462e-02 -3.439655e+00
6.570000e-06 6.079321e-02 -3.439207e+00
6.580000e-06 6.123742e-02 -3.438763e+00
6.590000e-06 6.167732e-02 -3.438323e+00
6.600000e-06 6.211299e-02 -3.437887e+00
6.610000e-06 6.254450e-02 -3.437456e+00
6.620000e-06 6.297191e-02 -3.437028e+00
6.630000e-06 6.339530e-02 -3.436605e+00
6.640000e-06 6.381473e-02 -3.436185e+00
6.650000e-06 6.423027e-02 -3.435770e+00
6.660000e-06 6.464196e-02 -3.435358e+00
6.670000e-06 6.504989e-02 -3.434950e+00
6.680000e-06 6.545410e-02 -3.434546e+00
6.690000e-06 6.585465e-02 -3.434145e+00
6.700000e-06 6.625160e-02 -3.433748e+00
6.710000e-06 6.664501e-02 -3.433355e+00
6.720000e-06 6.703492e-02 -3.432965e+00
6.730000e-06 6.742140e-02 -3.432579e+00
6.740000e-06 6.780448e-02 -3.432196e+00
6.750000e-06 6.818423e-02 -3.431816e+00
6.760000e-06 6.856068e-02 -3.431439e+00
6.770000e-06 6.893389e-02 -3.431066e+00
6.780000e-06 6.930391e-02 -3.430696e+00
6.790000e-06 6.967077e-02 -3.430329e+00
6.800000e-06 7.003453e-02 -3.429965e+00
6.810000e-06 7.039522e-02 -3.429605e+00
6.820000e-06 7.075289e-02 -3.429247e+00
6.830000e-06 7.110759e-02 -3.428892e+00
6.840000e-06 7.145934e-02 -3.428541e+00
6.850000e-06 7.180820e-02 -3.428192e+00
6.860000e-06 7.215419e-02 -3.427846e+00
6.870000e-06 7.249736e-02 -3.427503e+00
6.880000e-06 7.283775e-02 -3.427162e+00
6.890000e-06 7.317539e-02 -3.426825e+00
6.900000e-06 7.351032e-02 -3.426490e+00
6.910000e-06 7.384257e-02 -3.426157e+00
6.920000e-06 7.417217e-02 -3.425828e+00
6.930000e-06 7.449917e-02 -3.425501e+00
6.940000e-06 7.482358e-02 -3.425176e+00
6.950000e-06 7.514546e-02 -3.424855e+00
6.960000e-06 7.546481e-02 -3.424535e+00
6.970000e-06 7.578169e-02 -3.424218e+00
6.980000e-06 7.609611e-02 -3.423904e+00
6.990000e-06 7.640811e-02 -3.423592e+00
7.000000e-06 7.671772e-02 -3.423282e+00
7.010000e-06 7.702496e-02 -3.422975e+00
7.020000e-06 7.732986e-02 -3.422670e+00
7.030000e-06 7.763245e-02 -3.422368e+00
7.040000e-06 7.793276e-02 -3.422067e+00
7.050000e-06 7.823081e-02 -3.421769e+00
7.060000e-06 7.852664e-02 -3.421473e+00
7.070000e-06 7.882025e-02 -3.421180e+00
7.080000e-06 7.911169e-02 -3.420888e+00
7.090000e-06 7.940096e-02 -3.420599e+00
7.100000e-06 7.968811e-02 -3.420312e+00
7.110000e-06 7.997315e-02 -3.420027e+00
7.120000e-06 8.025610e-02 -3.419744e+00
7.130000e-06 8.053699e-02 -3.419463e+00
7.140000e-06 8.081584e-02 -3.419184e+00
7.150000e-06 8.109267e-02 -3.418907e+00
7.160000e-06 8.136750e-02 -3.418632e+00
7.170000e-06 8.164036e-02 -3.418360e+00
7.180000e-06 8.191126e-02 -3.418089e+00
7.190000e-06 8.218023e-02 -3.417820e+00
7.200000e-06 8.244728e-02 -3.417553e+00
7.210000e-06 8.271243e-02 -3.417288e+00
7.220000e-06 8.297571e-02 -3.417024e+00
7.230000e-06 8.323714e-02 -3.416763e+00
7.240000e-06 8.349672e-02 -3.416503e+00
7.250000e-06 8.375449e-02 -3.416246e+00
7.260000e-06 8.401045e-02 -3.415990e+00
7.270000e-06 8.426463e-02 -3.415735e+00
7.280000e-06 8.451704e-02 -3.415483e+00
7.290000e-06 8.476770e-02 -3.415232e+00
7.300000e-06 8.501664e-02 -3.414983e+00
7.310000e-06 8.526385e-02 -3.414736e+00
7.320000e-06 8.550937e-02 -3.414491e+00
7.330000e-06 8.575320e-02 -3.414247e+00
7.340000e-06 8.599536e-02 -3.414005e+00
7.350000e-06 8.623587e-02 -3.413764e+00
7.360000e-06 8.647475e-02 -3.413525e+00
7.370000e-06 8.671200e-02 -3.413288e+00
7.380000e-06 8.694765e-02 -3.413052e+00
7.390000e-06 8.718170e-02 -3.412818e+00
7.400000e-06 8.741418e-02 -3.412586e+00
7.410000e-06 8.764509e-02 -3.412355e+00
7.420000e-06 8.787445e-02 -3.412126e+00
7.430000e-06 8.810227e-02 -3.411898e+00
7.440000e-06 8.832858e-02 -3.411671e+00
7.450000e-06 8.855337e-02 -3.411447e+00
7.460000e-06 8.877666e-02 -3.411223e+00
7.470000e-06 8.899848e-02 -3.411002e+00
7.480000e-06 8.921882e-02 -3.410781e+00
7.490000e-06 8.943770e-02 -3.410562e+00
7.500000e-06 8.965514e-02 -3.410345e+00
7.510000e-06 8.987114e-02 -3.410129e+00
7.520000e-06 9.008572e-02 -3.409914e+00
7.530000e-06 9.029889e-02 -3.409701e+00
7.540000e-06 9.051066e-02 -3.409489e+00
7.550000e-06 9.072104e-02 -3.409279e+00
7.560000e-06 9.093005e-02 -3.409070e+00
7.570000e-06 9.113769e-02 -3.408862e+00
7.580000e-06 9.134398e-02 -3.408656e+00
7.590000e-06 9.154893e-02 -3.408451e+00
7.600000e-06 9.175254e-02 -3.408247e+00
7.610000e-06 9.195483e-02 -3.408045e+00
7.620000e-06 9.215581e-02 -3.407844e+00
7.630000e-06 9.235548e-02 -3.407645e+00
7.640000e-06 9.255386e-02 -3.407446e+00
7.650000e-06 9.275097e-02 -3.407249e+00
7.660000e-06 9.294680e-02 -3.407053e+00
7.670000e-06 9.314136e-02 -3.406859e+00
7.680000e-06 9.333468e-02 -3.406665e+00
7.690000e-06 9.352675e-02 -3.406473e+00
7.700000e-06 9.371758e-02 -3.406282e+00
7.710000e-06 9.390719e-02 -3.406093e+00
7.720000e-06 9.409558e-02 -3.405904e+00
7.730000e-06 9.428277e-02 -3.405717e+00
7.740000e-06 9.446876e-02 -3.405531e+00
7.750000e-06 9.465355e-02 -3.405346e+00
7.760000e-06 9.483717e-02 -3.405163e+00
7.770000e-06 9.501961e-02 -3.404980e+00
7.780000e-06 9.520088e-02 -3.404799e+00
7.790000e-06 9.538100e-02 -3.404619e+00
7.800000e-06 9.555997e-02 -3.404440e+00
7.810000e-06 9.573779e-02 -3.404262e+00
7.820000e-06 9.591449e-02 -3.404086e+00
7.830000e-06 9.609006e-02 -3.403910e+00
7.840000e-06 9.626450e-02 -3.403735e+00
7.850000e-06 9.643784e-02 -3.403562e+00
7.860000e-06 9.661008e-02 -3.403390e+00
7.870000e-06 9.678122e-02 -3.403219e+00
7.880000e-06 9.695127e-02 -3.403049e+00
7.890000e-06 9.712024e-02 -3.402880e+00
7.900000e-06 9.728814e-02 -3.402712e+00
7.910000e-06 9.745497e-02 -3.402545e+00
7.920000e-06 9.762073e-02 -3.402379e+00
7.930000e-06 9.778545e-02 -3.402215e+00
7.940000e-06 9.794912e-02 -3.402051e+00
7.950000e-06 9.811174e-02 -3.401888e+00
7.960000e-06 9.827333e-02 -3.401727e+00
7.970000e-06 9.843390e-02 -3.401566e+00
7.980000e-06 9.859344e-02 -3.401407e+00
7.990000e-06 9.875197e-02 -3.401248e+00
8.000000e-06 9.890949e-02 -3.401091e+00
8.010000e-06 9.906601e-02 -3.400934e+00
8.020000e-06 9.922153e-02 -3.400778e+00
8.030000e-06 9.937606e-02 -3.400624e+00
8.040000e-06 9.952961e-02 -3.400470e+00
8.050000e-06 9.968217e-02 -3.400318e+00
8.060000e-06 9.983377e-02 -3.400166e+00
8.070000e-06 9.998439e-02 -3.400016e+00
8.080000e-06 1.001341e-01 -3.399866e+00
8.090000e-06 1.002828e-01 -3.399717e+00
8.100000e-06 1.004305e-01 -3.399569e+00
8.110000e-06 1.005773e-01 -3.399423e+00
8.120000e-06 1.007232e-01 -3.399277e+00
8.130000e-06 1.008681e-01 -3.399132e+00
8.140000e-06 1.010122e-01 -3.398988e+00
8.150000e-06 1.011552e-01 -3.398845e+00
8.160000e-06 1.012974e-01 -3.398703e+00
8.170000e-06 1.014387e-01 -3.398561e+00
8.180000e-06 1.015790e-01 -3.398421e+00
8.190000e-06 1.017184e-01 -3.398282e+00
8.200000e-06 1.018570e-01 -3.398143e+00
8.210000e-06 1.019946e-01 -3.398005e+00
8.220000e-06 1.021314e-01 -3.397869e+00
8.230000e-06 1.022672e-01 -3.397733e+00
8.240000e-06 1.024022e-01 -3.397598e+00
8.250000e-06 1.025363e-01 -3.397464e+00
8.260000e-06 1.026696e-01 -3.397330e+00
8.270000e-06 1.028020e-01 -3.397198e+00
8.280000e-06 1.029335e-01 -3.397067e+00
8.290000e-06 1.030641e-01 -3.396936e+00
8.300000e-06 1.031939e-01 -3.396806e+00
8.310000e-06 1.033229e-01 -3.396677e+00
8.320000e-06 1.034510e-01 -3.396549e+00
8.330000e-06 1.035782e-01 -3.396422e+00
8.340000e-06 1.037047e-01 -3.396295e+00
8.350000e-06 1.038303e-01 -3.396170e+00
8.360000e-06 1.039550e-01 -3.396045e+00
8.370000e-06 1.040790e-01 -3.395921e+00
8.380000e-06 1.042021e-01 -3.395798e+00
8.390000e-06 1.043244e-01 -3.395676e+00
