0.000000e+00 3.029433e+00 -8.606725e-02
5.000000e-08 3.026537e+00 -8.896285e-02
1.000000e-07 3.023612e+00 -9.188762e-02
1.500000e-07 3.020632e+00 -9.486787e-02
2.000000e-07 3.017572e+00 -9.792754e-02
2.500000e-07 3.014412e+00 -1.010885e-01
3.000000e-07 3.011129e+00 -1.043707e-01
3.500000e-07 3.007707e+00 -1.077926e-01
4.000000e-07 3.004129e+00 -1.113709e-01
4.500000e-07 3.000379e+00 -1.151210e-01
5.000000e-07 2.996443e+00 -1.190569e-01
5.500000e-07 2.992309e+00 -1.231912e-01
6.000000e-07 2.987965e+00 -1.275353e-01
6.500000e-07 2.983401e+00 -1.320992e-01
7.000000e-07 2.978608e+00 -1.368920e-01
7.500000e-07 2.973578e+00 -1.419215e-01
8.000000e-07 2.968305e+00 -1.471945e-01
8.500000e-07 2.962783e+00 -1.527169e-01
9.000000e-07 2.957006e+00 -1.584936e-01
9.500000e-07 2.950971e+00 -1.645288e-01
1.000000e-06 2.944674e+00 -1.708260e-01
1.050000e-06 2.938112e+00 -1.773881e-01
1.100000e-06 2.931283e+00 -1.842173e-01
1.150000e-06 2.924184e+00 -1.913156e-01
1.200000e-06 2.916816e+00 -1.986844e-01
1.250000e-06 2.909175e+00 -2.063250e-01
1.300000e-06 2.901262e+00 -2.142381e-01
1.350000e-06 2.893075e+00 -2.224245e-01
1.400000e-06 2.884615e+00 -2.308848e-01
1.450000e-06 2.875881e+00 -2.396193e-01
1.500000e-06 2.866872e+00 -2.486282e-01
1.550000e-06 2.857588e+00 -2.579119e-01
1.600000e-06 2.848030e+00 -2.674705e-01
1.650000e-06 2.838196e+00 -2.773040e-01
1.700000e-06 2.828087e+00 -2.874126e-01
1.750000e-06 2.817704e+00 -2.977963e-01
1.800000e-06 2.807045e+00 -3.084552e-01
1.850000e-06 2.796111e+00 -3.193893e-01
1.900000e-06 2.784901e+00 -3.305985e-01
1.950000e-06 2.773417e+00 -3.420830e-01
2.000000e-06 2.761657e+00 -3.538426e-01
2.050000e-06 2.749622e+00 -3.658775e-01
2.100000e-06 2.737312e+00 -3.781876e-01
2.150000e-06 2.724727e+00 -3.907730e-01
2.200000e-06 2.711866e+00 -4.036335e-01
2.250000e-06 2.698731e+00 -4.167693e-01
2.300000e-06 2.685320e+00 -4.301804e-01
2.350000e-06 2.671633e+00 -4.438666e-01
2.400000e-06 2.657672e+00 -4.578281e-01
2.450000e-06 2.643435e+00 -4.720648e-01
2.500000e-06 2.628923e+00 -4.865767e-01
2.550000e-06 2.614136e+00 -5.013639e-01
2.600000e-06 2.599074e+00 -5.164263e-01
2.650000e-06 2.583736e+00 -5.317639e-01
2.700000e-06 2.568123e+00 -5.473768e-01
2.750000e-06 2.552235e+00 -5.632649e-01
2.800000e-06 2.536072e+00 -5.794282e-01
2.850000e-06 2.519633e+00 -5.958668e-01
2.900000e-06 2.502919e+00 -6.125805e-01
2.950000e-06 2.485930e+00 -6.295695e-01
3.000000e-06 2.468666e+00 -6.468338e-01
3.050000e-06 2.451127e+00 -6.643732e-01
3.100000e-06 2.433312e+00 -6.821879e-01
3.150000e-06 2.415222e+00 -7.002779e-01
3.200000e-06 2.396857e+00 -7.186430e-01
3.250000e-06 2.378217e+00 -7.372834e-01
3.300000e-06 2.359301e+00 -7.561990e-01
3.350000e-06 2.340110e+00 -7.753898e-01
3.400000e-06 2.320644e+00 -7.948559e-01
3.450000e-06 2.300903e+00 -8.145972e-01
3.500000e-06 2.280886e+00 -8.346137e-01
3.550000e-06 2.260595e+00 -8.549055e-01
3.600000e-06 2.240028e+00 -8.754725e-01
3.650000e-06 2.219185e+00 -8.963147e-01
3.700000e-06 2.198068e+00 -9.174321e-01
3.750000e-06 2.176675e+00 -9.388248e-01
3.800000e-06 2.155007e+00 -9.604927e-01
3.850000e-06 2.133064e+00 -9.824359e-01
3.900000e-06 2.110846e+00 -1.004654e+00
3.950000e-06 2.088352e+00 -1.027148e+00
4.000000e-06 2.065583e+00 -1.049917e+00
4.050000e-06 2.042539e+00 -1.072961e+00
4.100000e-06 2.019220e+00 -1.096280e+00
4.150000e-06 1.995626e+00 -1.119874e+00
4.200000e-06 1.971756e+00 -1.143744e+00
4.250000e-06 1.947611e+00 -1.167889e+00
4.300000e-06 1.923191e+00 -1.192309e+00
4.350000e-06 1.898495e+00 -1.217005e+00
4.400000e-06 1.873525e+00 -1.241975e+00
4.450000e-06 1.848279e+00 -1.267221e+00
4.500000e-06 1.822758e+00 -1.292742e+00
4.550000e-06 1.796961e+00 -1.318539e+00
4.600000e-06 1.770890e+00 -1.344610e+00
4.650000e-06 1.744543e+00 -1.370957e+00
4.700000e-06 1.717921e+00 -1.397579e+00
4.750000e-06 1.691024e+00 -1.424476e+00
4.800000e-06 1.663851e+00 -1.451649e+00
4.850000e-06 1.636403e+00 -1.479097e+00
4.900000e-06 1.608680e+00 -1.506820e+00
4.950000e-06 1.580682e+00 -1.534818e+00
5.000000e-06 1.223725e+00 -1.242275e+00
5.050000e-06 1.255936e+00 -1.210064e+00
5.100000e-06 1.288148e+00 -1.177852e+00
5.150000e-06 1.320359e+00 -1.145641e+00
5.200000e-06 1.352570e+00 -1.113430e+00
5.250000e-06 1.384781e+00 -1.081219e+00
5.300000e-06 1.745676e+00 -1.369824e+00
5.350000e-06 1.715068e+00 -1.400432e+00
5.400000e-06 1.684735e+00 -1.430765e+00
5.450000e-06 1.654677e+00 -1.460823e+00
5.500000e-06 1.624895e+00 -1.490605e+00
5.550000e-06 1.595388e+00 -1.520112e+00
5.600000e-06 1.566156e+00 -1.549344e+00
5.650000e-06 1.537200e+00 -1.578300e+00
5.700000e-06 1.508518e+00 -1.606982e+00
5.750000e-06 1.480112e+00 -1.635388e+00
5.800000e-06 1.451981e+00 -1.663519e+00
5.850000e-06 1.424126e+00 -1.691374e+00
5.900000e-06 1.396545e+00 -1.718955e+00
5.950000e-06 1.369240e+00 -1.746260e+00
6.000000e-06 1.342210e+00 -1.773290e+00
6.050000e-06 1.315455e+00 -1.800045e+00
6.100000e-06 1.288976e+00 -1.826524e+00
6.150000e-06 1.262771e+00 -1.852729e+00
6.200000e-06 1.236842e+00 -1.878658e+00
6.250000e-06 1.211188e+00 -1.904312e+00
6.300000e-06 1.185810e+00 -1.929690e+00
6.350000e-06 1.160706e+00 -1.954794e+00
6.400000e-06 1.135878e+00 -1.979622e+00
6.450000e-06 1.111325e+00 -2.004175e+00
6.500000e-06 1.087048e+00 -2.028452e+00
6.550000e-06 1.063045e+00 -2.052455e+00
6.600000e-06 1.039318e+00 -2.076182e+00
6.650000e-06 1.015866e+00 -2.099634e+00
6.700000e-06 9.926891e-01 -2.122811e+00
6.750000e-06 9.697875e-01 -2.145713e+00
6.800000e-06 9.471612e-01 -2.168339e+00
6.850000e-06 9.248101e-01 -2.190690e+00
6.900000e-06 9.027342e-01 -2.212766e+00
6.950000e-06 8.809336e-01 -2.234566e+00
7.000000e-06 8.594082e-01 -2.256092e+00
7.050000e-06 8.381580e-01 -2.277342e+00
7.100000e-06 8.171830e-01 -2.298317e+00
7.150000e-06 7.964833e-01 -2.319017e+00
7.200000e-06 7.760588e-01 -2.339441e+00
7.250000e-06 7.559096e-01 -2.359590e+00
7.300000e-06 7.360355e-01 -2.379464e+00
7.350000e-06 7.164367e-01 -2.399063e+00
7.400000e-06 6.971132e-01 -2.418387e+00
7.450000e-06 6.780648e-01 -2.437435e+00
7.500000e-06 6.592917e-01 -2.456208e+00
7.550000e-06 6.407938e-01 -2.474706e+00
7.600000e-06 6.225712e-01 -2.492929e+00
7.650000e-06 6.046237e-01 -2.510876e+00
7.700000e-06 5.869515e-01 -2.528548e+00
7.750000e-06 5.695546e-01 -2.545945e+00
7.800000e-06 5.524328e-01 -2.563067e+00
7.850000e-06 5.355863e-01 -2.579914e+00
7.900000e-06 5.190151e-01 -2.596485e+00
7.950000e-06 5.027190e-01 -2.612781e+00
8.000000e-06 4.866982e-01 -2.628802e+00
8.050000e-06 4.709526e-01 -2.644547e+00
8.100000e-06 4.554822e-01 -2.660018e+00
8.150000e-06 4.402871e-01 -2.675213e+00
8.200000e-06 4.253672e-01 -2.690133e+00
8.250000e-06 4.107225e-01 -2.704777e+00
8.300000e-06 3.963531e-01 -2.719147e+00
8.350000e-06 3.822589e-01 -2.733241e+00
8.400000e-06 3.684399e-01 -2.747060e+00
8.450000e-06 3.548961e-01 -2.760604e+00
8.500000e-06 3.416276e-01 -2.773872e+00
8.550000e-06 3.286343e-01 -2.786866e+00
8.600000e-06 3.159162e-01 -2.799584e+00
8.650000e-06 3.034734e-01 -2.812027e+00
8.700000e-06 2.913057e-01 -2.824194e+00
8.750000e-06 2.794133e-01 -2.836087e+00
8.800000e-06 2.677961e-01 -2.847704e+00
8.850000e-06 2.564540e-01 -2.859046e+00
8.900000e-06 2.453871e-01 -2.870113e+00
8.950000e-06 2.345953e-01 -2.880905e+00
9.000000e-06 2.240786e-01 -2.891421e+00
9.050000e-06 2.138368e-01 -2.901663e+00
9.100000e-06 2.038698e-01 -2.911630e+00
9.150000e-06 1.941775e-01 -2.921322e+00
9.200000e-06 1.847596e-01 -2.930740e+00
9.250000e-06 1.756157e-01 -2.939884e+00
9.300000e-06 1.667452e-01 -2.948755e+00
9.350000e-06 1.581475e-01 -2.957352e+00
9.400000e-06 1.498216e-01 -2.965678e+00
9.450000e-06 1.417661e-01 -2.973734e+00
9.500000e-06 1.339794e-01 -2.981521e+00
9.550000e-06 1.264592e-01 -2.989041e+00
9.600000e-06 1.192024e-01 -2.996298e+00
9.650000e-06 1.122053e-01 -3.003295e+00
9.700000e-06 1.054631e-01 -3.010037e+00
9.750000e-06 9.896965e-02 -3.016530e+00
9.800000e-06 9.271743e-02 -3.022783e+00
9.850000e-06 8.669714e-02 -3.028803e+00
9.900000e-06 8.089742e-02 -3.034603e+00
9.950000e-06 7.530452e-02 -3.040195e+00
1.000000e-05 6.990192e-02 -3.045598e+00
1.005000e-05 6.466989e-02 -3.050830e+00
1.010000e-05 5.958495e-02 -3.055915e+00
1.015000e-05 5.461923e-02 -3.060881e+00
1.020000e-05 4.973972e-02 -3.065760e+00
1.025000e-05 4.490713e-02 -3.070593e+00
